0.002930440571851254
0.002969431008542916
0.003009275844814329
0.0030500011974327985
0.003091634205580146
0.0031342030796239237
0.0031777371526334653
0.003222266934819604
0.0032678241710889094
0.003314441901918578
0.003362154527772596
0.003410997877297128
0.0034610092795510465
0.0035122276405467247
0.003564693524398325
0.0036184492393975362
0.0036735389293618428
0.0037300086706283752
0.003787906575095745
0.003847282899749319
0.003908190163140683
0.003970683269330964
0.004034819639850179
0.004100659354270688
0.004168265300044704
0.004237703332309738
0.004309042444427789
0.004382354950091598
0.0044577166779020344
0.004535207179405113
0.004614909951660631
0.004696912675518581
0.004781307470879575
0.004868191170340709
0.00495766561275375
0.005049837958371837
0.005144821027416034
0.005242733664074915
0.005343701128141798
0.005447855516717563
0.00555533621864089
0.005666290404588172
0.005780873556070139
0.005899250036901818
0.006021593711080018
0.006148088611429213
0.006278929663836998
0.006414323472422072
0.006554489171561839
0.006699659351364687
0.0068500810639074315
0.00700601691839083
0.007167746274299917
0.007335566542719594
0.007509794607143598
0.007690768376476947
0.007878848484463062
0.008074420151514586
0.008277895226916139
0.00848971443162263
0.008710349824472484
0.008940307517585339
0.009180130670104135
0.009430402793330194
0.009691751404778523
0.009964852073829583
0.010250432907615039
0.010549279532660619
0.010862240635800862
0.011190234137165609
0.011534254078853596
0.01189537832553508
0.012274777188003122
0.012673723098024897
0.013093601483240366
0.013535923014888098
0.01400233742957586
0.01449464916000871
0.015014835049684119
0.015565064474342836
0.016147722250182402
0.016765434777436937
0.017421099950601676
0.018117921466395705
0.018859448281632957
0.019649620120483394
0.020492820110543625
0.021393935847832876
0.02235843046254916
0.023392425593429297
0.024502798595922578
0.02569729683007588
0.026984672526890834
0.028374842554361873
0.029879078446040885
0.03151023338113417
0.033283014503153054
0.03521431115087282
0.03732359240864506
0.03963339107746228
0.042169896017091
0.04496368121771219
0.048050608489131494
0.051472952093671906
0.05528080910610066
0.059533880340378924
0.06430373560516607
0.06967671711478002
0.0757576908661585
0.08267493470922507
0.0905865640555801
0.09968905709648725
0.110228673999715
0.12251690301781659
0.13695156128547337
0.15404590246344776
0.17446913858211163
0.19910329581787867
0.22912340907615375
0.2661106832763858
0.3122107823266715
0.3703493411570565
0.4445061840110884
0.5400058922920467
0.6636459247703154
0.823118407584
1.024365396117827
1.2642971869366997
1.5169068863786201
1.7207121175035955
1.796098315594577
1.7062754771844406
1.4946532146996692
1.241276225439766
1.0043641687927851
0.8071257999440548
0.651334969667527
0.5306777962905032
0.4374804223740717
0.36507413133757033
0.30826833629053263
0.2631928667046062
0.22700460342544637
0.19761797080696547
0.1734950530165647
0.15349200456083786
0.13674939963722366
0.12261454544179896
0.1105863864932089
0.10027621225173915
0.09137941008578465
0.08365497041849042
0.0769104706352809
0.07099096380691142
0.06577067607051687
0.06114674341176943
0.05703444336817319
0.05336353279460601
0.05007541143366269
0.04712090746762737
0.044458535495628525
0.0420531162471484
0.03987467542277773
0.037897559512778484
0.03609972147420474
0.03446214027793306
0.03296834664320858
0.031604033522141646
0.03035673462544842
0.029215557886083245
0.02817096352460048
0.027214578517578945
0.02633904093157306
0.025537868883881272
0.024805349912721635
0.02413644734716811
0.023526720909546765
0.022972259296743732
0.02246962290013136
0.022015795158097543
0.021608141307420132
0.02124437352284387
0.020922521618661247
0.020640908639806773
0.02039813079958047
0.020193041331823577
0.020024737921507788
0.019892553462758353
0.01979604997062246
0.01973501554483628
0.01970946435321966
0.019719639671312628
0.019766020085986758
0.0198493290465199
0.019970548029761427
0.020130933679850582
0.0203320393911104
0.020575741929959646
0.020864273843509643
0.021200262586121798
0.021586777519507168
0.022027386218660155
0.022526221859727
0.023088063896452515
0.02371843477448923
0.02442371612125111
0.025211288727882003
0.026089701769093362
0.027068878166770942
0.028160364903645416
0.029377639583580147
0.03073648782068575
0.032255470406223466
0.033956505048633345
0.03586559537061399
0.0380137505758955
0.04043815391094994
0.04318365839399499
0.04630471666761167
0.04986789177512296
0.05395515236614799
0.05866823702635564
0.06413448960806872
0.07051473775533963
0.07801403565541726
0.08689645635818541
0.09750565053973241
0.1102936537374491
0.12586148969192515
0.14501649115316576
0.16885269614448428
0.19886110845491276
0.23707255241656666
0.28621719643996546
0.34982463331168856
0.4320228861919146
0.5364085551748949
0.6627147778486283
0.7999301143550573
0.9185138789449172
0.9752604248955302
0.943129323660991
0.8379585056845417
0.7022049799992386
0.5709260047580264
0.45988058757179945
0.37157377862453456
0.30304357698886614
0.2501325540811889
0.209093210947534
0.17696818240625506
0.15154065814249287
0.13117970521512884
0.11468944727046
0.1011892561715366
0.09002537759167402
0.08070764892943019
0.0728646373261732
0.06621184399723588
0.060529058576254756
0.055644106684940686
0.051421079907737144
0.04775172909190632
0.04454910851679975
0.04174283629505243
0.039275526334954396
0.03710007766956614
0.035177597166860926
0.0334757944930759
0.031967732372249924
0.030630846497504752
0.029446171844951585
0.02839772830027347
0.027472030270849226
0.026657693593234617
0.02594511944267653
0.025326239731442053
0.0247943120863936
0.02434375524021558
0.023970017782589153
0.02366947486357769
0.023439348744942565
0.02327765014795337
0.023183138218742978
0.023155297680858358
0.023194332413408236
0.023301175323101858
0.023477515004172392
0.023725840339351368
0.024049504925876944
0.024452814058935943
0.02494113802615151
0.02552105673139773
0.026200542267231015
0.02698918811691917
0.02789849635853117
0.028942237799077907
0.030136904711485918
0.031502282240455946
0.03306217323674961
0.03484532320765825
0.036886608585088486
0.03922857457990726
0.0419234414031638
0.04503574386273524
0.04864583563933183
0.05285458536963862
0.057789731109513895
0.06361456362655997
0.07053990740914463
0.07884080295040877
0.08887991665762748
0.1011405627244266
0.11627329856492248
0.13516108895661139
0.1590079784621274
0.18945176121661297
0.22868286863621862
0.2794949741389021
0.34504133601349185
0.4277332913388747
0.5262216890207752
0.6296749830668703
0.7127012885461753
0.7427125107841458
0.705037677626085
0.6178508620738433
0.5139683563785935
0.4170556645928388
0.3364633992478852
0.2728442099315152
0.2235899710741845
0.185557165809612
0.15602036721605514
0.1328601882954233
0.11449700861225931
0.0997706054350093
0.0878299784119723
0.07804765825492166
0.06995703248864886
0.06320761097394695
0.0575333345838747
0.05273010043863229
0.048639734377623735
0.04513847004260857
0.04212859155912585
0.03953231273055612
0.03728725093695356
0.03534304880751622
0.033658830095045
0.032201267908248704
0.03094310699802266
0.029862026174354406
0.028939758209959053
0.028161406847884058
0.027514916538140668
0.02699066217192262
0.026581134663073176
0.026280704651835705
0.026085451517299345
0.025993048744508786
0.026002699841512756
0.02611512170541507
0.02633257481065344
0.026658942029930716
0.027099860488279396
0.027662913799781523
0.028357895592038666
0.02919715970023328
0.030196078233449764
0.031373636464749985
0.032753203998898715
0.03436353611098042
0.03624007924613942
0.03842668294388138
0.04097786062552025
0.043961799290692306
0.047464401452668344
0.05159476386838925
0.05649267488360671
0.06233897163371546
0.06936997581735603
0.07789776629139032
0.08833878590024144
0.10125419530658947
0.1174062227564061
0.13783453398899956
0.1639522942286805
0.1976444403385366
0.2412982568798275
0.2975582365094355
0.3682964148265319
0.4518792028183884
0.538201588447234
0.6048797916734985
0.6249381890337665
0.5884899762199293
0.5128936825496888
0.4256260089731403
0.34539208401903065
0.2791298845933998
0.2269796643562864
0.18664601976151343
0.15550424730480705
0.13131270512694299
0.11233834740223482
0.09729243913507289
0.08522904797491723
0.0754542996795524
0.0674563834792057
0.06085453162446548
0.05536265032348693
0.05076356283901739
0.04689074068391981
0.04361527174165722
0.04083649071666553
0.03847518300473111
0.03646861047041787
0.03476683892167121
0.033330005143749494
0.032126269654637093
0.0311302759922437
0.030321989234468927
0.02968582291152266
0.02920998942667751
0.028886027901118497
0.0287084772935288
0.02867467331999812
0.028784656272226677
0.029041184178555758
0.02944985259312368
0.0300193292877483
0.030761719936859503
0.031693090314816735
0.03283418257220319
0.034211379188914766
0.03585799014824731
0.0378159695348396
0.0401382112430021
0.042891635888542404
0.046161371411799754
0.050056461671557896
0.054717730158731825
0.060328707459365284
0.06713093737817272
0.07544554612988748
0.08570370474085015
0.0984894323310943
0.11459858129232406
0.13511615752537082
0.16150548884410215
0.1956740165802278
0.2398998211801595
0.29630936361136245
0.3652491352120589
0.44173243757481256
0.5108650973479798
0.5488880650104115
0.5381086507680447
0.4838952854434692
0.4091076241671929
0.3346894307619888
0.27089398008971627
0.21987794181332587
0.18023208340270835
0.14965101343819287
0.12598693044404158
0.10752443977937125
0.09297186678253239
0.08137783645971844
0.07204521410555045
0.06446153647455319
0.058247344546061244
0.0531190951793042
0.04886286148073994
0.04531571295833195
0.042352481768444875
0.039876295059911644
0.03781174976279582
0.036099954968488224
0.034694907366562
0.03356082977770683
0.032670215734814365
0.03200240111339961
0.03154253845440924
0.03128088862905468
0.03121237317649727
0.031336352706959204
0.031656614904141116
0.03218157199402915
0.03292468392095887
0.03390514174668358
0.03514886811240322
0.036689920744697124
0.038572424764314675
0.0408532154620935
0.043605453278668584
0.04692358879117328
0.05093022479361876
0.05578566937393368
0.06170133014882676
0.06895860004340257
0.07793554317023789
0.0891444212937055
0.10328349290079666
0.12130517130923385
0.14449542022378947
0.1745350134381326
0.21344472653505545
0.26315041509447357
0.32409889325467167
0.39218156878696475
0.45461471742408266
0.49039550741052657
0.48302648542920296
0.436184916653064
0.3698983549747178
0.30323307029114543
0.24579887497844818
0.19977431743574872
0.1639896903408527
0.1363984487533267
0.11506941948160036
0.09845327044363618
0.0853814752535305
0.07499312045004962
0.0666576721367894
0.059912127999785285
0.05441422765121274
0.04990884280094693
0.046204152586732876
0.043154796377778915
0.04064992664498375
0.03860469382915101
0.0369541460275334
0.03564884417643473
0.03465171324810545
0.03393580152224657
0.03348272528214691
0.03328165087938847
0.03332872084592097
0.03362687329041248
0.03418603992307617
0.035023742406100566
0.03616614375032152
0.03764965603784031
0.0395232639392414
0.04185180360061024
0.044720550237443105
0.048241631903702835
0.05256302454129113
0.05788122397876035
0.06445916318540054
0.07265154946693445
0.0829404225978916
0.09598389304993546
0.11267912675561396
0.13423212030155635
0.16219949221454075
0.19839273649195466
0.244362118740931
0.29989299744243164
0.35994083855964804
0.4112775868305
0.4349443101634388
0.4195960827084035
0.37277171160912653
0.31317910482080885
0.2559216819410587
0.20765546212897376
0.16935410554403682
0.13968244789441614
0.11681910854885046
0.09913382112391012
0.08534391043494202
0.07448961191432302
0.06586594473512067
0.058957042722233344
0.05338420421410229
0.048867662863515696
0.04519927314325456
0.04222320542097668
0.03982233277150778
0.037908621000490646
0.03641633955650967
0.03529728133713362
0.034517440733876185
0.03405478236450381
0.03389786309718981
0.03404516614457536
0.034505082280072256
0.0352965406027177
0.03645035933441453
0.038011465579652015
0.04004223316454284
0.04262732419065293
0.04588061209977543
0.04995503623919068
0.05505661545957673
0.0614643385831356
0.06955817982538956
0.07985771924198849
0.09307265948109768
0.11016063233813991
0.13236823736980274
0.1611769572953348
0.1979462240788887
0.24281771693430365
0.2923590172639597
0.3366270245365615
0.36012414124528414
0.35180393480939065
0.31576901844061717
0.26702425674191105
0.218924436395757
0.17786055811238594
0.14509311238022662
0.11966276961322676
0.10007134820279354
0.08493660325453804
0.07315895537427071
0.06391233681685198
0.05658955320084488
0.050746851502481746
0.0460593703164653
0.04228817264482651
0.0392566708345476
0.036834005791733314
0.034923398797729
0.03345402605186399
0.032375405351957945
0.03165361171118004
0.031268875443956304
0.031214289482578057
0.03149548621850485
0.03213125757821049
0.03315520225886842
0.0346186074091982
0.036594926236945616
0.039186418027316275
0.04253379272484983
0.046830055583418316
0.05234012952462803
0.05942801033397958
0.0685924035686512
0.08050771464448796
0.0960537509647109
0.11627966232441792
0.1421571468052912
0.17381677066609247
0.20889300795937157
0.24042578254668107
0.25743417941799035
0.25190654332029877
0.22652573575599375
0.19188790453770654
0.15756816436728394
0.12820403744177475
0.10474251362860791
0.08651889844494472
0.07247008396891265
0.06161046266060512
0.053154688265678124
0.04651250968362715
0.04125019199972976
0.03705104913263628
0.033683659432988226
0.03097834720590513
0.02881039495918859
0.027088257860111563
0.025745375181807344
0.02473455662590301
0.024024241859323243
0.023596175554998038
0.02344422408972988
0.023574205434514453
0.024004730951296554
0.024769185150933914
0.025919113950009065
0.027529467791302015
0.029706356108813982
0.0325981766336726
0.03641102281703465
0.04142861362388865
0.04803409966039459
0.05672192647473779
0.06806302489662307
0.08252958965550075
0.09999528155132212
0.11874020788227732
0.13442872401243927
0.14106809297845813
0.13536390731922926
0.12002090629358217
0.10099144558549947
0.08289852557455221
0.06770808298340668
0.05566076942797361
0.046314683339181324
0.039094280952138405
0.033490353456190135
0.02910409680674845
0.025637777102157946
0.022873051986099447
0.020650473266577173
0.018853393342476082
0.01739618382933144
0.016215871001399755
0.015266287453382169
0.01451403274742219
0.013935738622615398
0.013516299880409801
0.013247858877669933
0.013129430243852465
0.013167135196882982
0.013375092721775152
0.013777096690212081
0.014409297164357144
0.015324187940215471
0.016596219529737718
0.018329106476248868
0.020663800791968254
0.02378262998026341
0.027895693089832866
0.03317419260756386
0.03956189778448247
0.04640340934766437
0.05207241278224624
0.054353940082572126
0.052073651687155914
0.04627782630611834
0.03917146336153949
0.03244129873746587
0.026794168702226322
0.022309305873820635
0.018820301370201537
0.016114154529672943
0.014003208667907533
0.012340681292703996
0.011016991133068726
0.00995171432821694
0.009086031560375917
0.00837680968484311
0.0077922701105408955
0.007308910363573761
0.006909346433507248
0.006580815293534173
0.006314151397347199
0.006103111311746238
0.005943966526670949
0.005835319726231391
0.005778128711781879
0.005775948446437583
0.005835427841861785
0.0059671235937710865
0.00618671018744639
0.006516641523091487
0.0069881595764597505
0.007642985882543018
0.00853242032850287
0.00970758637798352
0.011186901574666772
0.012880831774242
0.014482644863954019
0.01545465886296987
0.015325222724446134
0.014123738216644479
0.012349584240233366
0.01052388570257343
0.00892689443676299
0.007631717937412459
0.006613178042463458
0.005818137143489709
0.00519484423676789
0.004701303901860955
0.004305690247384902
0.003984511272712986
0.0037205565461414956
0.003501200476860504
0.0033171325916693706
0.003161445449583371
0.003028990873496467
0.002915929350984637
0.002819417047554873
0.002737391790241695
0.0026684323333310287
0.0026116748931587722
0.002566778393601833
0.002533936067090535
0.0025139367451167114
0.0025082846573859807
0.002519391079680226
0.0025508509489894564
0.0026078003809799286
0.0026972821349757277
0.0028283356102001425
0.003010975559073078
0.0032520305835651167
0.003544231808067008
0.0038467007940311765
0.004070855060648596
0.004112397628261658
0.003936199941308838
0.0036123721035341847
0.0032473927674162607
0.00291230195173676
0.002632801912176156
0.002408853583903028
0.0022313488800393753
0.002090059303374615
0.0019762911031989475
0.0018833319256194821
0.0018061899821301458
0.0017411990682412045
0.0016856683406796754
0.0016376131533994693
0.001595559416454539
0.0015584046749758098
0.001525320402402523
0.0014956836213505318
0.0014690293998770555
0.001445018465230529
0.001423416175244864
0.0014040805750005485
0.0013869584305365402
0.001372089123702247
0.0013596172081300482
0.001349815246486514
0.0013431189500097674
0.0013401754483448308
0.0013418992421470703
0.0013495096494775824
0.0013644658940552784
0.0013880797522812839
0.0014203507285006681
0.001457506129771573
0.0014890579642807091
0.0014991258857420134
0.0014769871406320387
0.0014275307433634738
0.0013661891304507195
0.0013062448436754412
0.0012538751863095375
0.001210185444249389
0.0011741325146210511
0.0011441748006126825
0.0011189048183896221
0.0010972053713563057
0.001078236047126322
0.00106137686759617
0.0010461721632164178
0.0010322857030681022
0.0010194675399350737
0.0010075302930891681
0.0009963324007853148
0.0009857663514240837
0.000975750442360216
0.0009662230592089342
0.0009571388004479432
0.0009484660151807352
0.0009401855044346176
0.0009322902825645627
0.0009247864227582053
0.0009176951259135352
0.0009110562364769512
0.0009049333939140211
0.000899420575029842
0.0008946481695673188
0.0008907819667169639
0.0008879963349429802
0.0008863783618284978
0.0008856944007705524
0.0008850177568194602
0.0008825811061419942
0.0008766180887797428
0.0008669177115833551
0.0008550391877929358
0.0008428489997105742
0.0008314414302252511
0.000821147344112948
0.0008119087360905391
0.0008035459123092812
0.0007958750299773192
0.0007887440548239493
0.0007820365701138166
0.0007756659738334266
0.0007695683254997678
0.0007636962781011176
0.0007580144882154974
0.0007524962994736441
0.0007471213900709534
0.0007418741149256579
0.0007367423398947319
0.0007317166248640369
0.0007267896579877743
0.0007219558765427878
0.0007172112341673917
0.000712553092822983
0.0007079802330900981
0.0007034929898474912
0.0006990935315705788
0.0006947863052279022
0.0006905786467313567
0.0006864814555946066
0.0006825095105573411
0.000678680133511138
0.0006750069426172729
0.0006714824241939326
0.0006680440488395488
0.0006645416896704847
0.0006607754871943874
0.000656644468088992
0.0006522473681567614
0.0006477818137319676
0.0006433956788624166
0.0006391491899800345
0.0006350474855498667
0.0006310744803499932
0.0006272102706662812
0.0006234373528830025
0.0006197419247762032
0.000616113527068279
0.0006125443155996623
0.0006090283841283418
0.0006055612346732614
0.0006021393893733098
0.0005987601134975712
0.0005954212196845098
0.0005921209299221876
0.0005888577783216551
0.0005856305429435718
0.0005824381987729905
0.0005792798867116573
0.0005761548955085217
0.0005730626551540918
0.0005700027416151433
0.0005669748939469495
0.000563979045567162
0.0005610153708157766
0.0005580843427804498
0.0005551867802688643
0.0005523238098943901
0.0005494965418546
0.0005467050178331231
0.0005439458229288882
0.000541208738003561
0.0005384766559924222
0.0005357352171484708
0.0005329858777751631
0.0005302439992391866
0.0005275249633748147
0.0005248366484644991
0.0005221807432455704
0.0005195560710043858
0.0005169606736755651
0.0005143926663808715
0.0005118504746625729
0.0005093328405854887
0.0005068387648109559
0.0005043674436121236
0.0005019182171451026
0.0004994905307728744
0.0004970839072174826
0.0004946979267940715
0.0004923322134326818
0.0004899864247883215
0.00048766024524438535
0.0004853533809933929
0.00048306555665272876
0.000480796513071339
0.0004785460061325886
0.0004763138064783205
0.00047409970018078224
0.00047190349046789283
0.00046972500061937103
0.0004675640779463524
0.00046542059791348286
0.00046329446484276844
0.00046118559876806423
0.000459093883227672
0.00045701902948830825
0.00045496033580178814
0.0004529165188420302
0.0004508861189499645
0.00044886854460482445
0.00044686449389317836
0.0004448750961451408
0.00044290104096632137
0.00044094246706553647
0.00043899920415046024
0.0004370709756797333
0.0004351574948922952
0.00043325849664556875
0.000431373742590225
0.00042950301784582695
0.00042764612609368736
0.0004258028852364792
0.0004239731240544954
0.00042215667976162874
0.0004203533962538709
0.0004185631228598809
0.00041678571344736426