 0.00428577
 0.00436194
 0.00444036
 0.00452113
 0.00460436
 0.00469013
 0.00477858
  0.0048698
 0.00496392
 0.00506107
 0.00516139
 0.00526501
  0.0053721
 0.00548282
 0.00559733
 0.00571582
 0.00583847
  0.0059655
 0.00609712
 0.00623357
 0.00637508
 0.00652192
 0.00667438
 0.00683274
 0.00699733
 0.00716849
 0.00734657
 0.00753199
 0.00772514
 0.00792648
  0.0081365
  0.0083557
 0.00858466
 0.00882396
 0.00907427
 0.00933627
 0.00961074
 0.00989848
  0.0102004
  0.0105175
  0.0108507
  0.0112013
  0.0115704
  0.0119595
  0.0123701
  0.0128037
  0.0132622
  0.0137475
  0.0142618
  0.0148075
  0.0153872
  0.0160039
  0.0166609
  0.0173617
  0.0181104
  0.0189115
  0.0197701
  0.0206918
  0.0216832
  0.0227513
  0.0239045
   0.025152
  0.0265045
  0.0279742
   0.029575
  0.0313232
  0.0332373
  0.0353391
   0.037654
  0.0402117
  0.0430474
  0.0462026
   0.049727
  0.0536801
  0.0581337
  0.0631752
  0.0689115
  0.0754744
  0.0830279
  0.0917777
   0.101984
    0.11398
   0.128196
   0.145193
   0.165711
   0.190739
   0.221606
   0.260119
   0.308744
   0.370832
   0.450858
   0.554498
   0.688069
   0.856113
    1.05496
    1.26091
    1.42095
    1.47053
    1.38522
     1.2058
   0.997888
   0.806445
   0.648243
   0.523703
   0.427363
   0.352955
   0.295121
   0.249718
   0.213665
   0.184701
   0.161169
   0.141844
   0.125815
   0.112399
   0.101075
  0.0914416
    0.08319
  0.0760762
  0.0699076
  0.0645303
  0.0598202
  0.0556767
  0.0520176
   0.048775
  0.0458929
  0.0433244
  0.0410303
  0.0389777
  0.0371387
  0.0354896
  0.0340102
  0.0326834
  0.0314944
  0.0304307
  0.0294815
  0.0286377
  0.0278913
  0.0272357
  0.0266654
  0.0261758
  0.0257631
  0.0254244
  0.0251576
  0.0249612
  0.0248344
  0.0247774
  0.0247908
  0.0248763
  0.0250362
  0.0252737
  0.0255934
  0.0260006
  0.0265023
  0.0271071
  0.0278255
  0.0286703
  0.0296576
  0.0308068
  0.0321422
  0.0336938
  0.0354989
  0.0376029
  0.0400598
  0.0429279
  0.0462611
  0.0500974
  0.0544738
  0.0594922
  0.0653877
    0.07252
  0.0813315
  0.0923561
   0.106273
   0.123961
   0.146512
   0.175091
   0.210418
   0.251501
   0.293661
   0.327952
   0.346035
   0.348526
   0.345649
   0.349225
   0.366928
   0.401542
   0.450485
    0.50315
   0.539685
    0.53994
   0.500454
   0.437293
   0.370032
   0.309586
   0.258693
   0.216832
    0.18307
   0.156458
   0.135933
   0.120431
    0.10902
     0.1009
  0.0952634
  0.0911551
  0.0876049
  0.0841405
  0.0810361
  0.0787659
  0.0772895
   0.075859
  0.0734784
  0.0696942
  0.0649307
  0.0600375
  0.0556936
   0.052208
  0.0496253
   0.047885
  0.0468924
  0.0465188
  0.0466301
  0.0471782
  0.0482515
  0.0499931
  0.0524539
  0.0554801
  0.0587154
  0.0618352
  0.0648552
  0.0680557
  0.0715933
  0.0754373
  0.0797227
  0.0849062
  0.0914566
  0.0994868
   0.108798
   0.119349
   0.131549
   0.145991
   0.162996
   0.182182
   0.202422
   0.222787
   0.243499
   0.265135
   0.286335
   0.302783
   0.309312
   0.303837
   0.289741
   0.273366
   0.259103
   0.247469
   0.236827
   0.226051
   0.215655
   0.206697
   0.199185
   0.191822
   0.183035
    0.17232
   0.160825
   0.150241
   0.141383
   0.134122
   0.128015
   0.122619
   0.117557
   0.112514
   0.107255
   0.101871
  0.0969575
  0.0932605
  0.0911458
   0.090477
  0.0907919
  0.0915021
  0.0921283
  0.0925269
  0.0928453
  0.0932439
  0.0937274
  0.0942332
    0.09483
  0.0958013
  0.0975487
   0.100438
   0.104638
   0.109858
   0.115252
   0.119882
   0.123399
   0.126242
   0.129263
   0.133252
   0.138717
   0.145849
   0.154388
   0.163431
   0.171793
   0.178921
   0.185061
    0.19035
   0.194154
   0.195499
   0.194064
   0.190444
   0.185491
    0.17987
   0.174209
   0.169169
   0.165185
   0.162177
   0.159596
   0.156798
   0.153478
   0.149792
    0.14605
   0.142414
   0.138875
   0.135344
   0.131755
   0.128156
   0.124686
   0.121489
   0.118675
   0.116308
   0.114362
   0.112781
   0.111626
   0.111071
   0.111189
   0.111818
   0.112667
   0.113516
   0.114307
    0.11506
   0.115763
   0.116407
   0.117076
    0.11796
   0.119273
   0.121105
   0.123321
   0.125608
   0.127682
   0.129472
   0.131109
   0.132743
   0.134413
   0.136114
   0.137906
   0.139891
   0.142049
   0.144129
   0.145743
   0.146638
    0.14683
   0.146447
   0.145591
   0.144365
   0.142908
   0.141347
   0.139745
   0.138118
   0.136482
   0.134868
   0.133302
   0.131777
   0.130292
   0.128906
   0.127715
   0.126782
   0.126035
   0.125264
   0.124262
   0.122983
   0.121559
   0.120196
   0.119044
   0.118123
   0.117318
   0.116461
   0.115484
   0.114468
   0.113597
   0.113058
   0.112945
   0.113216
   0.113746
   0.114409
   0.115101
   0.115754
   0.116366
   0.116996
   0.117751
   0.118718
   0.119886
   0.121153
   0.122409
   0.123576
    0.12459
   0.125455
   0.126282
   0.127179
   0.128108
   0.128877
   0.129276
     0.1292
   0.128715
   0.128034
   0.127428
   0.127089
    0.12702
    0.12706
    0.12703
   0.126868
   0.126628
    0.12641
    0.12627
   0.126178
   0.126023
   0.125664
   0.125023
   0.124168
   0.123325
   0.122781
   0.122694
   0.123006
   0.123519
   0.124002
   0.124265
   0.124246
   0.124071
    0.12402
   0.124407
   0.125447
   0.127148
   0.129282
   0.131432
   0.133133
   0.134103
   0.134422
   0.134446
   0.134537
   0.134909
   0.135687
   0.136984
   0.138877
   0.141312
   0.144103
   0.147021
   0.149882
   0.152507
   0.154637
   0.155973
   0.156325
   0.155697
   0.154302
   0.152541
   0.150889
   0.149699
    0.14904
   0.148698
   0.148338
   0.147714
   0.146805
   0.145827
   0.145123
   0.144991
   0.145522
   0.146561
   0.147839
   0.149155
   0.150421
   0.151589
   0.152604
   0.153464
   0.154242
   0.154941
   0.155401
   0.155402
   0.154842
   0.153781
   0.152404
   0.150982
   0.149821
   0.149123
   0.148844
    0.14868
   0.148256
   0.147378
    0.14611
     0.1447
    0.14346
   0.142654
    0.14237
   0.142454
   0.142615
   0.142615
   0.142349
   0.141808
   0.141018
   0.140013
   0.138812
   0.137383
   0.135657
   0.133592
   0.131253
   0.128835
   0.126605
    0.12485
    0.12381
   0.123574
   0.123971
   0.124591
    0.12497
   0.124849
   0.124321
   0.123717
   0.123375
   0.123481
   0.123996
   0.124679
   0.125201
   0.125344
   0.125114
   0.124651
   0.124086
   0.123495
   0.122925
   0.122403
   0.121938
   0.121531
   0.121208
   0.121067
   0.121256
   0.121903
    0.12307
   0.124736
    0.12672
   0.128625
   0.129959
   0.130388
   0.129921
   0.128872
    0.12763
   0.126479
   0.125545
   0.124808
   0.124164
   0.123521
   0.122874
   0.122285
    0.12181
   0.121478
   0.121312
   0.121344
   0.121612
   0.122134
   0.122913
   0.123951
   0.125225
   0.126656
   0.128117
   0.129475
    0.13058
   0.131245
   0.131258
   0.130482
   0.128954
   0.126898
   0.124629
   0.122421
   0.120441
   0.118741
    0.11729
   0.116031
   0.114958
   0.114147
   0.113678
   0.113558
   0.113694
   0.113949
   0.114217
   0.114467
   0.114712
   0.114954
   0.115145
   0.115186
   0.114972
   0.114446
    0.11361
   0.112492
   0.111118
   0.109531
   0.107825
    0.10617
   0.104782
   0.103814
   0.103293
    0.10313
   0.103203
    0.10343
   0.103779
   0.104244
   0.104797
   0.105364
   0.105836
    0.10612
     0.1062
   0.106152
   0.106081
   0.106006
   0.105822
   0.105355
   0.104484
   0.103216
   0.101645
  0.0998927
  0.0980968
  0.0964151
  0.0949813
  0.0938627
  0.0930634
  0.0925372
  0.0921834
  0.0918623
  0.0914621
  0.0909677
  0.0904514
    0.08999
  0.0895962
  0.0892068
  0.0887105
  0.0880075
   0.087071
  0.0859671
  0.0848035
  0.0836389
  0.0824483
  0.0811833
  0.0798495
  0.0785212
  0.0773066
  0.0762936
  0.0755098
  0.0749187
  0.0744437
  0.0740085
  0.0735824
  0.0731827
  0.0728091
  0.0723887
  0.0718068
  0.0709936
  0.0699682
  0.0687874
  0.0674775
  0.0660318
  0.0644496
  0.0627629
   0.061037
  0.0593503
  0.0577616
  0.0562881
  0.0549209
  0.0536595
  0.0525133
  0.0514757
  0.0505187
   0.049608
   0.048702
  0.0477375
  0.0466481
   0.045412
   0.044073
  0.0427079
  0.0413794
  0.0401152
  0.0389194
   0.037794
  0.0367437
  0.0357571
  0.0347975
  0.0338245
  0.0328272
  0.0318311
  0.0308827
  0.0300235
  0.0292614
  0.0285612
  0.0278679
  0.0271446
  0.0263842
  0.0255877
  0.0247469
  0.0238519
  0.0229025
  0.0219094
  0.0208939
  0.0198885
  0.0189305
  0.0180444
  0.0172319
  0.0164816
  0.0157859
  0.0151459
  0.0145654
  0.0140411
  0.0135589
  0.0131022
  0.0126641
  0.0122476
  0.0118552
  0.0114821
  0.0111176
  0.0107485
  0.0103637
 0.00995951
  0.0095423
 0.00912363
 0.00871434
 0.00832281
 0.00795488
  0.0076134
 0.00729813
 0.00700729
 0.00673977
  0.0064954
 0.00627301
 0.00606961
  0.0058816
  0.0057054
 0.00553729
 0.00537369
 0.00521132
 0.00504729
 0.00487969
 0.00470839
 0.00453478
 0.00436109
 0.00418993
 0.00402382
 0.00386462
  0.0037135
 0.00357171
 0.00344083
 0.00332195
 0.00321506
 0.00311912
  0.0030323
 0.00295241
 0.00287768
 0.00280715
 0.00274044
  0.0026771
 0.00261634
 0.00255739
 0.00249988
 0.00244373
 0.00238886
 0.00233497
 0.00228175
 0.00222915
 0.00217749
 0.00212732
  0.0020791
 0.00203311
 0.00198947
 0.00194817
 0.00190907
 0.00187207
 0.00183719
 0.00180452
 0.00177401
 0.00174536
 0.00171813
 0.00169184
  0.0016661
 0.00164072
  0.0016156
 0.00159072
 0.00156606
 0.00154167
 0.00151769
 0.00149432
 0.00147172
 0.00144996
 0.00142908
 0.00140909
    0.00139
  0.0013718
 0.00135441
 0.00133775
 0.00132172
 0.00130626
 0.00129129
 0.00127675
 0.00126257
 0.00124874
 0.00123523
 0.00122206
 0.00120922
 0.00119669
 0.00118446
 0.00117249
 0.00116076
 0.00114925
 0.00113793
 0.00112682
 0.00111592
 0.00110526
 0.00109484
 0.00108466
 0.00107471
 0.00106497
 0.00105542
 0.00104607
 0.00103692
 0.00102795
 0.00101917
 0.00101055
 0.00100208
0.000993748
0.000985535
0.000977436
0.000969449
 0.00096158
0.000953836
0.000946225
0.000938748
0.000931403
0.000924181
0.000917072
0.000910066
0.000903161
0.000896356
0.000889652
0.000883048
0.000876542
0.000870132
0.000863816
0.000857592
0.000851457
0.000845407
 0.00083944
0.000833553
0.000827742
0.000822008
0.000816348
0.000810761
0.000805245
0.000799798
 0.00079442
0.000789109
0.000783864
0.000778683
0.000773566
0.000768512
0.000763517
0.000758581
0.000753703
 0.00074888
0.000744113
  0.0007394
 0.00073474
0.000730134
0.000725579
0.000721075
0.000716621
0.000712217
 0.00070786
 0.00070355
0.000699287
0.000695068
0.000690895
0.000686767
0.000682683
0.000678641
0.000674643
0.000670686
0.000666769
0.000662893
0.000659057
0.000655259
  0.0006515
0.000647778
0.000644094
0.000640446
0.000636834
0.000633258
0.000629717
 0.00062621
0.000622737
0.000619298
0.000615891
0.000612517
0.000609175
0.000605864
0.000602584
0.000599336
0.000596117
0.000592928
0.000589768
0.000586638
0.000583536
0.000580462
0.000577417
0.000574398
0.000571407
0.000568442
0.000565504
0.000562592
0.000559705
0.000556843
0.000554007
0.000551195
0.000548408
0.000545644
0.000542905
0.000540188
0.000537495
0.000534825
0.000532177
0.000529551
0.000526948
0.000524366
0.000521805
0.000519266
0.000516748
 0.00051425
0.000511773
0.000509316
0.000506878
0.000504461
0.000502063
0.000499684
0.000497324
0.000494983
0.000492661
0.000490357
0.000488071
0.000485803
0.000483552
0.000481319
0.000479104
0.000476905
0.000474724
0.000472559
0.000470411
0.000468279
0.000466163
0.000464064
 0.00046198
0.000459911
0.000457859
0.000455821
0.000453799
0.000451792
0.000449799
0.000447821
0.000445858
0.000443909
0.000441974
0.000440053
0.000438146
0.000436253
0.000434373
0.000432507
0.000430654
0.000428815
0.000426988
0.000425174
0.000423373
0.000421585
0.000419809
0.000418046
0.000416295
0.000414556
0.000412829
0.000411114
0.000409411
0.000407719
0.000406039
0.000404371
0.000402713
0.000401067
0.000399432
0.000397808
0.000396195
0.000394593
0.000393001
 0.00039142
 0.00038985
0.000388289
0.000386739
  0.0003852
 0.00038367
 0.00038215