 0.0017653
0.00178012
0.00179513
0.00181036
0.00182579
0.00184143
0.00185728
0.00187336
0.00188966
0.00190619
0.00192296
0.00193996
 0.0019572
0.00197469
0.00199243
0.00201043
0.00202869
0.00204722
0.00206602
 0.0020851
0.00210447
0.00212412
0.00214407
0.00216432
0.00218488
0.00220576
0.00222695
0.00224848
0.00227034
0.00229255
 0.0023151
0.00233801
0.00236129
0.00238494
0.00240897
 0.0024334
0.00245822
0.00248345
 0.0025091
0.00253518
0.00256169
0.00258865
0.00261607
0.00264396
0.00267232
0.00270118
0.00273054
0.00276041
0.00279081
0.00282175
0.00285324
 0.0028853
0.00291794
0.00295117
0.00298502
0.00301949
 0.0030546
0.00309037
0.00312682
0.00316396
 0.0032018
0.00324038
0.00327971
 0.0033198
0.00336069
0.00340239
0.00344492
 0.0034883
0.00353257
0.00357774
0.00362384
0.00367089
0.00371893
0.00376798
0.00381808
0.00386924
0.00392151
0.00397491
0.00402948
0.00408526
0.00414228
0.00420058
 0.0042602
0.00432118
0.00438356
0.00444739
0.00451271
0.00457957
0.00464803
0.00471813
0.00478992
0.00486347
0.00493884
0.00501608
0.00509525
0.00517643
0.00525969
0.00534509
0.00543272
0.00552265
0.00561496
0.00570975
 0.0058071
0.00590712
0.00600988
0.00611552
0.00622412
0.00633581
0.00645071
0.00656894
0.00669063
0.00681593
0.00694498
0.00707793
0.00721495
0.00735621
0.00750188
0.00765216
0.00780723
0.00796733
0.00813265
0.00830345
0.00847996
0.00866246
 0.0088512
 0.0090465
0.00924865
  0.009458
0.00967488
0.00989967
 0.0101328
 0.0103746
 0.0106255
 0.0108862
 0.0111569
 0.0114384
 0.0117311
 0.0120357
 0.0123528
 0.0126832
 0.0130276
 0.0133868
 0.0137616
  0.014153
 0.0145621
 0.0149899
 0.0154375
 0.0159062
 0.0163974
 0.0169125
 0.0174531
  0.018021
 0.0186181
 0.0192463
 0.0199079
 0.0206053
 0.0213411
 0.0221183
   0.02294
 0.0238097
 0.0247311
 0.0257086
 0.0267468
 0.0278507
 0.0290261
 0.0302793
 0.0316172
 0.0330479
 0.0345799
  0.036223
 0.0379884
 0.0398884
  0.041937
 0.0441501
 0.0465456
 0.0491443
 0.0519695
 0.0550482
 0.0584116
 0.0620956
  0.066142
 0.0705994
  0.075525
 0.0809861
 0.0870621
 0.0938478
  0.101457
  0.110025
  0.119718
  0.130738
  0.143334
  0.157811
  0.174554
  0.194046
  0.216899
  0.243898
   0.27606
  0.314707
  0.361578
  0.418975
  0.489947
  0.578532
  0.689993
  0.830946
   1.00903
   1.23129
   1.49965
    1.8015
   2.09646
   2.31183
   2.37085
   2.24872
   1.99494
   1.69067
   1.39801
   1.14589
  0.940239
  0.776486
  0.647052
  0.544573
  0.462916
  0.397287
  0.344032
  0.300397
  0.264303
  0.234176
  0.208813
  0.187291
  0.168892
  0.153055
  0.139336
   0.12738
  0.116904
  0.107678
 0.0995132
 0.0922566
 0.0857801
 0.0799776
 0.0747604
 0.0700534
 0.0657936
 0.0619268
 0.0584072
 0.0551953
 0.0522568
 0.0495624
 0.0470864
 0.0448064
 0.0427029
 0.0407586
 0.0389586
 0.0372893
  0.035739
 0.0342971
 0.0329543
 0.0317021
 0.0305332
 0.0294408
 0.0284189
  0.027462
 0.0265652
 0.0257242
 0.0249348
 0.0241935
  0.023497
 0.0228423
 0.0222266
 0.0216474
 0.0211025
 0.0205897
 0.0201073
 0.0196534
 0.0192264
  0.018825
 0.0184478
 0.0180935
  0.017761
 0.0174493
 0.0171576
 0.0168848
 0.0166304
 0.0163934
 0.0161734
 0.0159697
 0.0157818
 0.0156093
 0.0154517
 0.0153086
 0.0151798
  0.015065
  0.014964
 0.0148765
 0.0148025
 0.0147419
 0.0146946
 0.0146605
 0.0146399
 0.0146326
  0.014639
 0.0146591
 0.0146931
 0.0147414
 0.0148043
 0.0148821
 0.0149754
 0.0150847
 0.0152104
 0.0153534
 0.0155144
 0.0156941
 0.0158936
 0.0161138
 0.0163561
 0.0166216
 0.0169118
 0.0172283
 0.0175731
 0.0179479
 0.0183553
 0.0187975
 0.0192775
 0.0197985
 0.0203639
 0.0209778
 0.0216448
 0.0223699
  0.023159
 0.0240186
 0.0249564
 0.0259811
 0.0271026
 0.0283324
 0.0296841
 0.0311732
 0.0328181
 0.0346403
 0.0366655
 0.0389243
 0.0414533
  0.044297
 0.0475096
 0.0511575
 0.0553234
 0.0601103
 0.0656486
 0.0721035
 0.0796863
  0.088667
 0.0993878
  0.112271
  0.127806
  0.146476
  0.168578
  0.193896
  0.221444
  0.249887
  0.279068
   0.31139
  0.351341
  0.403844
  0.473062
  0.561403
   0.66728
  0.780767
  0.879366
   0.93179
   0.91613
   0.83816
  0.726007
  0.608641
  0.503151
  0.415392
  0.345058
  0.289554
  0.245927
  0.211582
  0.184452
  0.162963
  0.145939
  0.132523
  0.122098
   0.11424
  0.108682
  0.105295
  0.104078
  0.105158
  0.108787
  0.115324
  0.125141
  0.138381
  0.154419
  0.171028
   0.18387
  0.187792
   0.18029
  0.163683
  0.143042
  0.122701
  0.104876
 0.0901516
 0.0783099
 0.0688758
 0.0613654
 0.0553703
 0.0505717
 0.0467313
 0.0436757
 0.0412833
 0.0394726
 0.0381906
 0.0373977
 0.0370399
 0.0370023
 0.0370572
 0.0368741
 0.0361691
 0.0349114
  0.033338
 0.0317557
 0.0303741
 0.0292811
 0.0284899
 0.0279844
  0.027745
 0.0277595
 0.0280273
 0.0285617
 0.0293906
 0.0305584
  0.032126
  0.034167
 0.0367507
 0.0398993
 0.0435014
 0.0472048
 0.0504205
  0.052626
 0.0538357
 0.0546828
  0.056007
 0.0584773
 0.0625102
 0.0682993
 0.0757448
  0.084209
 0.0922552
  0.097887
 0.0996824
  0.097877
 0.0939179
 0.0891382
  0.084264
 0.0797773
 0.0761379
 0.0736618
 0.0724782
 0.0726551
 0.0742941
 0.0775242
 0.0824729
 0.0892602
  0.098031
  0.109063
  0.122918
  0.140468
  0.162688
  0.190224
  0.222669
  0.257508
  0.289551
  0.312756
  0.324628
   0.32846
  0.329936
  0.332157
  0.333607
  0.329398
  0.315147
   0.29125
  0.262972
  0.236442
  0.215486
  0.201179
  0.192478
  0.186773
  0.180756
  0.172176
  0.161265
  0.150104
  0.140763
   0.13421
  0.130368
  0.128754
   0.12911
  0.131404
   0.13513
  0.138723
  0.140005
   0.13769
  0.132326
  0.125444
   0.11818
  0.110954
  0.104062
 0.0981323
 0.0939202
 0.0918948
 0.0920434
 0.0938507
 0.0963989
 0.0986705
  0.099926
 0.0999203
 0.0989974
 0.0980364
  0.098048
 0.0995845
  0.102398
  0.105549
  0.107899
  0.108598
  0.107198
  0.103739
 0.0988353
 0.0933056
 0.0876906
 0.0822644
 0.0773239
 0.0732768
 0.0705081
 0.0692366
 0.0694374
 0.0708261
 0.0729498
 0.0754085
  0.078041
 0.0808771
 0.0838766
 0.0866943
 0.0888159
 0.0899742
 0.0902238
 0.0896087
  0.088009
 0.0854226
  0.082338
 0.0796517
  0.078205
 0.0785156
 0.0808326
 0.0852469
 0.0916998
 0.0999445
  0.109492
  0.119551
  0.129115
  0.137121
  0.142402
  0.143907
  0.141398
  0.135493
  0.127143
  0.117593
  0.108369
  0.100771
  0.095475
    0.0925
 0.0913621
 0.0913342
 0.0918953
 0.0930958
 0.0954331
 0.0994277
   0.10536
  0.113185
  0.122499
  0.132703
  0.143438
  0.154816
  0.166905
  0.179064
  0.190087
  0.198858
  0.204385
  0.205527
  0.201513
  0.192908
  0.181923
  0.171493
  0.163937
  0.160292
  0.160215
  0.162059
  0.163397
   0.16224
   0.15814
  0.152039
   0.14533
  0.139246
  0.134686
  0.132027
  0.130904
  0.130323
  0.129167
  0.126611
  0.122187
  0.115826
    0.1081
  0.100209
 0.0934442
 0.0886849
 0.0863252
 0.0864553
 0.0890324
  0.093964
  0.101087
      0.11
   0.11974
  0.128545
  0.134192
  0.135155
  0.131752
  0.125998
  0.120195
  0.115868
  0.113663
  0.113418
  0.113998
  0.113489
  0.110297
  0.104415
 0.0972731
 0.0904375
 0.0847749
 0.0804971
 0.0774801
 0.0754486
 0.0740535
 0.0729961
 0.0722338
 0.0720356
 0.0727746
 0.0746931
  0.077801
 0.0818645
 0.0864476
 0.0910842
 0.0955826
  0.100186
  0.105333
  0.111206
  0.117458
  0.123368
  0.128407
  0.132739
  0.137108
  0.142317
  0.148786
  0.156349
  0.164395
  0.172268
  0.179472
  0.185571
    0.1902
  0.193264
  0.194791
  0.194457
  0.191713
   0.18656
  0.179886
  0.173004
  0.166999
  0.162262
  0.158303
   0.15421
  0.149628
  0.145038
  0.140827
  0.136443
  0.130776
  0.123334
  0.114802
  0.106463
 0.0993906
 0.0941474
  0.090869
 0.0893676
 0.0891663
 0.0894668
 0.0892825
 0.0879865
 0.0858089
 0.0835808
 0.0820642
 0.0816042
 0.0822079
 0.0838362
 0.0865826
 0.0904771
 0.0951473
 0.0998264
  0.103746
  0.106409
  0.107567
  0.107348
  0.106425
  0.105557
  0.104885
  0.103978
  0.102518
   0.10066
 0.0987224
 0.0968544
 0.0949937
  0.092916
  0.090323
 0.0869402
  0.082576
 0.0772659
  0.071409
 0.0656189
 0.0604057
 0.0560019
 0.0524243
 0.0496314
  0.047612
 0.0463675
 0.0458765
 0.0461195
 0.0471441
 0.0490765
 0.0520416
 0.0560369
 0.0607997
 0.0657351
 0.0700731
 0.0733151
  0.075615
  0.077671
 0.0802293
 0.0836328
 0.0876757
 0.0917855
 0.0954428
 0.0985134
  0.101205
  0.103788
  0.106304
   0.10844
  0.109654
  0.109442
  0.107638
  0.104648
  0.101315
 0.0985954
 0.0973645
 0.0982704
  0.101596
  0.107186
  0.114371
  0.121904
  0.128009
  0.130748
  0.128776
  0.122211
  0.112727
  0.102586
 0.0934861
 0.0860853
 0.0801903
 0.0751582
 0.0702911
 0.0652374
 0.0601705
 0.0555248
 0.0515968
 0.0483806
 0.0456439
 0.0431117
 0.0406471
 0.0383032
 0.0362209
 0.0345153
 0.0332475
 0.0324431
  0.032095
 0.0321517
 0.0325348
 0.0332049
 0.0342198
 0.0356999
 0.0377238
 0.0402461
 0.0430824
 0.0459948
 0.0488693
 0.0518333
 0.0551324
 0.0588141
  0.062468
 0.0653018
 0.0666582
 0.0665456
 0.0655619
 0.0643617
 0.0632968
 0.0623999
 0.0614973
 0.0603094
 0.0586219
 0.0564965
 0.0542322
 0.0521303
 0.0503781
 0.0490461
 0.0480882
 0.0474011
 0.0469356
 0.0466973
 0.0466711
 0.0468823
 0.0474984
 0.0487142
 0.0504969
 0.0524548
 0.0539436
 0.0543847
 0.0535935
 0.0518231
 0.0495379
 0.0471501
 0.0448946
 0.0428749
 0.0411135
 0.0395401
 0.0380404
 0.0365606
 0.0351619
 0.0339863
 0.0331601
 0.0327044
 0.0325341
 0.0325362
 0.0326337
 0.0327672
 0.0328522
 0.0328082
 0.0326219
 0.0323194
 0.0318783
  0.031201
 0.0301606
 0.0287108
 0.0269719
  0.025183
 0.0235787
  0.022315
 0.0214724
 0.0210797
 0.0211105
 0.0214404
 0.0218067
 0.0218574
 0.0213325
 0.0202333
 0.0187874
 0.0172644
 0.0158477
 0.0146285
 0.0136409
 0.0128851
 0.0123405
 0.0119757
 0.0117531
 0.0116399
 0.0116212
 0.0117026
 0.0118952
 0.0121866
 0.0125088
 0.0127475
 0.0128131
 0.0127134
 0.0125369
 0.0123771
 0.0122871
 0.0122832
 0.0123576
 0.0124822
 0.0126111
  0.012689
  0.012678
 0.0125877
  0.012471
 0.0123775
 0.0123176
  0.012275
 0.0122444
 0.0122443
 0.0122898
 0.0123659
 0.0124249
 0.0124141
  0.012321
 0.0121788
 0.0120108
 0.0117951
 0.0114934
 0.0110942
 0.0106237
 0.0101259
0.00963541
0.00916866
0.00873447
0.00834271
0.00799847
0.00769579
0.00742141
0.00716045
0.00689745
0.00661611
0.00630193
 0.0059532
0.00559214
0.00525638
0.00497694
0.00476424
0.00460669
0.00447683
 0.0043439
0.00418993
0.00401779
0.00384469
0.00369001
0.00356674
0.00347804
 0.0034185
0.00337893
 0.0033525
 0.0033381
0.00333694
0.00334662
0.00335937
0.00336324
0.00334287
0.00328364
0.00318163
0.00304897
0.00290596
0.00276936
0.00264844
0.00254617
0.00246084
0.00238768
0.00232098
0.00225638
0.00219301
0.00213335
0.00208025
0.00203408
0.00199254
 0.0019532
  0.001916
0.00188309
0.00185661
0.00183716
0.00182364
0.00181388
0.00180565
0.00179785
0.00179102
0.00178656
0.00178511
0.00178556
0.00178545
0.00178178
0.00177179
0.00175379
0.00172783
0.00169672
0.00166556
0.00163925
0.00162022
0.00160778
0.00159837
0.00158628
0.00156609
0.00153603
0.00149824
0.00145619
0.00141246
0.00136886
0.00132737
0.00129012
0.00125854
0.00123313
0.00121375
0.00119995
0.00119098
0.00118581
0.00118357