 0.00293079
 0.00296983
 0.00300973
 0.00305051
 0.00309219
 0.00313482
 0.00317842
 0.00322301
 0.00326863
 0.00331532
 0.00336311
 0.00341202
 0.00346212
 0.00351342
 0.00356597
 0.00361981
   0.003675
 0.00373156
 0.00378956
 0.00384905
 0.00391007
 0.00397268
 0.00403694
  0.0041029
 0.00417064
 0.00424022
 0.00431171
 0.00438517
  0.0044607
 0.00453836
 0.00461824
 0.00470042
 0.00478501
  0.0048721
 0.00496179
 0.00505419
 0.00514941
 0.00524757
  0.0053488
 0.00545323
   0.005561
 0.00567226
 0.00578717
 0.00590588
 0.00602858
 0.00615546
 0.00628669
 0.00642251
 0.00656312
 0.00670876
 0.00685968
 0.00701614
 0.00717842
 0.00734683
 0.00752168
 0.00770332
  0.0078921
 0.00808842
 0.00829269
 0.00850535
 0.00872689
  0.0089578
 0.00919865
 0.00945001
 0.00971252
 0.00998687
  0.0102738
   0.010574
  0.0108885
  0.0112182
  0.0115639
   0.011927
  0.0123084
  0.0127095
  0.0131318
  0.0135766
  0.0140458
  0.0145411
  0.0150645
  0.0156183
  0.0162048
  0.0168266
  0.0174868
  0.0181886
  0.0189356
  0.0197317
  0.0205814
  0.0214897
  0.0224621
  0.0235049
  0.0246249
  0.0258302
  0.0271295
   0.028533
  0.0300521
     0.0317
  0.0334916
  0.0354441
  0.0375773
  0.0399144
  0.0424819
  0.0453112
   0.048439
  0.0519084
  0.0557709
  0.0600876
  0.0649319
  0.0703926
  0.0765776
  0.0836188
  0.0916793
   0.100962
   0.111721
   0.124279
   0.139049
   0.156564
   0.177519
   0.202835
   0.233737
   0.271879
   0.319508
   0.379688
   0.456584
   0.555746
   0.684183
   0.849591
    1.05721
    1.30157
    1.55181
    1.74129
    1.79214
    1.67919
    1.45592
     1.2021
   0.970428
   0.779767
   0.629917
   0.514038
   0.424508
   0.354874
    0.30016
   0.256673
   0.221701
   0.193257
   0.169873
   0.150455
   0.134181
   0.120426
   0.108708
  0.0986534
  0.0899696
  0.0824239
  0.0758305
  0.0700397
  0.0649299
  0.0604014
  0.0563721
  0.0527738
  0.0495496
  0.0466518
  0.0440399
  0.0416798
  0.0395423
  0.0376023
  0.0358384
  0.0342321
  0.0327673
    0.03143
  0.0302081
   0.029091
  0.0280694
  0.0271351
  0.0262811
  0.0255009
  0.0247891
  0.0241407
  0.0235516
   0.023018
  0.0225366
  0.0221046
  0.0217195
  0.0213791
  0.0210818
  0.0208261
  0.0206107
  0.0204348
  0.0202978
  0.0201993
  0.0201393
  0.0201178
  0.0201354
  0.0201928
  0.0202911
  0.0204317
  0.0206163
  0.0208471
  0.0211267
  0.0214583
  0.0218455
  0.0222927
   0.022805
  0.0233885
  0.0240503
  0.0247989
   0.025644
  0.0265977
   0.027674
  0.0288899
   0.030266
  0.0318274
   0.033605
  0.0356372
  0.0379721
  0.0406697
  0.0438052
  0.0474698
  0.0517665
  0.0567917
   0.062595
  0.0691356
  0.0763306
  0.0842782
  0.0934574
   0.104645
   0.118737
   0.136735
   0.159873
   0.189767
   0.228487
   0.278431
   0.341605
   0.417552
    0.49925
   0.568932
    0.60219
   0.586035
   0.532306
   0.466104
   0.407089
   0.364256
   0.339837
   0.333391
   0.343361
   0.366206
   0.393798
   0.411971
   0.406182
   0.373237
   0.323885
    0.27211
   0.226395
   0.189386
   0.160663
   0.138787
   0.122144
   0.109151
  0.0983651
  0.0888057
  0.0801882
  0.0726607
  0.0663729
   0.061324
  0.0574205
  0.0545577
  0.0526598
  0.0516842
  0.0515907
  0.0522631
  0.0533884
  0.0544142
  0.0548325
  0.0546765
  0.0545595
  0.0551544
  0.0567478
  0.0590642
  0.0612606
  0.0622563
  0.0613807
  0.0587694
  0.0551989
  0.0515769
  0.0485312
  0.0463349
  0.0450129
  0.0444812
  0.0446686
  0.0455718
  0.0472164
   0.049573
  0.0524921
  0.0557415
   0.059223
  0.0631899
  0.0681796
  0.0747574
  0.0833013
  0.0938173
   0.105766
   0.118225
   0.130662
   0.143392
    0.15663
   0.169342
   0.180131
   0.189505
   0.200115
   0.214649
   0.234189
   0.257304
    0.27959
    0.29534
   0.301377
   0.298734
   0.290641
   0.280508
    0.27077
   0.262211
   0.254665
   0.247753
   0.240078
   0.228997
    0.21319
   0.194785
   0.177567
   0.164044
   0.154624
    0.14862
   0.145466
   0.144841
    0.14581
   0.146315
   0.144293
    0.13954
   0.133516
   0.127435
   0.121499
   0.115534
   0.109608
   0.104074
  0.0993332
  0.0954971
  0.0922813
   0.089343
    0.08672
  0.0848426
  0.0842149
  0.0851141
  0.0873704
  0.0903019
  0.0929192
  0.0943223
  0.0941626
   0.092835
  0.0911164
  0.0897131
  0.0891691
  0.0898535
  0.0917924
  0.0945043
  0.0971181
  0.0989376
  0.0999641
   0.100654
   0.101414
    0.10255
    0.10435
   0.107059
   0.110855
   0.115756
   0.121629
    0.12831
   0.135552
   0.142835
   0.149443
   0.154818
    0.15885
   0.161997
   0.164983
   0.168131
   0.170987
   0.172681
   0.172924
   0.172393
   0.171743
   0.170959
   0.169898
   0.168652
   0.167297
    0.16574
   0.163906
   0.161854
   0.159513
   0.156362
   0.151727
   0.145624
   0.139092
   0.133427
   0.129316
   0.126753
   0.125369
   0.124611
   0.123855
   0.122629
   0.120833
   0.118672
   0.116363
   0.114035
   0.111778
   0.109652
   0.107708
   0.106029
    0.10475
   0.103976
   0.103631
   0.103452
    0.10323
   0.102993
   0.102872
   0.102953
   0.103289
   0.103917
   0.104795
   0.105788
   0.106727
   0.107466
   0.107936
   0.108156
   0.108262
   0.108562
   0.109468
   0.111173
   0.113447
   0.115822
   0.117925
   0.119629
   0.121015
   0.122285
    0.12369
   0.125438
   0.127582
   0.129983
   0.132403
   0.134619
   0.136488
   0.137962
   0.139065
   0.139806
   0.140126
   0.139963
   0.139375
   0.138568
     0.1377
   0.136682
   0.135314
   0.133615
   0.131912
   0.130601
   0.129847
     0.1295
   0.129247
   0.128806
   0.128039
   0.127011
   0.125973
   0.125198
   0.124804
   0.124679
   0.124599
   0.124412
   0.124104
   0.123751
   0.123437
   0.123187
   0.122958
   0.122686
   0.122315
   0.121819
   0.121255
   0.120762
   0.120465
   0.120394
   0.120509
   0.120784
   0.121245
   0.121932
   0.122845
   0.123954
    0.12522
   0.126627
   0.128185
   0.129909
   0.131808
   0.133855
   0.135915
   0.137802
   0.139453
   0.141008
   0.142715
    0.14475
   0.147085
   0.149512
   0.151757
   0.153586
   0.154891
   0.155725
    0.15626
   0.156644
   0.156897
   0.156973
   0.156865
   0.156625
   0.156299
   0.155864
   0.155221
   0.154268
   0.152983
   0.151445
   0.149793
   0.148157
   0.146601
   0.145153
    0.14384
   0.142652
   0.141499
   0.140299
   0.139097
   0.138026
   0.137156
   0.136435
   0.135773
   0.135127
    0.13448
   0.133781
   0.132953
   0.131973
     0.1309
   0.129855
   0.128982
   0.128404
   0.128182
   0.128291
   0.128643
   0.129093
   0.129491
   0.129752
    0.12989
   0.129957
   0.129976
   0.129911
   0.129695
   0.129291
   0.128735
   0.128132
   0.127596
   0.127185
    0.12687
    0.12656
   0.126132
   0.125505
   0.124671
   0.123671
   0.122531
   0.121236
    0.11976
   0.118129
   0.116474
   0.115011
   0.113906
   0.113176
   0.112715
   0.112397
   0.112147
   0.111929
    0.11168
   0.111305
   0.110778
   0.110193
   0.109673
   0.109276
   0.108967
   0.108651
   0.108222
   0.107612
   0.106826
   0.105956
   0.105145
    0.10453
   0.104205
   0.104199
   0.104469
   0.104942
    0.10556
    0.10628
   0.107054
    0.10783
   0.108548
   0.109153
    0.10962
    0.10998
   0.110301
   0.110643
   0.111042
   0.111496
   0.111967
   0.112425
    0.11287
   0.113309
   0.113704
   0.113966
   0.113996
   0.113745
    0.11325
   0.112602
    0.11189
   0.111166
   0.110416
   0.109557
   0.108508
    0.10727
    0.10595
    0.10469
   0.103582
   0.102643
   0.101848
   0.101161
   0.100533
  0.0998984
  0.0991937
  0.0983877
  0.0975013
  0.0965946
  0.0957254
  0.0949297
  0.0942406
  0.0936925
  0.0932985
  0.0930227
  0.0927737
  0.0924461
   0.091977
   0.091367
  0.0906566
  0.0898843
  0.0890714
  0.0882435
  0.0874414
  0.0867074
  0.0860567
  0.0854575
  0.0848544
  0.0842105
  0.0835217
  0.0828089
   0.082113
  0.0814919
  0.0810019
  0.0806599
  0.0804148
  0.0801602
   0.079782
  0.0792089
  0.0784355
  0.0775133
  0.0765137
  0.0754865
  0.0744597
  0.0734654
  0.0725325
  0.0716638
  0.0708251
  0.0699562
  0.0690013
  0.0679459
  0.0668384
  0.0657691
  0.0648171
   0.064009
  0.0633192
  0.0627038
  0.0621402
  0.0616348
  0.0611925
  0.0607899
  0.0603765
  0.0599003
  0.0593354
  0.0586872
  0.0579778
  0.0572261
  0.0564352
  0.0555941
  0.0546857
  0.0536932
  0.0526071
  0.0514341
  0.0501986
  0.0489347
  0.0476782
  0.0464611
  0.0453041
  0.0442097
  0.0431662
  0.0421498
  0.0411237
  0.0400567
  0.0389526
  0.0378593
  0.0368449
  0.0359614
  0.0352256
  0.0346147
  0.0340681
  0.0335099
  0.0328873
  0.0321925
  0.0314483
  0.0306844
  0.0299243
  0.0291824
    0.02847
  0.0277992
  0.0271775
  0.0265983
  0.0260354
  0.0254492
   0.024806
  0.0240958
  0.0233359
  0.0225575
  0.0217892
  0.0210517
    0.02036
  0.0197199
   0.019123
  0.0185496
  0.0179791
  0.0173994
  0.0168103
  0.0162199
  0.0156391
   0.015079
  0.0145505
  0.0140599
  0.0136058
   0.013178
  0.0127617
   0.012343
  0.0119167
  0.0114907
  0.0110809
  0.0107005
  0.0103517
  0.0100271
 0.00971618
 0.00941214
 0.00911383
 0.00882301
 0.00853921
 0.00825831
 0.00797689
 0.00769703
 0.00742586
 0.00717105
 0.00693677
 0.00672228
 0.00652319
 0.00633419
 0.00615067
 0.00596868
 0.00578492
 0.00559781
 0.00540914
  0.0052236
  0.0050458
 0.00487742
 0.00471716
 0.00456284
 0.00441319
 0.00426774
 0.00412593
 0.00398722
 0.00385212
 0.00372265
 0.00360131
 0.00348935
   0.003386
 0.00328917
 0.00319678
 0.00310786
 0.00302265
 0.00294191
 0.00286618
 0.00279536
 0.00272871
 0.00266523
 0.00260443
  0.0025465
 0.00249157
 0.00243882
 0.00238661
 0.00233339
 0.00227847
 0.00222214
 0.00216531
 0.00210912
 0.00205465
  0.0020027
 0.00195373
 0.00190788
 0.00186511
 0.00182523
  0.0017879
 0.00175256
 0.00171863
  0.0016857
 0.00165367
 0.00162277
 0.00159329
  0.0015654
 0.00153902
 0.00151384
  0.0014895
 0.00146576
 0.00144251
 0.00141978
 0.00139763
 0.00137618
 0.00135551
  0.0013357
 0.00131672
 0.00129852
 0.00128095
 0.00126384
 0.00124702
 0.00123036
 0.00121389
 0.00119769
 0.00118193
 0.00116674
 0.00115221
 0.00113835
 0.00112508
 0.00111226
 0.00109976
 0.00108751
 0.00107554
 0.00106391
 0.00105264
 0.00104167
  0.0010309
 0.00102028
 0.00100986
0.000999717
0.000989873
0.000980296
0.000970926
0.000961719
0.000952667
0.000943789
0.000935099
0.000926598
0.000918277
 0.00091013
0.000902162
0.000894376
0.000886773
0.000879346
0.000872084
0.000864969
0.000857992
0.000851147
0.000844435
0.000837851
0.000831393
0.000825058
0.000818845
0.000812746
0.000806746
0.000800829
0.000794983
0.000789204
0.000783501
0.000777879
0.000772341
0.000766881
  0.0007615
0.000756198
0.000750979
0.000745841
 0.00074078
0.000735792
0.000730872
0.000726021
0.000721238
0.000716518
0.000711856
0.000707249
0.000702695
0.000698196
0.000693753
0.000689367
0.000685037
0.000680764
0.000676545
0.000672379
0.000668265
0.000664202
0.000660189
0.000656223
0.000652303
0.000648427
0.000644593
0.000640801
0.000637049
0.000633336
0.000629663
0.000626028
0.000622432
0.000618876
0.000615359
0.000611879
0.000608436
 0.00060503
0.000601658
0.000598321
0.000595018
0.000591747
0.000588509
0.000585302
0.000582128
0.000578985
0.000575871
0.000572787
0.000569733
0.000566707
 0.00056371
0.000560741
0.000557799
0.000554885
0.000551997
0.000549135
0.000546299
0.000543489
0.000540705
0.000537946
0.000535212
0.000532503
0.000529817
0.000527155
0.000524517
0.000521901
0.000519309
0.000516739
0.000514191
0.000511665
0.000509161
0.000506678
0.000504215
0.000501774
0.000499353
0.000496952
0.000494571
 0.00049221
0.000489868
0.000487545
0.000485241
0.000482956
0.000480689
 0.00047844
 0.00047621
0.000473997
0.000471801
0.000469624
0.000467463
0.000465319
0.000463192
0.000461082
0.000458988
 0.00045691
0.000454848
0.000452802
0.000450772
0.000448757
0.000446757
0.000444772
0.000442803
0.000440848
0.000438908
0.000436982
 0.00043507
0.000433173
0.000431289
0.000429419
0.000427563
 0.00042572
0.000423891
0.000422075
0.000420272
0.000418482
0.000416705