0.000445712
0.000447385
0.000449067
 0.00045076
0.000452463
0.000454176
0.000455899
0.000457633
0.000459377
0.000461132
0.000462897
0.000464673
 0.00046646
0.000468258
0.000470067
0.000471886
0.000473718
 0.00047556
0.000477414
0.000479279
0.000481156
0.000483045
0.000484945
0.000486857
0.000488782
0.000490718
0.000492667
0.000494628
0.000496601
0.000498587
0.000500585
0.000502597
0.000504621
0.000506658
0.000508708
0.000510772
0.000512849
0.000514939
0.000517043
 0.00051916
0.000521292
0.000523437
0.000525596
 0.00052777
0.000529958
 0.00053216
0.000534378
0.000536609
0.000538856
0.000541118
0.000543394
0.000545687
0.000547994
0.000550317
0.000552656
0.000555011
0.000557382
0.000559769
0.000562172
0.000564592
0.000567028
0.000569481
0.000571952
0.000574439
0.000576944
0.000579466
0.000582006
0.000584563
0.000587139
0.000589732
0.000592344
0.000594975
0.000597624
0.000600292
 0.00060298
0.000605686
0.000608412
0.000611158
0.000613923
0.000616709
0.000619515
0.000622341
0.000625188
0.000628056
0.000630944
0.000633855
0.000636786
 0.00063974
0.000642715
0.000645713
0.000648733
0.000651776
0.000654842
0.000657931
0.000661043
0.000664179
0.000667339
0.000670523
0.000673731
0.000676964
0.000680222
0.000683505
0.000686814
0.000690148
0.000693509
0.000696895
0.000700309
0.000703749
0.000707217
0.000710712
0.000714234
0.000717785
0.000721364
0.000724972
0.000728609
0.000732276
0.000735972
0.000739698
0.000743455
0.000747242
0.000751061
0.000754911
0.000758793
0.000762707
0.000766653
0.000770633
0.000774645
0.000778692
0.000782773
0.000786888
0.000791038
0.000795223
0.000799444
0.000803702
0.000807996
0.000812327
0.000816695
0.000821101
0.000825546
 0.00083003
0.000834553
0.000839116
 0.00084372
0.000848364
0.000853049
0.000857777
0.000862547
0.000867359
0.000872216
0.000877116
0.000882061
0.000887051
0.000892086
0.000897168
0.000902297
0.000907473
0.000912698
0.000917971
0.000923294
0.000928666
 0.00093409
0.000939564
0.000945091
 0.00095067
0.000956303
 0.00096199
0.000967732
 0.00097353
0.000979384
0.000985295
0.000991264
0.000997292
 0.00100338
 0.00100953
 0.00101574
 0.00102201
 0.00102834
 0.00103474
  0.0010412
 0.00104773
 0.00105432
 0.00106099
 0.00106772
 0.00107452
 0.00108139
 0.00108833
 0.00109534
 0.00110243
 0.00110959
 0.00111683
 0.00112415
 0.00113154
 0.00113902
 0.00114657
  0.0011542
 0.00116192
 0.00116972
 0.00117761
 0.00118558
 0.00119365
  0.0012018
 0.00121004
 0.00121838
  0.0012268
 0.00123533
 0.00124395
 0.00125267
 0.00126148
  0.0012704
 0.00127943
 0.00128855
 0.00129779
 0.00130713
 0.00131658
 0.00132614
 0.00133582
 0.00134561
 0.00135552
 0.00136555
  0.0013757
 0.00138597
 0.00139637
  0.0014069
 0.00141755
 0.00142834
 0.00143927
 0.00145033
 0.00146153
 0.00147287
 0.00148435
 0.00149598
 0.00150776
 0.00151969
 0.00153178
 0.00154403
 0.00155643
   0.001569
 0.00158174
 0.00159464
 0.00160772
 0.00162097
  0.0016344
 0.00164802
 0.00166182
 0.00167581
 0.00168999
 0.00170437
 0.00171895
 0.00173374
 0.00174873
 0.00176394
 0.00177936
 0.00179501
 0.00181088
 0.00182698
 0.00184332
  0.0018599
 0.00187672
 0.00189379
 0.00191112
 0.00192871
 0.00194656
 0.00196469
 0.00198309
 0.00200178
 0.00202076
 0.00204003
  0.0020596
 0.00207948
 0.00209968
  0.0021202
 0.00214105
 0.00216224
 0.00218377
 0.00220566
  0.0022279
 0.00225052
 0.00227351
 0.00229689
 0.00232067
 0.00234485
 0.00236944
 0.00239446
 0.00241991
 0.00244581
 0.00247217
 0.00249899
 0.00252629
 0.00255408
 0.00258238
 0.00261119
 0.00264053
 0.00267041
 0.00270085
 0.00273186
 0.00276346
 0.00279566
 0.00282847
 0.00286192
 0.00289602
 0.00293079
 0.00296625
 0.00300241
 0.00303929
 0.00307693
 0.00311533
 0.00315452
 0.00319452
 0.00323535
 0.00327704
 0.00331962
 0.00336311
 0.00340753
 0.00345292
  0.0034993
 0.00354671
 0.00359517
 0.00364473
  0.0036954
 0.00374724
 0.00380027
 0.00385453
 0.00391007
 0.00396692
 0.00402513
 0.00408474
  0.0041458
 0.00420836
 0.00427247
 0.00433819
 0.00440556
 0.00447466
 0.00454552
 0.00461824
 0.00469285
 0.00476945
  0.0048481
 0.00492887
 0.00501185
 0.00509711
 0.00518476
 0.00527487
 0.00536755
 0.00546289
   0.005561
   0.005662
   0.005766
 0.00587312
 0.00598349
 0.00609726
 0.00621456
 0.00633554
 0.00646037
 0.00658922
 0.00672226
 0.00685968
 0.00700168
 0.00714847
 0.00730028
 0.00745733
 0.00761989
 0.00778822
  0.0079626
 0.00814333
 0.00833072
 0.00852512
 0.00872689
 0.00893641
 0.00915409
 0.00938038
 0.00961573
 0.00986065
  0.0101157
  0.0103814
  0.0106584
  0.0109473
  0.0112489
  0.0115639
  0.0118932
  0.0122376
  0.0125981
  0.0129757
  0.0133715
  0.0137868
  0.0142228
   0.014681
  0.0151629
  0.0156702
  0.0162048
  0.0167686
  0.0173638
  0.0179929
  0.0186585
  0.0193635
   0.020111
  0.0209047
  0.0217483
  0.0226463
  0.0236034
  0.0246249
  0.0257169
  0.0268858
  0.0281393
  0.0294856
  0.0309341
  0.0324956
   0.034182
   0.036007
  0.0379864
  0.0401378
  0.0424819
  0.0450423
  0.0478463
  0.0509256
  0.0543173
  0.0580648
  0.0622192
  0.0668411
  0.0720026
  0.0777898
  0.0843067
  0.0916793
   0.100061
   0.109642
   0.120654
   0.133392
   0.148222
   0.165613
   0.186163
   0.210648
   0.240076
   0.275778
   0.319508
   0.373598
    0.44113
   0.526118
   0.633601
   0.769366
    0.93867
    1.14272
     1.3714
    1.59323
     1.7526
    1.79214
    1.69523
    1.50094
    1.27063
    1.05034
     0.8611
   0.706944
   0.584263
   0.487306
   0.410533
   0.349347
    0.30016
   0.260239
   0.227524
   0.200459
   0.177866
   0.158847
    0.14271
   0.128916
   0.117045
   0.106765
  0.0978112
  0.0899696
   0.083068
  0.0769656
  0.0715468
  0.0667159
  0.0623934
  0.0585124
   0.055017
  0.0518595
  0.0489998
  0.0464031
  0.0440399
  0.0418848
  0.0399155
  0.0381131
  0.0364607
  0.0349438
  0.0335496
  0.0322669
  0.0310858
  0.0299975
  0.0289943
  0.0280694
  0.0272167
  0.0264307
  0.0257067
  0.0250403
  0.0244278
  0.0238659
  0.0233514
  0.0228817
  0.0224545
  0.0220677
  0.0217195
  0.0214083
  0.0211327
  0.0208918
  0.0206844
  0.0205099
  0.0203678
  0.0202576
  0.0201791
  0.0201325
  0.0201178
  0.0201354
  0.0201859
  0.0202701
   0.020389
  0.0205439
  0.0207363
   0.020968
  0.0212411
  0.0215582
  0.0219222
  0.0223365
   0.022805
  0.0233324
  0.0239238
  0.0245856
  0.0253248
  0.0261499
  0.0270708
   0.028099
  0.0292483
  0.0305353
  0.0319795
   0.033605
  0.0354408
  0.0375225
   0.039894
   0.042609
  0.0457321
  0.0493382
  0.0535054
  0.0582972
  0.0637321
  0.0697633
  0.0763306
  0.0835148
  0.0916641
   0.101345
   0.113217
   0.127998
   0.146528
   0.169863
   0.199354
   0.236661
   0.283608
   0.341605
   0.410236
   0.484616
   0.552532
   0.595628
   0.599303
   0.564812
   0.508403
   0.448743
   0.397971
   0.361271
   0.339837
   0.333267
   0.340443
    0.35905
   0.383999
   0.405936
   0.412881
   0.397003
   0.360768
    0.31431
    0.26763
   0.226395
    0.19239
    0.16533
   0.144166
   0.127691
   0.114702
   0.104049
  0.0947767
  0.0863596
  0.0787323
  0.0720368
  0.0663729
   0.061734
    0.05805
  0.0552402
  0.0532415
  0.0520153
  0.0515363
  0.0517575
  0.0525447
  0.0536007
   0.054482
  0.0548325
  0.0547006
  0.0545441
  0.0548958
  0.0560572
  0.0579639
  0.0601437
  0.0618122
  0.0622126
  0.0610183
  0.0584701
  0.0551989
   0.051889
  0.0490257
  0.0468451
   0.045397
  0.0446309
   0.044479
  0.0449126
  0.0459464
  0.0475945
  0.0498184
   0.052492
  0.0554372
  0.0585664
  0.0620318
  0.0662089
  0.0715401
  0.0783859
  0.0869128
  0.0969701
    0.10802
   0.119357
   0.130662
    0.14221
   0.154215
   0.166024
   0.176458
   0.185279
   0.193988
   0.204844
   0.219488
   0.238215
    0.25945
   0.279589
   0.294294
   0.301001
   0.300145
    0.29399
   0.285176
   0.275949
   0.267524
   0.260065
   0.253382
   0.247122
   0.240078
   0.230203
   0.216361
   0.199841
   0.183484
   0.169663
   0.159284
   0.152083
   0.147487
   0.145174
   0.144883
   0.145809
   0.146355
   0.144899
   0.141047
   0.135765
   0.130183
   0.124735
   0.119337
     0.1139
   0.108554
     0.1036
  0.0993267
  0.0958072
  0.0928326
  0.0901189
  0.0876115
  0.0855656
  0.0843742
  0.0843597
  0.0856131
  0.0878806
   0.090572
  0.0929252
  0.0942668
  0.0943054
  0.0932747
  0.0917399
  0.0902727
  0.0893286
  0.0892617
  0.0902669
  0.0922523
   0.094766
  0.0971271
  0.0988167
  0.0998147
   0.100458
   0.101079
   0.101921
   0.103211
   0.105165
   0.107955
   0.111673
    0.11629
   0.121687
   0.127736
   0.134262
   0.140923
   0.147209
    0.15263
   0.156918
   0.160178
   0.162889
   0.165584
   0.168398
   0.170896
   0.172404
   0.172686
   0.172255
   0.171758
     0.1713
   0.170635
   0.169692
   0.168592
   0.167357
   0.165857
   0.164015
   0.161926
   0.159662
   0.156979
   0.153349
   0.148452
   0.142664
    0.13693
   0.132136
   0.128677
   0.126492
   0.125285
   0.124649
   0.124101
   0.123179
    0.12164
   0.119583
   0.117318
   0.115114
   0.113106
    0.11133
   0.109752
   0.108307
   0.106979
   0.105824
   0.104921
   0.104273
    0.10379
   0.103361
   0.102938
   0.102545
   0.102247
   0.102164
   0.102446
    0.10317
   0.104267
    0.10553
    0.10669
    0.10755
   0.108058
   0.108272
   0.108289
   0.108268
   0.108481
    0.10925
   0.110742
   0.112811
   0.115075
   0.117167
    0.11891
   0.120315
   0.121499
   0.122633
   0.123909
   0.125488
   0.127425
    0.12964
   0.131945
    0.13412
   0.135991
   0.137469
   0.138551
    0.13927
   0.139628
   0.139599
   0.139238
   0.138744
   0.138357
   0.138169
   0.138026
   0.137624
   0.136736
   0.135386
   0.133806
   0.132236
   0.130783
   0.129456
   0.128269
   0.127216
    0.12624
   0.125283
   0.124369
   0.123609
   0.123139
   0.123028
   0.123242
   0.123676
   0.124198
   0.124668
   0.124981
   0.125083
   0.124931
   0.124466
   0.123673
   0.122636
   0.121534
   0.120569
   0.119904
   0.119615
   0.119667
    0.11995
   0.120351
   0.120822
   0.121393
    0.12212
   0.123044
    0.12415
   0.125352
   0.126526
   0.127595
    0.12861
   0.129736
    0.13117
   0.132992
   0.135082
   0.137195
   0.139158
    0.14099
   0.142846
   0.144879
   0.147097
   0.149326
   0.151316
   0.152873
   0.153873
   0.154247
   0.154028
   0.153434
   0.152805
   0.152421
   0.152372
   0.152605
   0.153038
   0.153619
   0.154301
   0.154983
   0.155493
   0.155632
   0.155256
    0.15436
   0.153073
   0.151575
   0.149988
   0.148354
    0.14669
   0.145051
   0.143544
   0.142294
   0.141377
   0.140763
   0.140352
   0.140046
   0.139749
   0.139324
   0.138618
   0.137547
   0.136132
   0.134455
   0.132601
    0.13066
   0.128761
   0.127071
   0.125768
   0.124971
   0.124698
   0.124879
   0.125417
   0.126205
   0.127123
   0.128076
   0.129022
   0.129967
   0.130906
   0.131786
   0.132508
   0.132952
   0.133025
   0.132687
   0.131977
   0.130997
   0.129864
   0.128658
   0.127419
   0.126189
   0.125036
   0.124038
    0.12326
   0.122736
    0.12243
   0.122201
    0.12181
    0.12101
    0.11968
   0.117916
   0.115999
   0.114253
     0.1129
   0.112003
   0.111489
   0.111228
   0.111106
   0.111055
   0.111042
   0.111024
   0.110933
   0.110696
   0.110271
   0.109677
   0.109014
   0.108446
   0.108133
    0.10815
   0.108424
    0.10875
    0.10889
   0.108696
   0.108166
   0.107413
   0.106597
   0.105852
   0.105275
   0.104947
   0.104933
   0.105268
   0.105915
   0.106735
   0.107528
   0.108105
   0.108354
   0.108273
   0.107974
   0.107636
   0.107456
   0.107585
    0.10808
   0.108892
   0.109901
   0.110993
   0.112117
   0.113269
   0.114424
   0.115482
   0.116278
   0.116637
   0.116479
   0.115861
   0.114937
   0.113887
   0.112854
     0.1119
   0.110997
   0.110057
   0.108979
   0.107703
   0.106225
   0.104598
   0.102913
   0.101278
   0.099807
  0.0986028
   0.097712
  0.0970908
  0.0966225
  0.0961814
  0.0956796
  0.0950739
  0.0943657
  0.0936042
  0.0928826
  0.0923181
   0.092017
   0.092041
   0.092373
  0.0928808
  0.0933253
  0.0934575
  0.0931507
  0.0924521
  0.0915189
  0.0905159
  0.0895566
  0.0886992
  0.0879773
  0.0874229
  0.0870566
  0.0868624
  0.0867683
  0.0866404
  0.0863126
  0.0856516
  0.0846222
  0.0833045
   0.081849
  0.0804078
  0.0790937
  0.0779796
  0.0771054
  0.0764709
  0.0760262
  0.0756799
  0.0753287
  0.0748926
  0.0743382
  0.0736753
  0.0729368
  0.0721634
  0.0714071
  0.0707387
  0.0702279
  0.0698962
  0.0696847
  0.0694693
  0.0691146
   0.068539
  0.0677587
  0.0668799
  0.0660357
  0.0653096
  0.0646995
  0.0641373
  0.0635384
  0.0628459
  0.0620519
  0.0611875
  0.0602891
  0.0593652
  0.0583884
  0.0573234
   0.056174
  0.0550019
  0.0539002
   0.052947
  0.0521732
  0.0515596
  0.0510586
  0.0506155
  0.0501745
  0.0496773
  0.0490687
   0.048315
  0.0474251
  0.0464498
  0.0454521
  0.0444728
  0.0435205
   0.042584
  0.0416519
  0.0407183
   0.039774
  0.0388014
  0.0377828
  0.0367187
  0.0356403
  0.0346024
  0.0336568
   0.032826
  0.0320964
  0.0314317
  0.0307935
  0.0301591
   0.029527
  0.0289101
  0.0283245
  0.0277803
  0.0272768
  0.0268038
  0.0263537
  0.0259334
  0.0255587
  0.0252317
  0.0249233
  0.0245808
   0.024154
  0.0236152
  0.0229625
  0.0222143
  0.0214026
  0.0205652
  0.0197365
   0.018942
  0.0181967
  0.0175076
  0.0168769
  0.0163033
  0.0157823
  0.0153039
  0.0148539
   0.014418
  0.0139878
  0.0135631
  0.0131505
  0.0127589
  0.0123938
  0.0120541
  0.0117324
  0.0114195
  0.0111087
  0.0107973
  0.0104859
  0.0101763
 0.00987135
  0.0095746
 0.00929029
 0.00902178
 0.00876999
 0.00853305
 0.00830664
 0.00808437
  0.0078587
 0.00762358
 0.00737769
 0.00712495
 0.00687237
 0.00662781
 0.00639839
 0.00618876
 0.00599965
 0.00582807
 0.00566849
 0.00551465
  0.0053622
 0.00521086
 0.00506401
 0.00492523
 0.00479463
 0.00466817
 0.00454077
 0.00441061
  0.0042806
 0.00415569
 0.00403902
 0.00393027
 0.00382657
 0.00372456
 0.00362241
 0.00352042
 0.00342007
 0.00332271
 0.00322876
 0.00313801
 0.00305034
 0.00296604
 0.00288559
 0.00280933
  0.0027373
 0.00266924
 0.00260455
 0.00254254
 0.00248293
 0.00242594
 0.00237184
 0.00232066
  0.0022722
 0.00222645
 0.00218354
 0.00214344
 0.00210564
 0.00206916
 0.00203288
 0.00199605
 0.00195865
 0.00192125
 0.00188454
 0.00184881
 0.00181396
 0.00177989
 0.00174675
 0.00171489
  0.0016846
 0.00165587
 0.00162843
 0.00160196
  0.0015763
  0.0015515
 0.00152768
  0.0015047
 0.00148222
  0.0014599
 0.00143762
  0.0014155
 0.00139372
 0.00137253
 0.00135211
 0.00133255
  0.0013139
  0.0012961
 0.00127905
 0.00126269
 0.00124702
 0.00123205
 0.00121775
 0.00120399
 0.00119061
 0.00117753
 0.00116469
 0.00115209
 0.00113965
 0.00112732
 0.00111507
 0.00110298
 0.00109115
 0.00107971
 0.00106868
 0.00105806
  0.0010478
 0.00103789
 0.00102831
   0.001019
 0.00100992
 0.00100101
0.000992255
0.000983663
0.000975274
 0.00096711
0.000959148
0.000951338
0.000943637
0.000936025
0.000928512
0.000921115
0.000913849
0.000906707
0.000899671
0.000892715
0.000885817
0.000878973
0.000872198
0.000865519
0.000858965
0.000852551
0.000846274
0.000840125
0.000834091
0.000828162
 0.00082233
0.000816592
0.000810948
0.000805396
0.000799936
0.000794571
0.000789299
0.000784117
 0.00077902
0.000774001
0.000769054
0.000764176
0.000759362
 0.00075461
0.000749916
0.000745278
0.000740693
0.000736164
0.000731692
0.000727276
0.000722913
0.000718599
 0.00071433
0.000710107
0.000705929
0.000701798
0.000697715
0.000693681
0.000689696
0.000685758
0.000681865
0.000678015
0.000674209
0.000670447
0.000666731
0.000663059
 0.00065943
0.000655841
0.000652289
0.000648774
0.000645293
0.000641846
0.000638432
0.000635052
0.000631705
0.000628389
0.000625105
 0.00062185
0.000618624
0.000615427
0.000612259
 0.00060912
0.000606011
 0.00060293
0.000599876
0.000596851
0.000593852
0.000590881
0.000587937
 0.00058502
 0.00058213
0.000579266
0.000576428
0.000573615
0.000570828
0.000568065
0.000565326
0.000562611
 0.00055992
0.000557252
0.000554607
0.000551984
0.000549383
0.000546803
0.000544245
0.000541708
0.000539192
0.000536697
0.000534221
0.000531766
 0.00052933
0.000526913
0.000524517
0.000522139
 0.00051978
0.000517439
0.000515116
0.000512812
0.000510525
0.000508255
0.000506004
0.000503769
0.000501552
0.000499352
0.000497168
0.000495001
 0.00049285
0.000490716
0.000488597
0.000486494
0.000484407
0.000482335
0.000480278
0.000478236
0.000476209
0.000474197
  0.0004722
0.000470216
0.000468247
0.000466292
0.000464351
0.000462424
 0.00046051
 0.00045861
0.000456723
0.000454849
0.000452988
0.000451141
0.000449305
0.000447483
0.000445673
0.000443876
 0.00044209
0.000440317
0.000438556
0.000436807
 0.00043507
0.000433344
 0.00043163
0.000429928
0.000428236
0.000426556
0.000424887
0.000423229
0.000421582
0.000419946
 0.00041832
0.000416705