  0.0077831
 0.00800329
 0.00823399
  0.0084759
 0.00872978
 0.00899647
 0.00927687
 0.00957196
 0.00988282
  0.0102106
  0.0105567
  0.0109224
  0.0113093
  0.0117191
  0.0121538
  0.0126154
  0.0131063
   0.013629
  0.0141864
  0.0147817
  0.0154185
  0.0161008
  0.0168332
  0.0176208
  0.0184693
  0.0193853
  0.0203763
  0.0214507
  0.0226183
  0.0238903
  0.0252798
  0.0268016
  0.0284734
  0.0303155
  0.0323521
  0.0346116
  0.0371276
  0.0399407
  0.0430993
  0.0466622
  0.0507009
  0.0553032
  0.0605778
  0.0666604
  0.0737216
  0.0819783
   0.091709
   0.103275
   0.117148
   0.133957
    0.15454
   0.180032
   0.211978
   0.252485
   0.304404
   0.371488
   0.458326
   0.569525
   0.706917
   0.863049
    1.01155
    1.10545
    1.10266
    1.00463
   0.854833
   0.699462
   0.563646
   0.454086
   0.368668
   0.302743
   0.251755
   0.212005
   0.180687
   0.155731
   0.135617
   0.119232
   0.105749
   0.094553
  0.0851784
  0.0772703
  0.0705552
  0.0648202
  0.0598981
  0.0556561
  0.0519883
  0.0488096
  0.0460509
  0.0436563
  0.0415799
  0.0397843
  0.0382391
  0.0369192
  0.0358046
  0.0348793
   0.034131
  0.0335503
  0.0331311
    0.03287
  0.0327664
  0.0328228
  0.0330446
  0.0334408
  0.0340246
  0.0348136
  0.0358316
   0.037109
  0.0386845
  0.0406055
  0.0429292
  0.0457252
  0.0490887
  0.0531615
  0.0581479
  0.0643166
   0.072001
  0.0815895
  0.0934558
   0.107749
   0.123986
   0.140699
   0.156048
   0.169787
   0.184443
   0.203984
   0.231983
   0.270921
   0.321609
   0.381497
   0.441881
   0.486584
   0.497902
   0.470728
   0.418375
   0.360216
   0.308578
   0.266816
   0.233465
   0.206361
   0.184046
   0.165038
   0.147675
   0.131131
   0.115773
   0.102343
  0.0912417
  0.0824371
  0.0756688
  0.0706325
  0.0670539
  0.0646363
  0.0629831
  0.0616645
  0.0604399
  0.0593413
  0.0585034
   0.058029
  0.0579598
  0.0582524
  0.0588603
  0.0598684
  0.0614897
  0.0639844
  0.0676244
  0.0726705
  0.0793299
  0.0877011
  0.0976948
    0.10899
   0.121244
   0.134565
    0.14975
   0.167848
   0.189246
   0.212714
   0.235127
   0.252795
   0.263859
   0.269277
   0.271705
   0.273501
    0.27488
   0.273206
   0.265049
   0.249949
   0.230861
   0.211103
   0.192401
   0.175189
   0.159537
   0.145735
   0.134276
   0.125422
   0.118989
   0.114441
    0.11101
   0.107841
   0.104341
   0.100459
  0.0966493
  0.0935501
  0.0916016
    0.09085
  0.0911114
  0.0922614
  0.0943045
  0.0972575
   0.101084
   0.105724
   0.111093
   0.117102
   0.123746
   0.131077
   0.139133
   0.147981
   0.157636
   0.167758
   0.177605
   0.186545
   0.194363
   0.200789
   0.205134
   0.206699
   0.205358
   0.201674
     0.1965
    0.19047
    0.18388
   0.176925
   0.169849
   0.162926
   0.156399
   0.150383
   0.144855
   0.139738
   0.134965
   0.130504
   0.126454
   0.123044
   0.120476
   0.118789
   0.117906
   0.117722
   0.118124
   0.119017
    0.12037
   0.122197
   0.124473
   0.127094
   0.129903
   0.132793
   0.135784
   0.138995
   0.142528
    0.14638
   0.150405
   0.154336
   0.157867
   0.160715
    0.16263
   0.163495
   0.163378
   0.162442
   0.160869
    0.15886
    0.15661
   0.154264
   0.151939
   0.149726
   0.147613
   0.145488
   0.143263
   0.140976
   0.138772
   0.136798
   0.135106
   0.133664
   0.132436
   0.131398
   0.130561
   0.129993
    0.12979
   0.130007
   0.130652
   0.131697
   0.133069
   0.134625
   0.136177
   0.137522
   0.138489
   0.139049
   0.139345
   0.139563
   0.139782
   0.139954
   0.140038
   0.140117
   0.140366
   0.140875
   0.141552
   0.142177
   0.142537
   0.142483
    0.14194
   0.140912
   0.139491
   0.137842
   0.136198
   0.134815
   0.133843
    0.13327
   0.132997
    0.13296
   0.133161
   0.133595
    0.13414
   0.134543
    0.13456
    0.13407
   0.133081
   0.131718
   0.130202
     0.1288
   0.127738
   0.127168
    0.12717
   0.127723
   0.128649
   0.129633
   0.130343
   0.130587
   0.130359
   0.129746
   0.128826
   0.127676
   0.126409
   0.125167
   0.124115
   0.123426
   0.123234
   0.123574
   0.124349
   0.125377
   0.126444
   0.127319
   0.127778
   0.127658
   0.126927
   0.125726
   0.124343
    0.12309
   0.122153
   0.121548
   0.121194
   0.121018
   0.121012
   0.121219
    0.12165
   0.122202
   0.122666
   0.122827
   0.122566
   0.121876
   0.120846
   0.119659
   0.118548
   0.117714
   0.117252
   0.117128
   0.117227
   0.117442
   0.117721
   0.118068
   0.118526
   0.119126
   0.119843
   0.120573
   0.121195
   0.121658
   0.122014
   0.122351
   0.122754
   0.123297
   0.124038
   0.125005
   0.126162
   0.127406
   0.128615
   0.129711
   0.130681
    0.13155
   0.132335
   0.133007
   0.133488
    0.13367
   0.133499
   0.133037
   0.132465
   0.131978
   0.131703
   0.131691
    0.13196
   0.132494
   0.133229
   0.134072
   0.134974
   0.135948
   0.137037
   0.138282
   0.139694
   0.141258
   0.142935
   0.144656
   0.146339
   0.147931
   0.149419
   0.150803
   0.152071
   0.153214
   0.154261
   0.155267
   0.156242
   0.157144
   0.157947
   0.158703
   0.159478
   0.160261
   0.160961
   0.161464
   0.161673
   0.161521
   0.160979
    0.16008
   0.158912
   0.157619
   0.156365
   0.155282
   0.154439
   0.153823
   0.153352
   0.152934
   0.152534
   0.152161
   0.151814
   0.151458
   0.151048
   0.150525
   0.149824
   0.148922
   0.147875
    0.14679
    0.14577
   0.144882
   0.144135
   0.143494
   0.142893
   0.142255
    0.14153
   0.140738
   0.139968
   0.139317
   0.138834
   0.138516
   0.138312
   0.138108
   0.137756
   0.137189
   0.136451
   0.135645
   0.134863
   0.134167
   0.133575
   0.133061
   0.132584
   0.132107
   0.131632
   0.131213
   0.130943
   0.130909
   0.131162
   0.131706
    0.13249
   0.133404
   0.134322
   0.135199
   0.136065
   0.136951
   0.137821
   0.138587
   0.139145
   0.139427
   0.139424
   0.139183
   0.138783
   0.138331
   0.137931
   0.137656
   0.137526
   0.137508
   0.137525
   0.137485
   0.137354
    0.13719
   0.137081
   0.137055
   0.137061
   0.137016
    0.13686
   0.136582
   0.136228
   0.135886
   0.135645
   0.135562
    0.13564
   0.135851
   0.136154
   0.136475
   0.136707
   0.136759
   0.136625
   0.136394
   0.136155
   0.135924
    0.13566
   0.135313
    0.13487
   0.134377
    0.13392
   0.133562
   0.133302
   0.133059
   0.132737
   0.132302
   0.131795
   0.131265
   0.130721
    0.13015
   0.129562
   0.128996
    0.12848
   0.128016
   0.127603
   0.127255
   0.127022
   0.126977
   0.127167
   0.127569
   0.128083
   0.128569
   0.128914
   0.129088
   0.129118
   0.129018
   0.128762
   0.128327
   0.127729
   0.127016
   0.126237
   0.125431
   0.124638
   0.123908
   0.123301
   0.122882
    0.12268
   0.122669
   0.122774
   0.122905
   0.122981
   0.122962
   0.122846
   0.122649
   0.122381
   0.122022
    0.12154
   0.120915
   0.120164
    0.11934
   0.118515
   0.117761
   0.117132
   0.116653
   0.116305
    0.11604
   0.115822
   0.115641
   0.115495
   0.115373
   0.115254
   0.115126
   0.114968
   0.114733
   0.114354
   0.113795
    0.11309
   0.112331
   0.111621
   0.111024
   0.110547
   0.110161
   0.109831
   0.109535
   0.109276
   0.109051
   0.108812
   0.108466
   0.107926
   0.107139
   0.106071
   0.104708
   0.103092
   0.101339
  0.0996017
  0.0980104
  0.0966364
  0.0954876
  0.0945249
  0.0936941
  0.0929598
  0.0923108
  0.0917296
  0.0911491
  0.0904455
  0.0895016
  0.0882781
  0.0868145
  0.0851861
  0.0834834
  0.0818095
  0.0802591
  0.0788875
  0.0777003
  0.0766646
  0.0757192
  0.0747886
  0.0738082
  0.0727354
  0.0715271
   0.070121
  0.0684543
  0.0665124
  0.0643579
  0.0621053
  0.0598713
  0.0577442
  0.0557758
  0.0539783
  0.0523297
  0.0507894
  0.0493155
  0.0478695
  0.0464144
  0.0449211
  0.0433827
  0.0418075
  0.0402024
  0.0385744
  0.0369438
  0.0353475
   0.033826
  0.0324081
  0.0311057
  0.0299152
  0.0288179
  0.0277829
  0.0267765
  0.0257709
  0.0247497
  0.0237068
  0.0226448
  0.0215751
  0.0205155
  0.0194807
  0.0184796
  0.0175215
  0.0166176
  0.0157753
  0.0149937
  0.0142661
  0.0135844
  0.0129401
  0.0123245
  0.0117307
  0.0111559
  0.0106014
  0.0100714
 0.00957022
 0.00910068
 0.00866408
 0.00826013
 0.00788709
  0.0075433
 0.00722759
  0.0069378
 0.00666956
 0.00641705
 0.00617494
 0.00593948
 0.00570862
 0.00548224
 0.00526206
 0.00505059
 0.00484993
 0.00466118
 0.00448461
 0.00432017
 0.00416769
 0.00402653
 0.00389543
 0.00377289
 0.00365754
 0.00354812
  0.0034434
 0.00334239
 0.00324459
 0.00314986
  0.0030583
 0.00297032
 0.00288669
  0.0028082
 0.00273524
 0.00266771
 0.00260519
 0.00254708
 0.00249271
 0.00244145
 0.00239284
 0.00234654
 0.00230223
 0.00225961
  0.0022184
 0.00217846
 0.00213968
 0.00210204
 0.00206549
 0.00203009
 0.00199594
 0.00196314
 0.00193174
 0.00190174
 0.00187305
 0.00184556
  0.0018191
 0.00179351
 0.00176866
 0.00174446
 0.00172086
 0.00169782
 0.00167535
 0.00165348
 0.00163221
 0.00161154
 0.00159148
 0.00157202
 0.00155315
 0.00153484
 0.00151707
 0.00149979
 0.00148297
 0.00146655
 0.00145051
 0.00143481
 0.00141945
  0.0014044
 0.00138966
 0.00137522
 0.00136109
 0.00134725
  0.0013337
 0.00132044
 0.00130744
  0.0012947
 0.00128222
 0.00126998
 0.00125797
 0.00124617
 0.00123459
 0.00122322
 0.00121204
 0.00120105
 0.00119025
 0.00117963
 0.00116918
 0.00115891
  0.0011488
 0.00113886
 0.00112908
 0.00111946
    0.00111
 0.00110068
  0.0010915
 0.00108247
 0.00107358
 0.00106482
  0.0010562
  0.0010477
 0.00103932
 0.00103107
 0.00102294
 0.00101493
 0.00100702
0.000999233
0.000991551
0.000983976
0.000976504
0.000969135
0.000961866
0.000954694
0.000947618
0.000940636
0.000933746
0.000926945
0.000920233
0.000913608
0.000907067
0.000900609
0.000894232
0.000887935
0.000881717
0.000875575
0.000869509
0.000863516
0.000857597
0.000851749
0.000845971
0.000840261
 0.00083462
0.000829044
0.000823534
0.000818088
0.000812705
0.000807383
0.000802123
0.000796922
0.000791779
0.000786695
0.000781667
0.000776695
0.000771778
0.000766915
0.000762105
0.000757347
0.000752641
0.000747985
0.000743379
0.000738822
0.000734313
0.000729852
0.000725437
0.000721068
0.000716745
0.000712466
0.000708231
0.000704039
 0.00069989
0.000695783
0.000691717
0.000687691
0.000683706
0.000679761
0.000675854
0.000671985
0.000668155
0.000664361
0.000660605
0.000656884
  0.0006532
 0.00064955
0.000645935
0.000642355
0.000638808
0.000635294
0.000631813
0.000628365
0.000624948
0.000621563
0.000618209
0.000614886
0.000611593
0.000608329
0.000605095
0.000601891
0.000598715
0.000595567
0.000592447
0.000589354
0.000586289
0.000583251
0.000580239
0.000577253
0.000574294
0.000571359
 0.00056845
0.000565566
0.000562706
0.000559871
 0.00055706
0.000554272
0.000551507
0.000548766
0.000546048
0.000543352
0.000540678
0.000538027
0.000535397
0.000532788
0.000530201
0.000527635
0.000525089
0.000522564
 0.00052006
0.000517575
 0.00051511
0.000512665
0.000510238
0.000507831
0.000505443
0.000503074
0.000500723
 0.00049839
0.000496076
0.000493779
  0.0004915
0.000489238
0.000486993
0.000484766
0.000482555
0.000480362
0.000478184
0.000476023
0.000473878
 0.00047175
0.000469637
0.000467539
0.000465457
0.000463391
0.000461339
0.000459303
0.000457281
0.000455274
0.000453282
0.000451304
 0.00044934
 0.00044739
0.000445454
0.000443532
0.000441624
0.000439729
0.000437848
0.000435979
0.000434124
0.000432282
0.000430452
0.000428636
0.000426832
 0.00042504
0.000423261
0.000421494
0.000419739
0.000417996
0.000416265
0.000414545
0.000412837
0.000411141
0.000409456
0.000407783
 0.00040612
0.000404469
0.000402829
0.000401199
0.000399581
0.000397973
0.000396375
0.000394788
0.000393211
0.000391645
0.000390089
0.000388543
0.000387007
 0.00038548
0.000383964
0.000382457
 0.00038096
0.000379473
0.000377995
0.000376526
0.000375066
0.000373616
0.000372175
0.000370743
 0.00036932
0.000367905
  0.0003665
0.000365103
0.000363715
0.000362335
0.000360964
0.000359602
0.000358247
0.000356901
0.000355563
0.000354234
0.000352912