  0.0017653
 0.00178161
 0.00179816
 0.00181496
 0.00183202
 0.00184933
  0.0018669
 0.00188475
 0.00190287
 0.00192127
 0.00193996
 0.00195894
 0.00197822
  0.0019978
  0.0020177
 0.00203792
 0.00205847
 0.00207935
 0.00210057
 0.00212214
 0.00214407
 0.00216636
 0.00218903
 0.00221208
 0.00223553
 0.00225937
 0.00228362
  0.0023083
  0.0023334
 0.00235894
 0.00238494
  0.0024114
 0.00243833
 0.00246575
 0.00249366
 0.00252209
 0.00255103
 0.00258052
 0.00261055
 0.00264115
 0.00267232
 0.00270409
 0.00273647
 0.00276947
 0.00280312
 0.00283742
 0.00287241
 0.00290809
 0.00294448
 0.00298161
 0.00301949
 0.00305815
 0.00309761
 0.00313789
 0.00317901
   0.003221
 0.00326389
 0.00330769
 0.00335245
 0.00339818
 0.00344492
 0.00349269
 0.00354153
 0.00359147
 0.00364254
 0.00369479
 0.00374824
 0.00380294
 0.00385892
 0.00391623
 0.00397491
 0.00403501
 0.00409656
 0.00415963
 0.00422427
 0.00429052
 0.00435844
 0.00442808
 0.00449952
 0.00457282
 0.00464803
 0.00472523
 0.00480449
 0.00488589
  0.0049695
 0.00505542
 0.00514371
 0.00523449
 0.00532784
 0.00542385
 0.00552265
 0.00562433
 0.00572901
 0.00583682
 0.00594789
 0.00606234
 0.00618031
 0.00630197
 0.00642747
 0.00655696
 0.00669063
 0.00682866
 0.00697125
 0.00711861
 0.00727094
 0.00742848
 0.00759148
 0.00776019
  0.0079349
 0.00811588
 0.00830345
 0.00849794
  0.0086997
 0.00890909
 0.00912652
 0.00935241
  0.0095872
 0.00983138
  0.0100855
    0.01035
  0.0106255
  0.0109128
  0.0112124
   0.011525
  0.0118515
  0.0121927
  0.0125494
  0.0129228
  0.0133137
  0.0137234
   0.014153
   0.014604
  0.0150777
  0.0155758
  0.0160999
  0.0166518
  0.0172337
  0.0178477
  0.0184962
   0.019182
  0.0199079
  0.0206771
  0.0214932
    0.02236
  0.0232819
  0.0242637
  0.0253106
  0.0264287
  0.0276244
  0.0289052
  0.0302793
   0.031756
  0.0333458
  0.0350607
  0.0369139
  0.0389207
  0.0410988
  0.0434678
   0.046051
  0.0488746
  0.0519695
  0.0553712
  0.0591215
  0.0632694
  0.0678726
  0.0729998
  0.0787326
  0.0851694
  0.0924287
   0.100655
   0.110025
   0.120757
   0.133123
   0.147463
   0.164212
   0.183921
   0.207308
   0.235308
   0.269157
   0.310505
   0.361578
   0.425403
   0.506106
   0.609293
   0.742421
    0.91486
    1.13676
    1.41463
    1.73989
    2.06915
    2.31183
     2.3665
    2.20595
    1.90548
    1.56991
    1.26614
    1.01709
   0.821651
   0.670562
   0.553794
   0.462916
   0.391456
    0.33461
   0.288857
   0.251611
   0.220962
   0.195489
    0.17412
   0.156041
   0.140623
    0.12738
   0.115928
   0.105965
  0.0972472
  0.0895787
  0.0828005
  0.0767821
  0.0714159
  0.0666125
  0.0622972
  0.0584072
  0.0548896
  0.0516993
  0.0487977
   0.046152
  0.0437337
  0.0415182
  0.0394843
  0.0376133
   0.035889
  0.0342971
  0.0328251
  0.0314619
  0.0301978
  0.0290239
  0.0279326
   0.026917
  0.0259709
  0.0250887
  0.0242656
   0.023497
   0.022779
  0.0221079
  0.0214804
  0.0208936
  0.0203448
  0.0198316
  0.0193518
  0.0189033
  0.0184844
  0.0180935
  0.0177289
  0.0173894
  0.0170738
  0.0167809
  0.0165098
  0.0162594
  0.0160292
  0.0158182
  0.0156259
  0.0154517
  0.0152951
  0.0151558
  0.0150333
  0.0149274
  0.0148379
  0.0147646
  0.0147074
  0.0146663
  0.0146414
  0.0146327
  0.0146404
  0.0146648
  0.0147061
  0.0147648
  0.0148413
  0.0149363
  0.0150502
   0.015184
  0.0153384
  0.0155144
  0.0157132
   0.015936
  0.0161842
  0.0164595
  0.0167635
  0.0170985
  0.0174667
  0.0178705
  0.0183131
  0.0187976
  0.0193279
   0.019908
   0.020543
  0.0212382
      0.022
  0.0228355
  0.0237532
  0.0247625
  0.0258748
   0.027103
  0.0284624
   0.029971
  0.0316501
  0.0335251
  0.0356267
  0.0379917
  0.0406651
  0.0437023
  0.0471718
  0.0511598
   0.055775
  0.0611566
  0.0674845
   0.074993
  0.0839892
  0.0948742
   0.108162
   0.124477
   0.144475
     0.1686
   0.196599
   0.227122
   0.258536
   0.291425
   0.330127
   0.381082
   0.450399
   0.542257
   0.656163
   0.780812
   0.887183
   0.934253
   0.898039
   0.795327
   0.666349
   0.543149
   0.439645
    0.35772
   0.294431
    0.24586
   0.208528
   0.179717
   0.157416
   0.140178
   0.126979
   0.117122
    0.11016
   0.105861
   0.104182
   0.105269
   0.109452
   0.117209
   0.129008
   0.144837
   0.163195
   0.179803
   0.187932
   0.182635
   0.165475
   0.142867
   0.120622
    0.10155
  0.0862158
  0.0742031
  0.0648576
  0.0575764
  0.0518833
  0.0474263
  0.0439556
  0.0413005
  0.0393505
  0.0380365
  0.0373046
  0.0370658
  0.0371148
  0.0370731
   0.036507
  0.0352485
  0.0335434
  0.0317993
  0.0303008
  0.0291585
  0.0283818
  0.0279471
  0.0278319
  0.0280285
  0.0285484
  0.0294249
  0.0307152
  0.0325005
  0.0348769
  0.0379209
  0.0415987
  0.0456083
  0.0492784
  0.0518627
  0.0532457
  0.0542003
  0.0558075
  0.0588903
  0.0639063
  0.0709521
   0.079541
  0.0882044
  0.0945993
  0.0969365
  0.0955104
  0.0919555
  0.0874513
  0.0825219
   0.077796
  0.0740413
    0.07178
  0.0712557
  0.0725929
  0.0758864
  0.0812273
  0.0887118
  0.0984983
   0.111001
   0.127091
   0.147984
   0.174743
   0.207379
   0.243429
   0.276915
   0.300695
   0.312653
   0.317982
   0.323235
   0.329923
   0.333349
    0.32615
   0.305015
   0.274618
   0.243286
   0.216671
   0.196244
   0.181216
   0.170508
   0.163409
   0.159676
   0.159685
   0.163989
   0.172109
   0.181243
    0.18635
   0.183169
   0.171842
    0.15608
   0.139506
   0.124087
   0.110606
  0.0993337
  0.0904331
  0.0840505
  0.0802297
  0.0788817
  0.0797965
   0.082628
  0.0868957
  0.0920135
  0.0972525
   0.101766
   0.104951
   0.106938
   0.108534
   0.110366
   0.112167
   0.113032
   0.112238
   0.109627
   0.105458
   0.100139
  0.0939596
  0.0872201
   0.080675
  0.0753556
  0.0719672
  0.0706335
  0.0709548
   0.072179
  0.0735431
  0.0746824
   0.075746
  0.0770812
  0.0788235
  0.0807873
  0.0825839
  0.0836635
  0.0834847
  0.0821007
  0.0802799
  0.0787496
  0.0776723
  0.0769111
  0.0765194
   0.076802
  0.0779967
  0.0801501
  0.0833194
  0.0876788
  0.0934224
   0.100783
   0.109948
   0.120492
   0.130747
   0.137981
    0.13999
   0.137023
   0.131665
   0.126834
   0.124172
   0.123836
    0.12501
   0.126727
   0.128567
   0.130612
   0.133031
   0.135998
   0.139757
   0.144551
     0.1505
   0.157536
   0.165313
   0.173162
   0.180345
   0.186179
    0.18969
    0.18951
   0.184774
   0.176481
    0.16736
   0.159822
   0.154593
   0.151228
   0.149133
   0.147749
   0.146132
   0.143045
   0.137886
   0.131342
    0.12487
   0.119551
   0.115584
    0.11266
   0.110391
    0.10844
   0.106632
   0.104951
   0.103407
   0.102054
   0.101067
   0.100484
   0.100036
   0.099531
  0.0991115
   0.098929
  0.0989393
  0.0990604
   0.099411
   0.100309
   0.101963
   0.104188
   0.106424
   0.108196
   0.109559
   0.110792
   0.111923
   0.112793
   0.113349
   0.113639
   0.113601
   0.113016
   0.111821
   0.110238
   0.108538
   0.106894
    0.10542
   0.104276
   0.103697
   0.103873
   0.104845
   0.106581
   0.109085
   0.112344
   0.116158
   0.120143
   0.123993
   0.127592
   0.130814
   0.133505
    0.13575
   0.137928
   0.140418
   0.143383
   0.146723
   0.150056
   0.152822
   0.154614
   0.155542
   0.156168
   0.157067
   0.158476
   0.160057
   0.160887
   0.159954
   0.156857
   0.151999
   0.146113
   0.139902
   0.133969
   0.128679
   0.124073
   0.120017
   0.116457
    0.11352
   0.111372
   0.110071
    0.10956
   0.109633
   0.109862
   0.109824
   0.109369
   0.108563
   0.107513
   0.106304
    0.10497
   0.103478
   0.101766
  0.0998511
  0.0978533
  0.0958846
  0.0939639
  0.0920943
  0.0903555
  0.0888592
  0.0876418
  0.0866566
  0.0858417
  0.0851282
  0.0844591
  0.0838531
  0.0833676
  0.0830113
  0.0827232
  0.0823971
  0.0819387
  0.0813529
  0.0807621
  0.0803298
  0.0801842
  0.0803808
  0.0808789
  0.0815416
  0.0822075
  0.0827683
  0.0831837
  0.0835118
  0.0839097
  0.0845278
  0.0854231
   0.086576
  0.0879399
   0.089448
  0.0909817
  0.0923743
  0.0934482
  0.0940441
  0.0940852
  0.0936306
   0.092815
  0.0917445
  0.0904694
  0.0890497
  0.0876104
  0.0863107
  0.0852731
  0.0845506
  0.0841404
    0.08401
  0.0841107
  0.0843549
   0.084591
  0.0846469
  0.0844179
  0.0838982
  0.0831236
  0.0820988
   0.080794
  0.0792117
  0.0774312
  0.0755741
   0.073758
   0.072102
  0.0707149
  0.0696322
  0.0687954
  0.0680987
  0.0674354
  0.0667264
  0.0659312
  0.0650466
  0.0641124
  0.0632027
  0.0623897
  0.0617193
  0.0612066
  0.0608279
  0.0605387
   0.060312
  0.0601418
  0.0600293
  0.0599957
  0.0600852
  0.0603157
  0.0606372
  0.0609668
  0.0612644
  0.0615474
  0.0618367
  0.0621311
  0.0624109
  0.0626252
   0.062684
  0.0624953
  0.0620273
  0.0613338
  0.0605118
   0.059642
  0.0587639
  0.0578909
   0.057037
  0.0562214
   0.055453
  0.0547281
  0.0540442
  0.0534057
  0.0528101
  0.0522388
  0.0516632
  0.0510522
  0.0503761
  0.0495985
  0.0486723
  0.0475613
  0.0462718
  0.0448515
  0.0433663
  0.0418835
  0.0404643
  0.0391568
  0.0379866
   0.036949
   0.036015
  0.0351419
  0.0342867
  0.0334267
  0.0325733
  0.0317632
  0.0310342
  0.0304031
  0.0298609
  0.0293811
  0.0289325
  0.0284882
  0.0280281
  0.0275469
  0.0270663
  0.0266275
  0.0262649
  0.0259886
  0.0257919
  0.0256654
  0.0255939
  0.0255462
   0.025486
  0.0253899
   0.025246
  0.0250445
  0.0247756
  0.0244344
  0.0240251
  0.0235619
  0.0230663
  0.0225636
  0.0220748
  0.0216097
   0.021171
  0.0207605
  0.0203795
  0.0200262
  0.0196925
  0.0193646
  0.0190294
  0.0186802
   0.018315
  0.0179304
  0.0175177
  0.0170654
  0.0165676
  0.0160281
  0.0154574
  0.0148717
  0.0142931
  0.0137423
  0.0132295
  0.0127549
  0.0123149
  0.0119036
  0.0115106
  0.0111249
  0.0107408
  0.0103624
  0.0100001
 0.00966404
 0.00935744
 0.00907818
 0.00882192
 0.00858315
 0.00835629
 0.00813756
 0.00792703
 0.00772897
 0.00754879
 0.00738836
 0.00724506
  0.0071153
 0.00699698
 0.00688784
 0.00678424
 0.00668279
 0.00658085
 0.00647462
 0.00635887
 0.00622916
  0.0060842
 0.00592707
 0.00576445
 0.00560363
 0.00544934
 0.00530288
 0.00516376
 0.00503202
 0.00490836
 0.00479289
 0.00468418
 0.00457941
 0.00447586
 0.00437204
  0.0042672
 0.00416091
 0.00405312
 0.00394344
 0.00383088
 0.00371492
  0.0035966
 0.00347813
 0.00336221
 0.00325157
 0.00314791
 0.00305137
   0.002961
  0.0028758
 0.00279476
  0.0027166
 0.00264019
 0.00256541
 0.00249313
 0.00242443
 0.00235999
 0.00229992
 0.00224374
 0.00219079
  0.0021407
 0.00209343
 0.00204892
 0.00200687
 0.00196685
  0.0019284
 0.00189133
 0.00185595
 0.00182285
 0.00179252
 0.00176477
 0.00173874
 0.00171339
 0.00168791
 0.00166177
 0.00163471
 0.00160664
 0.00157749
 0.00154741
 0.00151695
 0.00148692
 0.00145802
 0.00143057
 0.00140454
 0.00137979
  0.0013562
 0.00133374
  0.0013124
 0.00129202
 0.00127228
 0.00125278
  0.0012333
 0.00121384
 0.00119441
 0.00117495
 0.00115541
 0.00113592
 0.00111666
 0.00109779
 0.00107937
  0.0010615
 0.00104438
 0.00102815
  0.0010128
0.000998183
0.000984117
0.000970465
 0.00095718
0.000944317
0.000932006
0.000920375
0.000909441
0.000899078
0.000889103
0.000879381
0.000869875
0.000860591
0.000851523
0.000842665
 0.00083406
0.000825794
0.000817941
0.000810502
0.000803395
0.000796487
0.000789646
0.000782792
0.000775917
0.000769046
0.000762201
0.000755384
0.000748597
 0.00074186
0.000735204
0.000728652
0.000722221
 0.00071593
0.000709805
0.000703867
0.000698125
0.000692572
 0.00068718
0.000681904
0.000676695
0.000671519
0.000666375
0.000661284
0.000656262
 0.00065131
0.000646414
0.000641559
0.000636738
0.000631959
0.000627237
0.000622597
0.000618072
 0.00061368
 0.00060942
 0.00060527
0.000601203
0.000597199
0.000593249
0.000589354
0.000585524
0.000581767
 0.00057809
0.000574491
0.000570957
0.000567471
0.000564024
0.000560622
0.000557275
0.000553991
0.000550772
0.000547612
0.000544502
0.000541428
0.000538381
0.000535356
 0.00053236
0.000529402
0.000526487
0.000523614
0.000520775
0.000517965
0.000515181