 0.0017653
0.00178012
0.00179513
0.00181036
0.00182579
0.00184143
0.00185728
0.00187336
0.00188966
0.00190619
0.00192296
0.00193996
 0.0019572
0.00197469
0.00199243
0.00201043
0.00202869
0.00204722
0.00206602
 0.0020851
0.00210447
0.00212412
0.00214407
0.00216432
0.00218488
0.00220576
0.00222695
0.00224848
0.00227034
0.00229255
 0.0023151
0.00233801
0.00236129
0.00238494
0.00240897
 0.0024334
0.00245822
0.00248345
 0.0025091
0.00253518
0.00256169
0.00258865
0.00261607
0.00264396
0.00267232
0.00270118
0.00273054
0.00276041
0.00279081
0.00282175
0.00285324
 0.0028853
0.00291794
0.00295117
0.00298502
0.00301949
 0.0030546
0.00309037
0.00312682
0.00316396
 0.0032018
0.00324038
0.00327971
 0.0033198
0.00336069
0.00340239
0.00344492
 0.0034883
0.00353257
0.00357774
0.00362384
0.00367089
0.00371893
0.00376798
0.00381808
0.00386924
0.00392151
0.00397491
0.00402948
0.00408526
0.00414228
0.00420058
 0.0042602
0.00432118
0.00438356
0.00444739
0.00451271
0.00457957
0.00464803
0.00471813
0.00478992
0.00486347
0.00493884
0.00501608
0.00509525
0.00517643
0.00525969
0.00534509
0.00543272
0.00552265
0.00561496
0.00570975
 0.0058071
0.00590712
0.00600988
0.00611552
0.00622412
0.00633581
0.00645071
0.00656894
0.00669063
0.00681593
0.00694498
0.00707793
0.00721495
0.00735621
0.00750188
0.00765216
0.00780723
0.00796733
0.00813265
0.00830345
0.00847996
0.00866246
 0.0088512
 0.0090465
0.00924865
  0.009458
0.00967488
0.00989967
 0.0101328
 0.0103746
 0.0106255
 0.0108862
 0.0111569
 0.0114384
 0.0117311
 0.0120357
 0.0123528
 0.0126832
 0.0130276
 0.0133868
 0.0137616
  0.014153
 0.0145621
 0.0149899
 0.0154375
 0.0159062
 0.0163974
 0.0169125
 0.0174531
  0.018021
 0.0186181
 0.0192463
 0.0199079
 0.0206053
 0.0213411
 0.0221183
   0.02294
 0.0238097
 0.0247311
 0.0257086
 0.0267468
 0.0278507
 0.0290261
 0.0302793
 0.0316172
 0.0330479
 0.0345799
  0.036223
 0.0379884
 0.0398884
  0.041937
 0.0441501
 0.0465456
 0.0491443
 0.0519695
 0.0550482
 0.0584116
 0.0620956
  0.066142
 0.0705994
  0.075525
 0.0809861
 0.0870621
 0.0938478
  0.101457
  0.110025
  0.119718
  0.130738
  0.143334
  0.157811
  0.174554
  0.194046
  0.216899
  0.243898
   0.27606
  0.314707
  0.361578
  0.418975
  0.489947
  0.578532
  0.689993
  0.830946
   1.00903
   1.23129
   1.49965
    1.8015
   2.09646
   2.31183
   2.37085
   2.24872
   1.99494
   1.69067
   1.39801
   1.14589
  0.940239
  0.776486
  0.647052
  0.544573
  0.462916
  0.397287
  0.344032
  0.300397
  0.264303
  0.234176
  0.208813
  0.187291
  0.168892
  0.153055
  0.139336
   0.12738
  0.116904
  0.107678
 0.0995132
 0.0922566
 0.0857801
 0.0799776
 0.0747604
 0.0700534
 0.0657936
 0.0619268
 0.0584072
 0.0551953
 0.0522568
 0.0495624
 0.0470864
 0.0448064
 0.0427029
 0.0407586
 0.0389586
 0.0372893
  0.035739
 0.0342971
 0.0329543
 0.0317021
 0.0305332
 0.0294408
 0.0284189
  0.027462
 0.0265652
 0.0257242
 0.0249348
 0.0241935
  0.023497
 0.0228423
 0.0222266
 0.0216474
 0.0211025
 0.0205897
 0.0201073
 0.0196534
 0.0192264
  0.018825
 0.0184478
 0.0180935
  0.017761
 0.0174493
 0.0171576
 0.0168849
 0.0166304
 0.0163934
 0.0161734
 0.0159697
 0.0157818
 0.0156093
 0.0154517
 0.0153086
 0.0151798
  0.015065
  0.014964
 0.0148765
 0.0148025
 0.0147419
 0.0146946
 0.0146606
 0.0146399
 0.0146327
  0.014639
 0.0146591
 0.0146931
 0.0147414
 0.0148043
 0.0148822
 0.0149755
 0.0150847
 0.0152105
 0.0153535
 0.0155144
 0.0156941
 0.0158936
 0.0161139
 0.0163561
 0.0166216
 0.0169118
 0.0172284
 0.0175731
  0.017948
 0.0183554
 0.0187976
 0.0192777
 0.0197986
 0.0203641
  0.020978
  0.021645
 0.0223701
 0.0231592
 0.0240189
 0.0249568
 0.0259815
  0.027103
 0.0283329
 0.0296847
 0.0311739
 0.0328188
 0.0346412
 0.0366665
 0.0389255
 0.0414547
 0.0442987
 0.0475115
 0.0511598
 0.0553261
 0.0601137
 0.0656527
 0.0721085
 0.0796924
 0.0886746
 0.0993974
  0.112283
  0.127821
  0.146495
    0.1686
  0.193922
  0.221471
  0.249914
  0.279095
  0.311418
  0.351375
  0.403886
  0.473116
  0.561467
  0.667346
  0.780812
  0.879355
  0.931689
  0.915938
  0.837913
  0.725753
  0.608413
  0.502962
  0.415242
  0.344941
  0.289465
   0.24586
  0.211534
   0.18442
  0.162944
  0.145933
  0.132529
  0.122116
  0.114272
  0.108729
  0.105359
  0.104163
  0.105269
  0.108932
  0.115509
  0.125373
  0.138662
  0.154734
  0.171336
  0.184103
  0.187888
  0.180241
  0.163539
  0.142867
  0.122535
  0.104737
 0.0900427
 0.0782279
 0.0688161
 0.0613237
 0.0553434
 0.0505573
 0.0467279
 0.0436826
 0.0413005
 0.0395006
 0.0382304
 0.0374503
  0.037105
 0.0370771
 0.0371351
 0.0369459
 0.0362287
 0.0349597
 0.0333808
 0.0317993
  0.030423
 0.0293386
 0.0285586
 0.0280672
 0.0278455
 0.0278824
 0.0281789
 0.0287501
 0.0296267
 0.0308557
 0.0325005
  0.034634
 0.0373168
 0.0405434
  0.044147
 0.0477058
  0.050617
 0.0524797
 0.0535021
 0.0544148
 0.0560175
 0.0588903
 0.0633648
 0.0695312
 0.0771085
 0.0851844
 0.0921259
 0.0962003
 0.0967749
 0.0946845
 0.0911877
 0.0870137
 0.0825219
 0.0781961
 0.0746236
 0.0722313
 0.0712364
  0.071748
  0.073842
 0.0775868
 0.0830514
 0.0903127
 0.0995131
  0.111001
  0.125449
  0.143773
  0.166831
  0.194915
  0.226922
  0.259432
  0.286968
  0.305017
  0.313892
  0.318393
  0.323235
  0.329343
  0.333312
  0.329499
  0.314174
  0.289044
  0.260047
  0.232908
    0.2105
  0.193145
  0.180077
  0.170508
  0.163916
  0.160095
  0.159273
  0.161918
  0.168059
  0.176405
  0.183853
  0.186394
  0.181633
  0.170527
   0.15608
  0.140983
  0.126759
  0.114071
  0.103167
 0.0941741
 0.0872139
 0.0823667
 0.0796234
 0.0788879
  0.079981
 0.0826279
 0.0864629
 0.0910502
   0.09586
  0.100258
  0.103681
  0.105962
  0.107516
  0.109003
  0.110718
  0.112299
  0.113032
  0.112387
  0.110229
  0.106726
  0.102184
 0.0968624
 0.0909333
 0.0847628
 0.0790632
 0.0745844
 0.0717636
 0.0706335
 0.0708756
 0.0719269
 0.0731882
 0.0742938
 0.0752486
 0.0763032
 0.0776717
 0.0793512
 0.0811409
 0.0827219
 0.0836639
 0.0835578
 0.0824109
 0.0807667
 0.0792474
 0.0781119
 0.0772906
 0.0767125
 0.0765166
 0.0769495
 0.0781545
 0.0801519
 0.0829871
 0.0867913
   0.09171
 0.0979053
  0.105565
  0.114638
  0.124385
   0.13314
  0.138768
  0.139901
  0.137023
  0.132166
  0.127573
  0.124644
   0.12372
  0.124351
   0.12576
  0.127379
  0.129094
  0.131019
  0.133277
  0.136004
  0.139387
  0.143609
  0.148776
  0.154874
  0.161722
  0.168911
  0.175876
  0.182093
  0.187022
  0.189846
  0.189514
   0.18539
  0.178146
  0.169767
  0.162296
  0.156697
   0.15287
  0.150344
  0.148712
  0.147506
  0.145933
  0.143058
  0.138443
  0.132561
  0.126505
  0.121251
  0.117161
  0.114097
  0.111764
  0.109867
  0.108168
  0.106563
  0.105048
  0.103641
  0.102382
  0.101388
  0.100732
  0.100268
 0.0997824
 0.0992814
 0.0989288
 0.0987918
 0.0988044
 0.0989188
 0.0992361
 0.0999859
  0.101354
  0.103292
  0.105458
  0.107396
  0.108906
  0.110139
  0.111263
  0.112233
  0.112927
  0.113317
  0.113467
  0.113398
  0.113004
  0.112182
  0.111002
  0.109641
  0.108226
  0.106818
   0.10548
  0.104369
   0.10372
  0.103728
  0.104442
  0.105812
   0.10781
  0.110447
  0.113667
  0.117251
   0.12089
  0.124378
  0.127642
  0.130598
   0.13312
  0.135221
  0.137143
  0.139189
  0.141537
  0.144227
  0.147193
  0.150255
  0.153095
  0.155356
  0.156831
  0.157574
  0.157851
  0.158019
  0.158345
  0.158789
  0.158865
  0.157811
  0.155144
   0.15105
  0.146116
  0.140925
  0.135917
  0.131303
  0.127027
  0.122926
  0.118997
  0.115469
   0.11265
  0.110714
  0.109637
  0.109276
  0.109407
    0.1097
  0.109806
  0.109545
  0.108962
  0.108167
  0.107184
   0.10598
  0.104566
  0.103006
  0.101371
 0.0997016
 0.0980128
 0.0963194
  0.094649
 0.0930366
 0.0915058
 0.0900724
 0.0887543
 0.0875681
 0.0865354
 0.0856862
 0.0850262
 0.0845078
 0.0840654
 0.0836742
 0.0833521
 0.0831014
  0.082855
 0.0824986
 0.0819725
 0.0813328
 0.0807064
 0.0802168
 0.0799545
 0.0799838
 0.0803266
 0.0809291
 0.0816687
 0.0824022
 0.0830121
 0.0834524
 0.0837899
 0.0841728
 0.0847189
 0.0854466
 0.0863184
 0.0873223
 0.0884884
 0.0898253
 0.0912391
  0.092536
 0.0935151
 0.0940422
 0.0940716
 0.0936495
 0.0928918
  0.091931
 0.0908756
 0.0897917
 0.0886949
  0.087586
 0.0865044
 0.0855278
  0.084737
 0.0841983
 0.0839511
 0.0839845
 0.0842197
 0.0845057
 0.0846575
 0.0845434
 0.0841423
 0.0835078
 0.0826916
 0.0817077
 0.0805461
 0.0791954
 0.0776722
 0.0760391
 0.0743893
 0.0728228
 0.0714364
 0.0702981
 0.0694064
  0.068687
 0.0680524
  0.067451
 0.0668502
 0.0662036
   0.06546
 0.0646047
 0.0636875
 0.0628082
 0.0620605
 0.0614833
 0.0610589
 0.0607457
    0.0605
 0.0602845
 0.0600829
 0.0599148
 0.0598362
 0.0599159
 0.0601936
 0.0606426
  0.061166
  0.061643
 0.0619966
 0.0622131
 0.0623033
 0.0622848
 0.0622049
 0.0621344
 0.0621075
 0.0620769
  0.061931
 0.0615621
 0.0609363
 0.0601126
  0.059206
  0.058331
 0.0575509
 0.0568674
 0.0562549
 0.0556985
 0.0551966
 0.0547459
  0.054331
 0.0539166
 0.0534592
 0.0529352
 0.0523436
 0.0516824
 0.0509405
  0.050106
 0.0491637
 0.0480939
 0.0468909
 0.0455805
 0.0442142
 0.0428492
 0.0415351
 0.0403082
 0.0391839
 0.0381572
 0.0372129
 0.0363376
  0.035523
 0.0347575
 0.0340211
  0.033297
 0.0325855
 0.0318999
 0.0312532
   0.03065
  0.030088
 0.0295606
 0.0290606
  0.028587
 0.0281508
 0.0277689
 0.0274484
 0.0271784
  0.026933
 0.0266814
 0.0264039
 0.0261039
 0.0258096
 0.0255609
 0.0253878
 0.0252904
 0.0252388
 0.0251915
  0.025116
 0.0249939
 0.0248147
 0.0245689
 0.0242444
 0.0238344
 0.0233518
 0.0228321
  0.022318
 0.0218394
 0.0214066
 0.0210154
 0.0206568
 0.0203231
 0.0200106
 0.0197186
 0.0194452
 0.0191821
 0.0189127
 0.0186184
 0.0182882
  0.017921
 0.0175209
 0.0170907
 0.0166334
 0.0161558
 0.0156669
 0.0151723
 0.0146725
 0.0141682
 0.0136678
 0.0131858
 0.0127328
 0.0123089
 0.0119072
 0.0115199
 0.0111413
 0.0107696
 0.0104074
 0.0100616
0.00974232
0.00945772
0.00920831
0.00898581
 0.0087781
0.00857563
0.00837432
0.00817413
0.00797662
0.00778448
0.00760271
0.00743883
0.00729988
0.00718798
0.00709871
 0.0070228
 0.0069491
0.00686828
0.00677606
0.00667326
0.00656269
0.00644579
0.00632218
0.00619118
 0.0060532
0.00590976
0.00576275
0.00561389
0.00546494
0.00531813
0.00517628
0.00504246
0.00491946
0.00480887
0.00471019
0.00462071
0.00453612
0.00445173
 0.0043642
0.00427279
0.00417883
0.00408404
 0.0039892
0.00389357
 0.0037956
0.00369403
0.00358856
0.00347989
0.00336997
0.00326216
0.00316027
0.00306676
0.00298179
0.00290369
0.00283001
0.00275861
0.00268834
0.00261911
0.00255154
0.00248657
0.00242518
0.00236802
0.00231488
0.00226448
0.00221511
0.00216578
0.00211692
0.00206992
0.00202622
 0.0019867
0.00195149
0.00192007
0.00189138
0.00186391
0.00183615
0.00180728
0.00177765
0.00174846
0.00172102
0.00169586
0.00167256
0.00165022
0.00162808
0.00160573
0.00158304
0.00155988
0.00153605
 0.0015115
0.00148638
0.00146106
0.00143595
0.00141133
0.00138738
0.00136423
0.00134187
0.00132021
0.00129907
0.00127842
0.00125835
0.00123901
0.00122047
0.00120259
0.00118516
0.00116793