 0.00261673
 0.00264469
 0.00267314
 0.00270207
 0.00273151
 0.00276146
 0.00279195
 0.00282297
 0.00285455
 0.00288669
 0.00291942
 0.00295275
 0.00298669
 0.00302125
 0.00305646
 0.00309232
 0.00312887
 0.00316611
 0.00320406
 0.00324274
 0.00328217
 0.00332237
 0.00336336
 0.00340517
 0.00344781
  0.0034913
 0.00353568
 0.00358097
 0.00362718
 0.00367435
 0.00372251
 0.00377168
 0.00382189
 0.00387318
 0.00392557
 0.00397909
 0.00403378
 0.00408969
 0.00414683
 0.00420525
 0.00426499
 0.00432609
 0.00438859
 0.00445254
 0.00451799
 0.00458497
 0.00465354
 0.00472375
 0.00479566
 0.00486932
 0.00494479
 0.00502213
  0.0051014
 0.00518268
 0.00526602
 0.00535151
 0.00543921
 0.00552921
 0.00562158
 0.00571642
 0.00581382
 0.00591386
 0.00601664
 0.00612228
 0.00623087
 0.00634254
 0.00645739
 0.00657556
 0.00669717
 0.00682236
 0.00695128
 0.00708407
  0.0072209
 0.00736194
 0.00750735
 0.00765733
 0.00781207
 0.00797178
 0.00813668
 0.00830699
 0.00848295
 0.00866483
  0.0088529
 0.00904744
 0.00924875
 0.00945716
 0.00967302
 0.00989667
  0.0101285
  0.0103689
  0.0106184
  0.0108773
  0.0111463
  0.0114257
  0.0117162
  0.0120184
  0.0123329
  0.0126603
  0.0130015
  0.0133571
  0.0137281
  0.0141153
  0.0145198
  0.0149424
  0.0153845
  0.0158471
  0.0163315
  0.0168393
  0.0173718
  0.0179309
  0.0185181
  0.0191356
  0.0197853
  0.0204696
  0.0211911
  0.0219524
  0.0227565
  0.0236068
  0.0245068
  0.0254605
  0.0264723
  0.0275469
  0.0286897
  0.0299066
  0.0312041
  0.0325895
   0.034071
  0.0356575
  0.0373593
  0.0391877
  0.0411557
  0.0432777
  0.0455702
  0.0480518
   0.050744
  0.0536709
  0.0568607
  0.0603454
  0.0641624
  0.0683549
  0.0729734
   0.078077
  0.0837354
  0.0900309
  0.0970618
   0.104945
   0.113823
   0.123865
   0.135282
    0.14833
   0.163327
   0.180669
   0.200857
   0.224524
   0.252483
   0.285783
   0.325793
   0.374311
   0.433715
   0.507159
   0.598817
   0.714132
   0.859955
    1.04421
    1.27424
    1.55221
    1.86539
    2.17238
    2.39814
    2.46252
    2.33854
    2.07652
    1.76074
    1.45625
     1.1936
   0.979229
   0.808492
    0.67353
   0.566681
   0.481551
   0.413139
   0.357633
   0.312159
   0.274548
   0.243157
   0.216733
   0.194311
   0.175144
   0.158645
   0.144352
   0.131897
   0.120982
   0.111368
    0.10286
   0.095297
  0.0885457
  0.0824957
  0.0770546
  0.0721444
   0.067699
  0.0636625
  0.0599868
  0.0566308
   0.053559
  0.0507407
  0.0481491
   0.045761
  0.0435559
  0.0415161
  0.0396257
  0.0378707
  0.0362389
  0.0347193
   0.033302
  0.0319784
  0.0307407
  0.0295818
  0.0284954
  0.0274759
   0.026518
  0.0256173
  0.0247694
  0.0239705
  0.0232172
  0.0225063
  0.0218349
  0.0212004
  0.0206003
  0.0200325
  0.0194948
  0.0189855
  0.0185028
  0.0180451
   0.017611
  0.0171991
  0.0168082
  0.0164371
  0.0160848
  0.0157503
  0.0154326
   0.015131
  0.0148446
  0.0145727
  0.0143146
  0.0140698
  0.0138375
  0.0136174
  0.0134088
  0.0132113
  0.0130245
   0.012848
  0.0126814
  0.0125243
  0.0123764
  0.0122375
  0.0121073
  0.0119855
  0.0118719
  0.0117662
  0.0116683
  0.0115781
  0.0114953
  0.0114199
  0.0113516
  0.0112905
  0.0112363
  0.0111891
  0.0111488
  0.0111153
  0.0110885
  0.0110686
  0.0110555
  0.0110491
  0.0110496
  0.0110569
  0.0110712
  0.0110924
  0.0111208
  0.0111563
  0.0111992
  0.0112495
  0.0113075
  0.0113733
  0.0114471
  0.0115292
  0.0116197
  0.0117191
  0.0118275
  0.0119453
  0.0120728
  0.0122106
  0.0123589
  0.0125183
  0.0126892
  0.0128723
   0.013068
  0.0132772
  0.0135005
  0.0137386
  0.0139924
  0.0142629
  0.0145511
  0.0148579
  0.0151848
  0.0155328
  0.0159036
  0.0162987
  0.0167197
  0.0171687
  0.0176476
  0.0181588
  0.0187049
  0.0192887
  0.0199132
  0.0205821
   0.021299
  0.0220685
  0.0228951
  0.0237845
  0.0247426
  0.0257763
  0.0268933
  0.0281024
  0.0294135
   0.030838
  0.0323889
  0.0340811
   0.035932
  0.0379613
  0.0401923
  0.0426523
  0.0453729
  0.0483918
  0.0517537
  0.0555119
  0.0597305
  0.0644871
  0.0698763
  0.0760143
   0.083045
  0.0911479
   0.100549
   0.111535
   0.124472
   0.139829
   0.158204
   0.180354
     0.2072
   0.239786
   0.279122
   0.325909
   0.380368
   0.442836
   0.515408
   0.603063
   0.712244
   0.847106
    1.00411
    1.16496
    1.29247
    1.34184
    1.29072
    1.15878
   0.990044
   0.822492
   0.675728
    0.55501
   0.458528
   0.382175
    0.32173
   0.273605
   0.234968
   0.203654
   0.178027
   0.156854
     0.1392
   0.124353
   0.111766
   0.101015
  0.0917693
  0.0837659
  0.0767971
  0.0706956
  0.0653262
  0.0605788
   0.056363
  0.0526039
  0.0492395
  0.0462178
   0.043495
  0.0410342
   0.038804
  0.0367774
  0.0349316
  0.0332466
  0.0317054
   0.030293
  0.0289965
  0.0278047
  0.0267075
  0.0256963
  0.0247634
  0.0239021
  0.0231064
   0.022371
  0.0216912
  0.0210629
  0.0204825
  0.0199466
  0.0194524
  0.0189974
  0.0185795
  0.0181967
  0.0178474
  0.0175304
  0.0172446
  0.0169892
  0.0167639
  0.0165685
  0.0164033
   0.016269
  0.0161669
  0.0160989
  0.0160678
  0.0160775
   0.016133
  0.0162412
  0.0164101
  0.0166485
   0.016963
  0.0173513
  0.0177925
  0.0182395
  0.0186333
  0.0189453
  0.0192107
  0.0195116
  0.0199328
  0.0205399
  0.0213855
  0.0225233
  0.0240189
  0.0259555
  0.0284309
   0.031535
  0.0352881
  0.0395123
  0.0436532
  0.0467268
  0.0477111
  0.0462997
  0.0431783
  0.0394378
  0.0359024
  0.0329521
  0.0306637
  0.0289768
  0.0277926
  0.0270165
  0.0265709
  0.0263968
  0.0264512
  0.0267036
  0.0271336
  0.0277286
  0.0284822
  0.0293929
  0.0304641
  0.0317028
  0.0331204
  0.0347322
   0.036558
  0.0386226
  0.0409563
  0.0435965
  0.0465885
   0.049988
  0.0538628
  0.0582965
  0.0633923
  0.0692786
  0.0761168
  0.0841103
  0.0935185
   0.104675
   0.118012
   0.134094
   0.153667
   0.177716
    0.20755
   0.244893
   0.291977
   0.351554
   0.426656
   0.519686
   0.630128
    0.75019
    0.85984
   0.928089
   0.928829
   0.861824
    0.75293
   0.633235
   0.522998
   0.430182
   0.355404
   0.296311
   0.249906
   0.213464
   0.184773
   0.162086
   0.143989
   0.129262
   0.116835
    0.10592
  0.0961458
  0.0874617
  0.0798965
  0.0734171
  0.0679401
   0.063379
  0.0596694
  0.0567761
  0.0546909
  0.0534263
  0.0530038
  0.0534218
  0.0545788
  0.0561474
  0.0574819
  0.0577839
  0.0566246
  0.0543363
  0.0517424
  0.0495825
  0.0482108
  0.0475644
  0.0471984
  0.0464121
  0.0446203
  0.0417777
  0.0383583
  0.0349314
  0.0318537
   0.029248
  0.0271019
  0.0253514
  0.0239241
  0.0227562
  0.0217962
   0.021004
  0.0203491
  0.0198083
  0.0193639
  0.0190024
  0.0187134
  0.0184891
  0.0183233
  0.0182115
  0.0181505
  0.0181377
  0.0181716
  0.0182514
  0.0183769
  0.0185485
  0.0187672
  0.0190345
  0.0193526
  0.0197242
  0.0201527
  0.0206424
  0.0211981
  0.0218259
  0.0225329
  0.0233274
  0.0242193
  0.0252204
  0.0263447
  0.0276091
  0.0290336
  0.0306429
  0.0324665
  0.0345411
  0.0369116
   0.039634
  0.0427785
   0.046432
  0.0507024
  0.0557188
  0.0616266
  0.0685696
  0.0766587
  0.0859568
  0.0965523
   0.108754
   0.123253
   0.141075
   0.163422
   0.191589
   0.226865
   0.270088
   0.320484
   0.373691
   0.420194
    0.44765
   0.448864
   0.428195
   0.397783
   0.368928
   0.348186
   0.338202
   0.339138
   0.349308
   0.365734
   0.384708
   0.401269
   0.408635
   0.400982
   0.377808
   0.343551
   0.303578
   0.262352
     0.2235
   0.189436
   0.161051
    0.13811
   0.119874
    0.10552
  0.0943334
  0.0857563
  0.0793756
  0.0748694
  0.0719154
  0.0700497
  0.0685309
  0.0664113
  0.0629909
  0.0583085
  0.0530268
   0.047867
  0.0432532
  0.0393165
  0.0360265
  0.0332942
  0.0310237
  0.0291323
  0.0275539
  0.0262387
  0.0251501
  0.0242616
  0.0235532
  0.0230054
  0.0225898
  0.0222579
  0.0219402
  0.0215732
  0.0211431
  0.0206929
  0.0202835
  0.0199578
  0.0197346
  0.0196179
  0.0196063
  0.0196983
  0.0198946
  0.0201993
  0.0206201
  0.0211682
   0.021858
  0.0227044
  0.0237175
  0.0248932
  0.0262063
   0.027621
  0.0291294
  0.0307853
  0.0326934
  0.0349735
  0.0377455
   0.041142
  0.0453208
  0.0504664
  0.0567894
  0.0645233
  0.0738999
  0.0850571
  0.0977954
   0.111217
   0.123626
   0.133209
   0.139218
    0.14241
   0.144365
    0.14669
   0.150752
   0.157666
   0.168257
   0.182995
   0.201972
   0.224876
   0.250918
   0.278721
   0.305522
   0.325586
    0.33082
   0.316167
   0.284686
   0.245226
    0.20607
   0.171737
   0.143534
     0.1211
   0.103485
  0.0896418
  0.0786116
  0.0696095
  0.0621099
  0.0558467
  0.0507018
  0.0465921
  0.0434256
  0.0410926
   0.039454
  0.0383299
   0.037525
  0.0368876
  0.0362982
   0.035559
  0.0343788
   0.032589
  0.0303387
  0.0279825
  0.0258262
  0.0240044
  0.0224983
  0.0211966
  0.0199753
  0.0187753
  0.0176205
  0.0165663
  0.0156494
   0.014878
  0.0142426
   0.013728
  0.0133197
   0.013006
  0.0127792
  0.0126347
  0.0125707
  0.0125871
  0.0126827
  0.0128515
  0.0130794
  0.0133481
  0.0136493
  0.0139981
  0.0144285
   0.014979
   0.015686
  0.0165895
  0.0177394
  0.0191955
  0.0210203
   0.023262
  0.0259251
  0.0289386
  0.0321444
  0.0353058
  0.0381162
  0.0402713
  0.0416517
  0.0424183
  0.0428672
  0.0432545
  0.0437894
  0.0447003
  0.0462304
  0.0485789
  0.0518834
  0.0562575
  0.0618412
   0.068843
  0.0775506
  0.0881364
   0.100118
   0.111718
   0.119812
    0.12132
   0.115526
   0.104786
  0.0925819
  0.0813946
  0.0721415
  0.0646689
  0.0584013
  0.0527554
  0.0473221
  0.0419905
  0.0369465
  0.0324617
  0.0286909
  0.0256316
  0.0231751
  0.0211693
  0.0194748
  0.0179997
  0.0166952
  0.0155269
   0.014454
  0.0134397
  0.0124776
  0.0115912
  0.0108047
  0.0101251
 0.00954359
 0.00904033
 0.00858799
 0.00816236
 0.00775551
 0.00737585
 0.00703576
  0.0067424
 0.00649691
 0.00629715
 0.00613973
 0.00602063
 0.00593527
 0.00587963
 0.00585281
 0.00585781
 0.00589741
 0.00596777
 0.00605531
 0.00614044
 0.00620638
 0.00624654
 0.00626851
 0.00629391
 0.00635126
 0.00646713
 0.00666304
 0.00695674
 0.00736398
 0.00789812
 0.00856585
 0.00935799
  0.0102374
   0.011131
  0.0119392
  0.0125712
  0.0129944
  0.0132502
  0.0134128
  0.0135483
  0.0137186
  0.0139966
  0.0144556
  0.0151461
  0.0160804
  0.0172387
  0.0185895
  0.0200881
  0.0216181
  0.0228958
  0.0234565
  0.0228872
  0.0211869
  0.0188049
  0.0162965
  0.0140304
  0.0121492
  0.0106546
 0.00948703
 0.00857154
 0.00784125
 0.00724798
 0.00676194
 0.00636202
 0.00602212
 0.00570913
 0.00539914
 0.00509027
 0.00479332
  0.0045161
 0.00426047
 0.00402778
 0.00382093
 0.00364051
 0.00348121
 0.00333368
 0.00318988
 0.00304687
   0.002907
 0.00277547
 0.00265667
 0.00255156
  0.0024578
 0.00237193
 0.00229162
 0.00221625
 0.00214625
 0.00208244
  0.0020256
  0.0019761
  0.0019338
 0.00189824
 0.00186884
 0.00184516
 0.00182704
 0.00181449
 0.00180727
 0.00180429
 0.00180328
  0.0018015
 0.00179704
 0.00178987
 0.00178187
 0.00177633
 0.00177688
 0.00178675
 0.00180864
 0.00184486
 0.00189714
 0.00196582
 0.00204852
 0.00213925
 0.00222934
  0.0023099
 0.00237343
 0.00241498
  0.0024346
 0.00243864
 0.00243588
 0.00243258
 0.00243283
 0.00244184
 0.00246654
 0.00251342
 0.00258587
 0.00268315
 0.00280101
  0.0029326
  0.0030668
 0.00318414
 0.00325462
 0.00324413
 0.00313358
 0.00293734
 0.00269753
 0.00245811
 0.00224589
  0.0020692
  0.0019253
 0.00180716
 0.00170728
 0.00161974
 0.00154117
 0.00147063
 0.00140848
 0.00135465
   0.001308
 0.00126688
 0.00122992
 0.00119602
 0.00116423
 0.00113386
  0.0011049
 0.00107787
 0.00105317
 0.00103073
 0.00101013
0.000990975
0.000973037
0.000956242
0.000940578
0.000926036
0.000912535
0.000899916
0.000888015
0.000876739
0.000866079
0.000856064
 0.00084673
0.000838102
 0.00083018
0.000822928
0.000816279
0.000810156
0.000804499
0.000799281
0.000794498
0.000790123
0.000786051
0.000782088
0.000778019
0.000773703
0.000769136
0.000764472
    0.00076
0.000756071
0.000753014
0.000751087
0.000750465
0.000751237
0.000753384
0.000756766
0.000761108
0.000765941
0.000770564
0.000774135
0.000775869
0.000775293
0.000772533
 0.00076835
 0.00076369
0.000759228
0.000755394
0.000752582
0.000751155
0.000751292
0.000752874
0.000755512
0.000758628
0.000761443
0.000762829
0.000761196
0.000754838
0.000742936
0.000726452
0.000707757
0.000689257
0.000672422
0.000657764
0.000645239
 0.00063457
0.000625399
0.000617358
0.000610132
0.000603503
0.000597352
0.000591641
 0.00058635
0.000581433
0.000576815
 0.00057242
0.000568187
0.000564056
0.000559987
0.000555976
0.000552054
0.000548261
0.000544609
0.000541083
0.000537649
0.000534283
0.000530974
0.000527729
0.000524561
0.000521486
0.000518506
0.000515614
0.000512797
0.000510042
0.000507344
0.000504699
0.000502108
0.000499568
0.000497078
0.000494631
0.000492228
0.000489871
0.000487562
  0.0004853
0.000483082
0.000480907
0.000478771
0.000476669
0.000474591
0.000472525
0.000470459
0.000468387
0.000466319
 0.00046427
0.000462255
0.000460284
0.000458362
0.000456496
0.000454694
0.000452964
0.000451311
0.000449736
0.000448237
0.000446815
0.000445468
0.000444183
0.000442933
0.000441674
0.000440356
0.000438928
 0.00043735
0.000435608