 0.00261673
 0.00264469
 0.00267314
 0.00270207
 0.00273151
 0.00276146
 0.00279195
 0.00282297
 0.00285455
 0.00288669
 0.00291942
 0.00295275
 0.00298669
 0.00302125
 0.00305646
 0.00309232
 0.00312887
 0.00316611
 0.00320406
 0.00324274
 0.00328217
 0.00332237
 0.00336336
 0.00340517
 0.00344781
  0.0034913
 0.00353568
 0.00358097
 0.00362718
 0.00367435
 0.00372251
 0.00377168
 0.00382189
 0.00387318
 0.00392557
 0.00397909
 0.00403378
 0.00408969
 0.00414683
 0.00420525
 0.00426499
 0.00432609
 0.00438859
 0.00445254
 0.00451799
 0.00458497
 0.00465354
 0.00472375
 0.00479566
 0.00486932
 0.00494479
 0.00502213
  0.0051014
 0.00518268
 0.00526602
 0.00535151
 0.00543921
 0.00552921
 0.00562158
 0.00571642
 0.00581382
 0.00591386
 0.00601664
 0.00612228
 0.00623087
 0.00634254
 0.00645739
 0.00657556
 0.00669717
 0.00682236
 0.00695128
 0.00708407
  0.0072209
 0.00736194
 0.00750735
 0.00765733
 0.00781207
 0.00797178
 0.00813668
 0.00830699
 0.00848295
 0.00866483
  0.0088529
 0.00904744
 0.00924875
 0.00945716
 0.00967302
 0.00989667
  0.0101285
  0.0103689
  0.0106184
  0.0108773
  0.0111463
  0.0114257
  0.0117162
  0.0120184
  0.0123329
  0.0126603
  0.0130015
  0.0133571
  0.0137281
  0.0141153
  0.0145198
  0.0149424
  0.0153845
  0.0158471
  0.0163315
  0.0168393
  0.0173718
  0.0179309
  0.0185181
  0.0191356
  0.0197853
  0.0204696
  0.0211911
  0.0219524
  0.0227565
  0.0236068
  0.0245068
  0.0254605
  0.0264723
  0.0275469
  0.0286897
  0.0299066
  0.0312041
  0.0325895
   0.034071
  0.0356575
  0.0373593
  0.0391877
  0.0411557
  0.0432777
  0.0455702
  0.0480518
   0.050744
  0.0536709
  0.0568607
  0.0603454
  0.0641624
  0.0683549
  0.0729734
   0.078077
  0.0837354
  0.0900309
  0.0970618
   0.104945
   0.113823
   0.123865
   0.135282
    0.14833
   0.163327
   0.180669
   0.200857
   0.224524
   0.252483
   0.285783
   0.325793
   0.374311
   0.433715
   0.507159
   0.598817
   0.714132
   0.859955
    1.04421
    1.27424
    1.55221
    1.86539
    2.17238
    2.39814
    2.46252
    2.33854
    2.07652
    1.76074
    1.45625
     1.1936
   0.979229
   0.808492
    0.67353
   0.566681
   0.481551
   0.413139
   0.357633
   0.312159
   0.274548
   0.243157
   0.216733
   0.194311
   0.175144
   0.158645
   0.144352
   0.131897
   0.120982
   0.111368
    0.10286
   0.095297
  0.0885457
  0.0824957
  0.0770546
  0.0721444
   0.067699
  0.0636625
  0.0599868
  0.0566308
   0.053559
  0.0507407
  0.0481491
   0.045761
  0.0435559
  0.0415161
  0.0396257
  0.0378707
  0.0362389
  0.0347193
   0.033302
  0.0319784
  0.0307407
  0.0295818
  0.0284954
  0.0274759
   0.026518
  0.0256173
  0.0247694
  0.0239705
  0.0232172
  0.0225063
  0.0218349
  0.0212004
  0.0206003
  0.0200325
  0.0194948
  0.0189855
  0.0185028
  0.0180451
   0.017611
  0.0171991
  0.0168082
  0.0164371
  0.0160848
  0.0157503
  0.0154326
   0.015131
  0.0148446
  0.0145727
  0.0143146
  0.0140698
  0.0138375
  0.0136174
  0.0134088
  0.0132113
  0.0130245
   0.012848
  0.0126814
  0.0125243
  0.0123764
  0.0122375
  0.0121073
  0.0119855
  0.0118719
  0.0117662
  0.0116683
  0.0115781
  0.0114953
  0.0114199
  0.0113516
  0.0112905
  0.0112363
  0.0111891
  0.0111488
  0.0111153
  0.0110885
  0.0110686
  0.0110555
  0.0110491
  0.0110496
  0.0110569
  0.0110712
  0.0110924
  0.0111208
  0.0111563
  0.0111992
  0.0112495
  0.0113075
  0.0113733
  0.0114471
  0.0115292
  0.0116197
  0.0117191
  0.0118275
  0.0119453
  0.0120728
  0.0122106
  0.0123589
  0.0125183
  0.0126892
  0.0128723
   0.013068
  0.0132772
  0.0135005
  0.0137386
  0.0139924
  0.0142629
  0.0145511
  0.0148579
  0.0151848
  0.0155328
  0.0159036
  0.0162987
  0.0167197
  0.0171687
  0.0176476
  0.0181588
  0.0187049
  0.0192887
  0.0199132
  0.0205821
   0.021299
  0.0220685
  0.0228951
  0.0237845
  0.0247426
  0.0257763
  0.0268933
  0.0281024
  0.0294135
   0.030838
  0.0323889
  0.0340811
   0.035932
  0.0379613
  0.0401923
  0.0426523
  0.0453729
  0.0483918
  0.0517537
  0.0555119
  0.0597305
  0.0644871
  0.0698763
  0.0760143
   0.083045
  0.0911479
   0.100549
   0.111535
   0.124472
   0.139829
   0.158204
   0.180354
     0.2072
   0.239786
   0.279122
   0.325909
   0.380368
   0.442836
   0.515408
   0.603063
   0.712244
   0.847106
    1.00411
    1.16496
    1.29247
    1.34184
    1.29072
    1.15878
   0.990044
   0.822492
   0.675728
    0.55501
   0.458528
   0.382175
    0.32173
   0.273605
   0.234968
   0.203654
   0.178027
   0.156854
     0.1392
   0.124353
   0.111766
   0.101015
  0.0917693
  0.0837659
  0.0767971
  0.0706956
  0.0653262
  0.0605788
   0.056363
  0.0526039
  0.0492395
  0.0462178
   0.043495
  0.0410342
   0.038804
  0.0367774
  0.0349316
  0.0332466
  0.0317054
   0.030293
  0.0289965
  0.0278047
  0.0267075
  0.0256963
  0.0247634
  0.0239021
  0.0231064
   0.022371
  0.0216912
  0.0210629
  0.0204825
  0.0199466
  0.0194524
  0.0189974
  0.0185795
  0.0181967
  0.0178474
  0.0175304
  0.0172446
  0.0169892
  0.0167639
  0.0165685
  0.0164033
   0.016269
  0.0161669
  0.0160989
  0.0160678
  0.0160775
   0.016133
  0.0162412
  0.0164101
  0.0166485
   0.016963
  0.0173513
  0.0177925
  0.0182395
  0.0186333
  0.0189453
  0.0192107
  0.0195116
  0.0199328
  0.0205399
  0.0213855
  0.0225233
  0.0240189
  0.0259555
  0.0284309
   0.031535
  0.0352881
  0.0395123
  0.0436532
  0.0467268
  0.0477111
  0.0462997
  0.0431783
  0.0394378
  0.0359024
  0.0329521
  0.0306637
  0.0289768
  0.0277926
  0.0270165
  0.0265709
  0.0263968
  0.0264512
  0.0267036
  0.0271336
  0.0277286
  0.0284822
  0.0293929
  0.0304641
  0.0317028
  0.0331204
  0.0347322
   0.036558
  0.0386226
  0.0409563
  0.0435965
  0.0465885
   0.049988
  0.0538628
  0.0582965
  0.0633923
  0.0692786
  0.0761168
  0.0841103
  0.0935185
   0.104675
   0.118012
   0.134094
   0.153667
   0.177716
    0.20755
   0.244893
   0.291977
   0.351554
   0.426656
   0.519686
   0.630128
    0.75019
    0.85984
   0.928089
   0.928829
   0.861824
    0.75293
   0.633235
   0.522998
   0.430182
   0.355404
   0.296311
   0.249906
   0.213464
   0.184773
   0.162086
   0.143989
   0.129262
   0.116835
    0.10592
  0.0961458
  0.0874617
  0.0798965
  0.0734171
  0.0679401
   0.063379
  0.0596694
  0.0567761
  0.0546909
  0.0534263
  0.0530038
  0.0534218
  0.0545788
  0.0561474
  0.0574819
  0.0577839
  0.0566246
  0.0543363
  0.0517424
  0.0495825
  0.0482108
  0.0475644
  0.0471984
  0.0464121
  0.0446203
  0.0417777
  0.0383583
  0.0349314
  0.0318537
   0.029248
  0.0271019
  0.0253514
  0.0239241
  0.0227562
  0.0217962
   0.021004
  0.0203491
  0.0198083
  0.0193639
  0.0190024
  0.0187134
  0.0184891
  0.0183233
  0.0182115
  0.0181505
  0.0181377
  0.0181716
  0.0182514
  0.0183769
  0.0185485
  0.0187672
  0.0190345
  0.0193526
  0.0197242
  0.0201527
  0.0206424
  0.0211981
  0.0218259
  0.0225329
  0.0233274
  0.0242193
  0.0252204
  0.0263447
  0.0276091
  0.0290336
  0.0306429
  0.0324665
  0.0345411
  0.0369116
  0.0396341
  0.0427785
   0.046432
  0.0507024
  0.0557188
  0.0616266
  0.0685696
  0.0766587
  0.0859568
  0.0965524
   0.108754
   0.123253
   0.141075
   0.163422
   0.191589
   0.226865
   0.270088
   0.320484
   0.373691
   0.420194
    0.44765
   0.448864
   0.428195
   0.397783
   0.368928
   0.348186
   0.338202
   0.339138
   0.349308
   0.365734
   0.384708
   0.401269
   0.408635
   0.400982
   0.377808
   0.343551
   0.303578
   0.262351
     0.2235
   0.189436
   0.161051
    0.13811
   0.119874
    0.10552
  0.0943333
  0.0857563
  0.0793755
  0.0748694
  0.0719154
  0.0700497
  0.0685309
  0.0664113
  0.0629909
  0.0583084
  0.0530267
  0.0478669
  0.0432531
  0.0393165
  0.0360265
  0.0332941
  0.0310237
  0.0291323
  0.0275539
  0.0262387
  0.0251501
  0.0242616
  0.0235532
  0.0230054
  0.0225898
  0.0222579
  0.0219402
  0.0215732
  0.0211431
  0.0206929
  0.0202835
  0.0199578
  0.0197346
  0.0196179
  0.0196063
  0.0196983
  0.0198946
  0.0201994
  0.0206201
  0.0211683
   0.021858
  0.0227044
  0.0237175
  0.0248933
  0.0262064
  0.0276211
  0.0291295
  0.0307854
  0.0326936
  0.0349736
  0.0377456
  0.0411422
  0.0453211
  0.0504667
  0.0567898
  0.0645237
  0.0739005
  0.0850577
   0.097796
   0.111218
   0.123626
   0.133209
   0.139218
    0.14241
   0.144365
    0.14669
   0.150752
   0.157666
   0.168258
   0.182996
   0.201974
   0.224877
    0.25092
   0.278723
   0.305524
   0.325587
   0.330819
   0.316165
   0.284683
   0.245223
   0.206067
   0.171735
   0.143532
   0.121099
   0.103483
  0.0896408
  0.0786108
  0.0696088
  0.0621093
  0.0558462
  0.0507014
  0.0465919
  0.0434255
  0.0410926
   0.039454
    0.03833
  0.0375251
  0.0368877
  0.0362983
   0.035559
  0.0343786
  0.0325887
  0.0303383
  0.0279821
  0.0258258
  0.0240042
  0.0224981
  0.0211964
  0.0199751
  0.0187751
  0.0176203
  0.0165661
  0.0156493
  0.0148779
  0.0142426
   0.013728
  0.0133198
  0.0130062
  0.0127794
  0.0126349
   0.012571
  0.0125874
  0.0126831
  0.0128519
  0.0130799
  0.0133486
  0.0136498
  0.0139986
  0.0144291
  0.0149798
   0.015687
  0.0165907
  0.0177409
  0.0191974
  0.0210226
  0.0232648
  0.0259283
  0.0289421
  0.0321478
  0.0353086
  0.0381181
   0.040272
  0.0416512
  0.0424171
  0.0428659
  0.0432534
  0.0437887
  0.0447004
  0.0462316
  0.0485815
  0.0518876
  0.0562634
  0.0618491
  0.0688533
  0.0775638
  0.0881523
   0.100135
   0.111732
   0.119818
   0.121314
    0.11551
   0.104766
  0.0925633
    0.08138
  0.0721311
  0.0646612
  0.0583947
  0.0527486
  0.0473143
   0.041982
  0.0369382
  0.0324543
  0.0286849
  0.0256269
  0.0231715
  0.0211664
  0.0194723
  0.0179975
  0.0166933
  0.0155251
  0.0144522
  0.0134378
  0.0124757
  0.0115895
  0.0108033
   0.010124
 0.00954273
 0.00903962
  0.0085873
 0.00816163
  0.0077548
 0.00737525
 0.00703536
 0.00674224
 0.00649701
 0.00629751
 0.00614035
  0.0060215
 0.00593638
 0.00588097
 0.00585443
 0.00585977
 0.00589971
  0.0059703
 0.00605787
 0.00614284
 0.00620852
 0.00624849
  0.0062705
 0.00629628
 0.00635439
 0.00647136
 0.00666866
 0.00696405
 0.00737323
 0.00790949
 0.00857928
 0.00937295
  0.0102526
  0.0111446
   0.011949
  0.0125759
  0.0129947
   0.013248
  0.0134098
  0.0135459
  0.0137183
  0.0139999
  0.0144643
  0.0151608
   0.016101
  0.0172646
  0.0186203
  0.0201227
  0.0216526
   0.022922
  0.0234631
  0.0228681
  0.0211472
  0.0187566
  0.0162501
  0.0139913
  0.0121186
  0.0106317
 0.00947027
 0.00855907
 0.00783169
 0.00724051
 0.00675621
 0.00635763
 0.00601828
 0.00570493
 0.00539425
 0.00508505
 0.00478817
 0.00451119
 0.00425587
 0.00402367
  0.0038175
 0.00363768
 0.00347863
 0.00333091
 0.00318667
 0.00304331
 0.00290338
 0.00277215
 0.00265385
  0.0025492
 0.00245573
 0.00236999
 0.00228977
 0.00221454
 0.00214479
 0.00208133
 0.00202494
 0.00197593
 0.00193413
 0.00189906
 0.00187015
 0.00184699
 0.00182942
 0.00181745
 0.00181075
 0.00180807
 0.00180703
 0.00180493
 0.00180012
  0.0017928
  0.0017851
 0.00178042
 0.00178239
 0.00179417
 0.00181844
 0.00185744
  0.0019127
 0.00198409
 0.00206848
 0.00215915
 0.00224713
 0.00232369
 0.00238175
 0.00241742
 0.00243249
 0.00243448
 0.00243167
 0.00242935
 0.00243161
 0.00244423
 0.00247437
 0.00252795
 0.00260736
 0.00271085
 0.00283365
 0.00296831
 0.00310224
 0.00321346
 0.00326978
 0.00323828
  0.0031063
 0.00289612
   0.002653
 0.00241815
  0.0022137
 0.00204465
 0.00190671
 0.00179243
 0.00169458
 0.00160793
    0.00153
  0.0014605
 0.00139983
  0.0013475
 0.00130201
 0.00126168
 0.00122521
 0.00119149
 0.00115962
 0.00112917
 0.00110039
 0.00107381
 0.00104964
 0.00102759
 0.00100723
0.000988244
0.000970484
0.000953912
0.000938523
0.000924263
0.000910994
0.000898542
0.000886782
0.000875678
0.000865248
0.000855527
0.000846542
  0.0008383
0.000830773
0.000823898
0.000817597
  0.0008118
0.000806472
  0.0008016
0.000797143
0.000792984
0.000788923
0.000784757
0.000780372
0.000775787
0.000771171
0.000766829
0.000763127
0.000760402
0.000758915
0.000758824
0.000760167
0.000762842
 0.00076658
 0.00077091
0.000775148
0.000778472
0.000780118
0.000779648
 0.00077721
0.000773506
0.000769342
 0.00076528
0.000761729
0.000759135
0.000757936
 0.00075837
0.000760369
0.000763601
0.000767556
0.000771543
0.000774512
0.000774855
0.000770635
0.000760516
0.000744883
0.000725943
0.000706446
0.000688344
0.000672464
0.000658874
0.000647291
0.000637303
0.000628486
0.000620507
0.000613174
0.000606422
0.000600239
0.000594591
0.000589392
0.000584532
0.000579906
0.000575426
0.000571026
 0.00056669
0.000562446
0.000558342
0.000554399
0.000550601
0.000546915
0.000543313
0.000539789
 0.00053635
0.000533014
 0.00052979
0.000526674
0.000523653
0.000520714
0.000517847
 0.00051505
0.000512321
0.000509655
0.000507048
0.000504496
0.000501998
0.000499557
0.000497174
0.000494847
0.000492573
0.000490346
0.000488155
0.000485986
0.000483826
0.000481668
0.000479513
0.000477372
0.000475265
0.000473212
0.000471236
0.000469349
 0.00046756
 0.00046587
0.000464266
0.000462727
0.000461222
0.000459715
0.000458165
0.000456536
0.000454805
0.000452976
0.000451091
0.000449194
0.000447317
0.000445478
0.000443694
0.000441987
0.000440374
0.000438856
0.000437419
 0.00043604