 0.00282095
 0.00285333
 0.00288631
 0.00291991
 0.00295414
 0.00298902
 0.00302456
 0.00306079
 0.00309773
 0.00313538
 0.00317378
 0.00321293
 0.00325287
 0.00329361
 0.00333518
  0.0033776
 0.00342089
 0.00346507
 0.00351018
 0.00355624
 0.00360327
 0.00365131
 0.00370038
 0.00375052
 0.00380176
 0.00385413
 0.00390766
 0.00396239
 0.00401836
 0.00407561
 0.00413417
 0.00419409
 0.00425541
 0.00431818
 0.00438244
 0.00444824
 0.00451563
 0.00458466
  0.0046554
  0.0047279
 0.00480221
  0.0048784
 0.00495654
 0.00503669
 0.00511893
 0.00520333
 0.00528996
 0.00537891
 0.00547027
 0.00556411
 0.00566055
 0.00575966
 0.00586156
 0.00596636
 0.00607416
 0.00618508
 0.00629925
  0.0064168
 0.00653786
 0.00666258
 0.00679111
 0.00692361
 0.00706024
 0.00720119
 0.00734664
 0.00749678
 0.00765182
 0.00781198
  0.0079775
 0.00814861
 0.00832558
 0.00850868
  0.0086982
 0.00889445
 0.00909775
 0.00930844
 0.00952691
 0.00975353
 0.00998873
  0.0102329
  0.0104866
  0.0107503
  0.0110245
  0.0113099
  0.0116069
  0.0119163
  0.0122388
  0.0125751
   0.012926
  0.0132925
  0.0136753
  0.0140757
  0.0144945
   0.014933
  0.0153925
  0.0158744
    0.01638
   0.016911
  0.0174691
  0.0180563
  0.0186746
  0.0193262
  0.0200136
  0.0207394
  0.0215066
  0.0223184
  0.0231784
  0.0240904
  0.0250587
   0.026088
  0.0271837
  0.0283515
  0.0295979
  0.0309301
  0.0323562
  0.0338851
  0.0355271
  0.0372935
  0.0391972
  0.0412527
  0.0434765
  0.0458875
  0.0485072
  0.0513602
  0.0544749
  0.0578841
  0.0616259
  0.0657446
   0.070292
  0.0753291
  0.0809281
  0.0871746
  0.0941711
    0.10204
   0.110932
   0.121026
   0.132546
   0.145767
   0.161031
   0.178767
    0.19952
   0.223986
   0.253063
   0.287917
   0.330079
    0.38157
   0.445071
   0.524132
    0.62341
   0.748838
   0.907484
    1.10647
    1.34963
    1.63002
    1.91773
    2.15123
    2.25375
    2.18332
    1.96933
    1.68636
    1.40133
    1.14997
   0.942611
   0.776745
   0.645524
   0.541739
   0.459213
    0.39305
   0.339505
   0.295749
   0.259647
   0.229585
   0.204336
   0.182954
   0.164711
   0.149035
   0.135478
   0.123681
   0.113359
   0.104279
  0.0962537
  0.0891279
  0.0827742
  0.0770866
  0.0719764
  0.0673691
  0.0632018
   0.059421
   0.055981
  0.0528427
  0.0499724
  0.0473409
  0.0449228
  0.0426962
  0.0406417
  0.0387424
  0.0369834
  0.0353516
  0.0338353
  0.0324241
  0.0311089
  0.0298815
  0.0287345
  0.0276612
  0.0266559
   0.025713
   0.024828
  0.0239963
   0.023214
  0.0224776
  0.0217837
  0.0211296
  0.0205123
  0.0199295
   0.019379
  0.0188585
  0.0183664
  0.0179007
    0.01746
  0.0170426
  0.0166474
   0.016273
  0.0159183
  0.0155822
  0.0152637
  0.0149619
   0.014676
  0.0144052
  0.0141488
  0.0139061
  0.0136765
  0.0134593
  0.0132542
  0.0130605
  0.0128779
  0.0127059
   0.012544
  0.0123921
  0.0122497
  0.0121164
  0.0119921
  0.0118765
  0.0117694
  0.0116705
  0.0115796
  0.0114966
  0.0114213
  0.0113536
  0.0112933
  0.0112404
  0.0111948
  0.0111564
  0.0111252
  0.0111011
  0.0110841
  0.0110742
  0.0110714
  0.0110758
  0.0110873
  0.0111061
  0.0111323
  0.0111659
   0.011207
  0.0112559
  0.0113126
  0.0113773
  0.0114502
  0.0115316
  0.0116217
  0.0117207
   0.011829
  0.0119469
  0.0120748
   0.012213
   0.012362
  0.0125222
  0.0126943
  0.0128786
  0.0130758
  0.0132867
  0.0135119
  0.0137522
  0.0140084
  0.0142815
  0.0145726
  0.0148827
   0.015213
  0.0155649
  0.0159399
  0.0163395
  0.0167655
  0.0172198
  0.0177046
  0.0182223
  0.0187753
  0.0193666
  0.0199994
  0.0206771
  0.0214038
  0.0221839
  0.0230222
  0.0239242
  0.0248963
  0.0259452
  0.0270789
  0.0283064
  0.0296378
  0.0310847
  0.0326603
  0.0343799
  0.0362611
  0.0383242
  0.0405928
  0.0430945
   0.045862
  0.0489334
  0.0523542
  0.0561787
  0.0604721
  0.0653134
  0.0707985
  0.0770453
  0.0841992
  0.0924408
   0.101995
   0.113143
   0.126229
   0.141671
   0.159951
   0.181608
   0.207263
   0.237782
   0.274587
   0.319897
   0.376728
   0.448804
    0.54045
   0.656098
   0.798615
   0.965264
    1.14067
    1.29053
    1.36807
    1.34212
    1.22352
    1.05536
   0.880584
   0.723976
   0.593768
   0.489263
    0.40651
   0.341086
   0.289118
   0.247513
   0.213895
   0.186466
    0.16387
   0.145083
   0.129326
   0.116001
   0.104648
   0.094905
  0.0864897
  0.0791767
  0.0727859
  0.0671719
  0.0622165
  0.0578228
  0.0539109
  0.0504147
  0.0472788
  0.0444568
  0.0419093
  0.0396032
    0.03751
  0.0356054
  0.0338686
  0.0322815
  0.0308284
  0.0294958
  0.0282718
   0.027146
  0.0261093
  0.0251538
  0.0242722
  0.0234586
  0.0227072
  0.0220134
  0.0213727
  0.0207814
  0.0202363
  0.0197343
  0.0192729
  0.0188499
  0.0184635
  0.0181121
  0.0177946
    0.01751
  0.0172579
  0.0170381
  0.0168509
  0.0166972
  0.0165784
  0.0164967
  0.0164553
  0.0164582
  0.0165106
   0.016618
  0.0167852
  0.0170132
  0.0172975
  0.0176308
  0.0180166
  0.0184824
  0.0190786
  0.0198656
  0.0209054
  0.0222562
  0.0239579
    0.02599
  0.0281906
   0.030173
  0.0313724
  0.0313569
  0.0301838
  0.0283473
  0.0263915
  0.0246524
  0.0232535
  0.0221975
  0.0214402
  0.0209289
  0.0206169
   0.020467
  0.0204515
  0.0205499
  0.0207477
  0.0210353
  0.0214061
  0.0218566
  0.0223855
  0.0229931
  0.0236816
  0.0244548
  0.0253176
  0.0262767
  0.0273402
  0.0285179
  0.0298218
  0.0312656
  0.0328658
  0.0346418
  0.0366167
  0.0388176
  0.0412767
  0.0440326
  0.0471315
  0.0506291
  0.0545929
  0.0591053
  0.0642674
  0.0702047
  0.0770734
  0.0850701
  0.0944442
   0.105515
   0.118694
    0.13452
   0.153696
   0.177155
   0.206133
   0.242266
   0.287693
   0.345116
   0.417696
    0.50846
   0.618583
   0.743705
   0.868432
   0.963628
   0.996397
   0.953189
   0.851864
   0.726088
   0.603177
   0.496562
   0.409476
   0.340309
   0.285951
   0.243256
   0.209506
   0.182493
   0.160536
   0.142479
    0.12759
   0.115399
   0.105569
  0.0978431
  0.0920189
  0.0879224
  0.0853305
  0.0838353
  0.0827191
  0.0810644
  0.0782526
  0.0744289
  0.0702851
  0.0663942
  0.0628141
  0.0591893
  0.0551807
  0.0508243
  0.0464629
  0.0424362
  0.0389138
  0.0359162
  0.0333898
  0.0312594
  0.0294531
  0.0279107
  0.0265839
  0.0254351
  0.0244348
  0.0235601
   0.022793
  0.0221193
  0.0215274
  0.0210082
  0.0205543
  0.0201596
  0.0198191
  0.0195288
  0.0192855
  0.0190864
  0.0189296
  0.0188133
  0.0187365
  0.0186982
  0.0186982
  0.0187362
  0.0188125
  0.0189277
  0.0190827
  0.0192788
  0.0195176
  0.0198011
  0.0201319
  0.0205129
  0.0209476
  0.0214403
  0.0219958
  0.0226198
  0.0233191
  0.0241014
  0.0249761
  0.0259542
  0.0270485
  0.0282744
  0.0296505
  0.0311991
  0.0329471
  0.0349276
  0.0371813
  0.0397587
  0.0427229
  0.0461525
  0.0501454
  0.0548207
  0.0603182
  0.0667914
  0.0744005
  0.0833183
  0.0937636
   0.106016
   0.120371
   0.137139
   0.156753
   0.179719
   0.206031
    0.23423
    0.26105
   0.282833
   0.298388
   0.310584
   0.324942
   0.346957
   0.380544
    0.42771
   0.487976
   0.556649
   0.622676
   0.668505
   0.676292
   0.640317
   0.572674
   0.493666
   0.419228
    0.35703
   0.308828
   0.273506
   0.248717
   0.231268
   0.217121
   0.202176
   0.184148
   0.163657
   0.142971
   0.124045
   0.107761
   0.094181
  0.0829881
  0.0737692
  0.0661382
   0.059774
  0.0544222
  0.0498848
  0.0460087
  0.0426751
  0.0397915
  0.0372851
  0.0350987
   0.033187
  0.0315144
  0.0300528
  0.0287805
  0.0276811
  0.0267424
  0.0259536
  0.0253014
   0.024762
  0.0242929
  0.0238362
  0.0233453
  0.0228187
   0.022297
  0.0218277
  0.0214411
  0.0211485
  0.0209506
  0.0208446
  0.0208279
  0.0208996
  0.0210612
  0.0213166
  0.0216725
  0.0221388
  0.0227282
  0.0234567
  0.0243416
  0.0253992
  0.0266413
  0.0280763
  0.0297199
  0.0316089
  0.0337998
  0.0363589
  0.0393685
  0.0429452
   0.047229
  0.0523163
  0.0581382
  0.0643207
  0.0701695
  0.0749727
  0.0785035
  0.0812144
  0.0839476
  0.0875574
  0.0927363
   0.100017
   0.109865
   0.122836
   0.139763
   0.161799
   0.190261
   0.226242
   0.269797
   0.318441
   0.365427
   0.400163
    0.41337
   0.403516
   0.376516
   0.340164
   0.301064
    0.26417
   0.232046
   0.204563
   0.180089
   0.157389
   0.136508
   0.118142
   0.102756
  0.0903522
  0.0806556
  0.0733212
  0.0680426
  0.0645722
   0.062672
  0.0619937
  0.0619116
  0.0614557
  0.0596282
  0.0560573
  0.0512642
  0.0461668
  0.0414747
  0.0375113
  0.0343208
   0.031797
  0.0297515
  0.0279587
  0.0262325
  0.0245102
  0.0228463
   0.021325
  0.0199954
  0.0188651
  0.0179184
  0.0171326
  0.0164857
    0.01596
  0.0155424
  0.0152242
  0.0150007
  0.0148707
  0.0148362
  0.0149011
  0.0150683
  0.0153354
  0.0156892
  0.0161061
  0.0165681
  0.0170831
  0.0176851
  0.0184149
  0.0193081
  0.0204032
  0.0217442
  0.0233576
  0.0252088
  0.0271613
  0.0289802
  0.0304256
  0.0314014
  0.0320162
  0.0325087
  0.0331424
  0.0341478
  0.0357082
  0.0379742
  0.0411032
  0.0453031
  0.0508419
  0.0580096
  0.0670279
  0.0778718
  0.0900032
   0.102251
   0.113258
   0.122385
   0.130026
   0.136833
   0.142663
   0.146114
   0.145378
   0.139842
   0.130377
   0.118192
   0.104333
  0.0899984
   0.076474
  0.0646509
  0.0548373
  0.0469325
  0.0406648
  0.0357391
  0.0318968
  0.0289244
  0.0266346
  0.0248373
  0.0233233
  0.0219005
  0.0204672
  0.0190307
  0.0176395
  0.0163293
  0.0151254
  0.0140496
  0.0131123
  0.0123043
  0.0115985
  0.0109594
  0.0103635
 0.00981031
 0.00931332
 0.00888206
  0.0085144
 0.00819764
 0.00791496
  0.0076553
 0.00741962
  0.0072169
 0.00705642
 0.00694444
 0.00688479
 0.00687973
 0.00692875
 0.00702467
 0.00714894
 0.00727225
 0.00736637
 0.00742038
 0.00744722
 0.00747662
 0.00754106
  0.0076659
 0.00786951
 0.00816661
  0.0085651
 0.00905567
 0.00960021
   0.010132
  0.0105832
    0.01093
  0.0112107
  0.0115004
  0.0118794
  0.0124199
  0.0131824
  0.0142173
   0.015567
  0.0172644
  0.0193276
  0.0217398
  0.0243725
  0.0268624
  0.0286073
  0.0290572
  0.0281243
  0.0262382
  0.0239823
  0.0217779
  0.0198459
   0.018286
  0.0171109
  0.0162322
   0.015464
  0.0145914
  0.0134943
  0.0122192
  0.0109122
 0.00969907
 0.00863924
 0.00774677
 0.00701659
 0.00643471
  0.0059814
 0.00563268
 0.00536116
 0.00513866
 0.00494142
  0.0047528
 0.00456161
 0.00436054
 0.00414827
 0.00393177
 0.00372226
 0.00352803
 0.00335187
 0.00319357
 0.00305166
 0.00292363
 0.00280694
 0.00270065
 0.00260527
 0.00252136
 0.00244856
 0.00238572
 0.00233151
 0.00228506
 0.00224611
 0.00221478
 0.00219097
 0.00217392
 0.00216186
 0.00215182
 0.00214038
 0.00212586
 0.00210931
 0.00209286
 0.00207782
  0.0020649
 0.00205533
 0.00205125
 0.00205512
 0.00206895
 0.00209439
 0.00213255
 0.00218288
 0.00224182
  0.0023024
 0.00235588
 0.00239555
 0.00242094
 0.00243847
 0.00245817
 0.00249032
 0.00254372
 0.00262483
 0.00273726
 0.00288182
 0.00305717
 0.00326011
 0.00348256
 0.00370437
 0.00389054
 0.00400278
 0.00401809
 0.00393865
 0.00378656
 0.00359013
 0.00337295
 0.00315224
 0.00294234
 0.00275457
 0.00259263
 0.00245045
 0.00231587
 0.00217896
 0.00203915
 0.00190391
 0.00178139
 0.00167577
 0.00158746
 0.00151488
  0.0014555
 0.00140642
  0.0013648
 0.00132852
 0.00129615
 0.00126669
 0.00123935
 0.00121351
 0.00118874
 0.00116462
 0.00114095
 0.00111793
 0.00109593
  0.0010753
 0.00105619
 0.00103861
 0.00102238
 0.00100731
0.000993301
0.000980352
0.000968464
0.000957548
0.000947438
0.000937963
0.000929023
0.000920622
0.000912837
0.000905716
  0.0008992
0.000893131
 0.00088733
0.000881657
0.000876036
0.000870453
0.000864904
0.000859381
 0.00085393
0.000848702
 0.00084394
0.000839915
0.000836859
 0.00083493
0.000834184
0.000834497
0.000835485
0.000836523
0.000836918
0.000836212
0.000834449
0.000832183
0.000830215
0.000829337
0.000830226
0.000833393
0.000839133
0.000847457
0.000857991
0.000869843
0.000881456
0.000890586
0.000894619
0.000891433
0.000880561
0.000863674
0.000843681