 0.00124007
 0.00124909
 0.00125822
 0.00126745
 0.00127679
 0.00128624
 0.00129579
 0.00130547
 0.00131525
 0.00132515
 0.00133518
 0.00134532
 0.00135558
 0.00136597
 0.00137648
 0.00138713
  0.0013979
 0.00140881
 0.00141985
 0.00143103
 0.00144235
 0.00145381
 0.00146542
 0.00147717
 0.00148907
 0.00150113
 0.00151334
 0.00152571
 0.00153824
 0.00155093
 0.00156379
 0.00157682
 0.00159002
  0.0016034
 0.00161696
  0.0016307
 0.00164462
 0.00165873
 0.00167304
 0.00168754
 0.00170224
 0.00171715
 0.00173226
 0.00174759
 0.00176313
 0.00177889
 0.00179487
 0.00181109
 0.00182753
 0.00184421
 0.00186114
 0.00187831
 0.00189574
 0.00191342
 0.00193136
 0.00194957
 0.00196806
 0.00198682
 0.00200587
 0.00202521
 0.00204485
 0.00206478
 0.00208503
 0.00210559
 0.00212648
  0.0021477
 0.00216925
 0.00219114
 0.00221339
   0.002236
 0.00225897
 0.00228232
 0.00230606
 0.00233019
 0.00235471
 0.00237965
 0.00240501
  0.0024308
 0.00245703
 0.00248371
 0.00251085
 0.00253846
 0.00256656
 0.00259514
 0.00262424
 0.00265385
   0.002684
 0.00271469
 0.00274594
 0.00277776
 0.00281017
 0.00284317
  0.0028768
 0.00291105
 0.00294596
 0.00298153
 0.00301778
 0.00305474
 0.00309241
 0.00313082
 0.00316999
 0.00320994
 0.00325069
 0.00329226
 0.00333467
 0.00337795
 0.00342213
 0.00346722
 0.00351326
 0.00356027
 0.00360827
 0.00365731
  0.0037074
 0.00375858
 0.00381088
 0.00386434
 0.00391899
 0.00397487
   0.004032
 0.00409045
 0.00415023
  0.0042114
 0.00427401
 0.00433808
 0.00440368
 0.00447086
 0.00453966
 0.00461013
 0.00468234
 0.00475635
  0.0048322
 0.00490997
 0.00498973
 0.00507154
 0.00515547
  0.0052416
    0.00533
 0.00542077
 0.00551398
 0.00560973
 0.00570811
 0.00580922
 0.00591316
 0.00602004
 0.00612997
 0.00624308
 0.00635949
 0.00647932
 0.00660272
 0.00672983
 0.00686081
 0.00699581
   0.007135
 0.00727857
 0.00742669
 0.00757956
  0.0077374
 0.00790042
 0.00806885
 0.00824294
 0.00842295
 0.00860915
 0.00880183
 0.00900131
  0.0092079
 0.00942195
 0.00964383
 0.00987392
  0.0101127
  0.0103605
  0.0106178
  0.0108852
  0.0111632
  0.0114523
  0.0117532
  0.0120664
  0.0123928
  0.0127331
   0.013088
  0.0134584
  0.0138452
  0.0142494
  0.0146722
  0.0151146
  0.0155778
  0.0160634
  0.0165725
   0.017107
  0.0176684
  0.0182586
  0.0188796
  0.0195337
  0.0202231
  0.0209506
   0.021719
  0.0225313
  0.0233911
   0.024302
  0.0252684
  0.0262946
  0.0273859
  0.0285478
  0.0297865
   0.031109
   0.032523
  0.0340372
  0.0356611
  0.0374057
  0.0392832
  0.0413075
  0.0434941
  0.0458609
  0.0484282
  0.0512191
  0.0542603
  0.0575825
  0.0612212
  0.0652176
  0.0696199
  0.0744846
   0.079878
  0.0858791
  0.0925817
   0.100098
   0.108564
   0.118143
   0.129038
   0.141495
   0.155823
   0.172406
   0.191731
   0.214419
   0.241271
   0.273329
   0.311967
   0.359012
   0.416921
   0.489027
   0.579874
   0.695652
   0.844666
     1.0376
    1.28679
    1.60246
    1.98202
    2.38873
    2.72961
    2.87598
    2.75708
    2.43114
    2.02602
    1.64089
     1.3178
    1.06182
   0.863417
   0.710222
   0.591308
   0.498115
   0.424246
   0.365001
   0.316935
   0.277508
   0.244834
   0.217498
   0.194426
   0.174794
   0.157965
   0.143438
    0.13082
   0.119794
   0.110109
   0.101557
  0.0939708
  0.0872124
   0.081167
  0.0757388
  0.0708475
  0.0664256
  0.0624156
  0.0587684
  0.0554422
   0.052401
  0.0496134
  0.0470526
   0.044695
    0.04252
  0.0405096
   0.038648
  0.0369211
  0.0353165
  0.0338234
  0.0324318
  0.0311332
  0.0299196
  0.0287841
  0.0277204
  0.0267229
  0.0257865
  0.0249065
  0.0240787
  0.0232995
  0.0225653
   0.021873
  0.0212198
   0.020603
  0.0200203
  0.0194695
  0.0189485
  0.0184557
  0.0179891
  0.0175474
  0.0171291
  0.0167328
  0.0163574
  0.0160018
  0.0156648
  0.0153456
  0.0150433
  0.0147571
  0.0144861
  0.0142298
  0.0139874
  0.0137584
  0.0135423
  0.0133385
  0.0131465
  0.0129659
  0.0127964
  0.0126376
  0.0124891
  0.0123506
   0.012222
  0.0121028
   0.011993
  0.0118923
  0.0118006
  0.0117176
  0.0116434
  0.0115777
  0.0115206
  0.0114718
  0.0114315
  0.0113996
  0.0113762
  0.0113611
  0.0113546
  0.0113567
  0.0113674
  0.0113869
  0.0114155
  0.0114531
  0.0115002
  0.0115568
  0.0116233
     0.0117
  0.0117873
  0.0118855
   0.011995
  0.0121163
    0.01225
  0.0123967
  0.0125569
  0.0127314
  0.0129209
  0.0131264
  0.0133487
   0.013589
  0.0138483
  0.0141279
  0.0144292
  0.0147538
  0.0151034
  0.0154798
  0.0158853
   0.016322
  0.0167928
  0.0173004
  0.0178481
  0.0184397
  0.0190792
  0.0197713
  0.0205213
   0.021335
  0.0222193
  0.0231818
  0.0242315
  0.0253784
  0.0266342
  0.0280124
  0.0295289
  0.0312019
  0.0330529
  0.0351075
  0.0373956
  0.0399531
  0.0428232
  0.0460578
  0.0497201
  0.0538876
   0.058656
  0.0641442
  0.0705019
   0.077919
  0.0866385
  0.0969753
   0.109342
   0.124283
   0.142528
   0.165062
    0.19322
   0.228817
   0.274283
   0.332759
   0.407918
   0.502995
   0.617925
    0.74353
    0.85532
   0.918609
   0.914137
   0.858635
    0.78887
   0.732434
   0.696205
   0.668935
   0.630878
   0.570036
    0.49206
   0.411718
   0.340018
   0.280871
   0.233797
   0.196759
   0.167574
   0.144405
   0.125825
   0.110766
  0.0984337
  0.0882379
  0.0797376
  0.0726001
  0.0665724
  0.0614605
   0.057115
  0.0534203
  0.0502873
  0.0476481
  0.0454525
  0.0436652
   0.042265
  0.0412441
  0.0406089
  0.0403819
  0.0406052
  0.0413454
  0.0427016
  0.0448167
   0.047892
  0.0522056
  0.0581262
  0.0661052
  0.0765863
  0.0897126
   0.104654
   0.118653
   0.126978
   0.125623
   0.115046
  0.0996912
  0.0840396
  0.0704442
  0.0594882
  0.0509327
  0.0443121
  0.0391795
  0.0351743
  0.0320246
  0.0295307
  0.0275475
  0.0259703
  0.0247237
  0.0237545
  0.0230265
  0.0225178
  0.0222189
  0.0221326
  0.0222742
  0.0226725
  0.0233685
  0.0244059
  0.0258012
  0.0274751
  0.0291498
  0.0303277
  0.0305474
  0.0297919
  0.0285072
  0.0272058
  0.0261894
  0.0255562
  0.0253023
  0.0253948
  0.0258044
  0.0265164
  0.0275339
  0.0288787
  0.0305927
  0.0327417
  0.0354208
  0.0387628
  0.0429481
  0.0482121
  0.0548382
  0.0631022
  0.0731007
  0.0843889
  0.0955686
   0.104556
   0.110215
   0.113857
   0.118408
   0.126554
   0.139961
   0.159185
   0.183081
   0.207455
   0.224639
   0.227292
   0.214945
   0.194541
   0.174094
   0.158282
   0.148481
   0.144055
   0.143129
   0.143294
   0.143079
   0.143151
   0.145555
   0.152178
   0.164249
   0.182771
   0.208973
   0.243911
   0.286742
   0.331884
   0.367204
   0.378639
   0.361538
   0.324633
   0.280581
   0.237768
   0.200213
   0.169518
   0.145811
    0.12841
   0.116427
   0.109091
   0.105808
   0.105985
    0.10868
   0.112284
    0.11486
   0.115267
   0.113688
   0.110996
   0.108164
   0.105883
   0.104087
   0.101733
  0.0974652
  0.0910917
  0.0839976
  0.0779108
  0.0738825
  0.0722293
  0.0727679
  0.0749177
  0.0778051
  0.0806427
  0.0830307
  0.0845754
  0.0846327
  0.0830864
  0.0808057
  0.0786693
  0.0765797
  0.0738148
  0.0701883
  0.0664016
   0.063276
  0.0611577
  0.0599974
  0.0596524
  0.0601147
  0.0616222
  0.0646259
  0.0696216
  0.0769104
  0.0863109
  0.0968545
   0.106796
   0.114193
    0.11758
   0.116481
   0.111659
   0.104693
  0.0973113
  0.0907046
  0.0851677
  0.0805417
  0.0766738
  0.0732661
    0.06981
  0.0660838
  0.0624934
  0.0597213
  0.0582102
  0.0579854
  0.0587605
   0.060213
  0.0622746
  0.0651422
  0.0690865
  0.0743862
  0.0812126
  0.0891485
  0.0967312
   0.101946
   0.103766
   0.102918
   0.100993
  0.0994009
  0.0988333
   0.099201
    0.10009
   0.101309
    0.10299
   0.105285
   0.108238
   0.112051
   0.117281
   0.124584
   0.134415
   0.147081
   0.162446
   0.178958
   0.193535
   0.203466
   0.208467
   0.210065
   0.209154
   0.205303
   0.198553
   0.190523
   0.183185
   0.177506
    0.17314
   0.168589
   0.162117
    0.15305
   0.142262
    0.13158
     0.1227
    0.11646
   0.112751
   0.110643
   0.108532
   0.104861
  0.0993961
  0.0933652
  0.0881332
   0.084335
  0.0821288
  0.0815621
   0.082516
  0.0845486
  0.0869543
  0.0890676
  0.0905207
  0.0912369
  0.0912758
  0.0905799
  0.0888962
  0.0860724
  0.0822976
   0.078048
  0.0739183
  0.0704297
  0.0678735
  0.0662829
  0.0654793
  0.0651633
  0.0650856
   0.065102
   0.065105
  0.0650653
  0.0651084
  0.0654946
  0.0665391
  0.0684755
   0.071184
  0.0739797
  0.0759608
   0.076791
  0.0768445
  0.0766161
  0.0763633
  0.0761186
  0.0757083
  0.0748164
  0.0732413
  0.0710675
  0.0685992
  0.0662508
  0.0643564
  0.0629799
   0.061952
  0.0611569
  0.0607496
  0.0609773
  0.0618995
  0.0634322
  0.0656093
  0.0685824
   0.072238
  0.0760149
  0.0792927
   0.081832
  0.0837053
  0.0850688
  0.0861771
  0.0873022
  0.0884774
  0.0895211
  0.0902385
  0.0903708
  0.0895592
  0.0876605
  0.0849278
  0.0817168
  0.0782171
   0.074551
  0.0710034
  0.0679852
  0.0657578
  0.0643179
  0.0635313
  0.0632609
  0.0633738
  0.0637125
  0.0640973
  0.0644383
   0.064792
  0.0652059
  0.0655708
   0.065657
   0.065263
  0.0643207
  0.0628745
  0.0610323
   0.058933
  0.0566577
  0.0541883
  0.0515208
  0.0487695
    0.04611
  0.0436919
  0.0416454
  0.0400739
  0.0389867
  0.0382859
    0.03785
  0.0376349
  0.0376729
  0.0379751
  0.0384579
  0.0389666
  0.0393723
  0.0396501
  0.0398625
  0.0400672
  0.0402445
  0.0403137
  0.0402221
  0.0399901
  0.0396773
  0.0393594
  0.0391187
   0.038992
  0.0389181
  0.0387629
  0.0384153
  0.0378488
  0.0371056
  0.0362759
  0.0354832
  0.0348275
  0.0343356
  0.0339829
  0.0337368
  0.0335929
  0.0336137
  0.0339139
  0.0345786
  0.0355827
  0.0368095
  0.0381357
  0.0394406
  0.0405593
  0.0413279
  0.0417034
  0.0417781
  0.0416392
  0.0412536
  0.0405217
  0.0394024
  0.0379715
  0.0364004
  0.0348876
  0.0335886
  0.0325743
  0.0318313
  0.0313032
  0.0309373
  0.0307047
  0.0305919
    0.03057
  0.0305705
  0.0304995
  0.0302837
  0.0298916
  0.0293156
  0.0285502
  0.0275875
  0.0264437
  0.0251807
   0.023879
  0.0225928
  0.0213446
  0.0201511
  0.0190422
  0.0180531
  0.0172106
  0.0165304
  0.0160193
  0.0156667
  0.0154307
   0.015247
  0.0150572
  0.0148279
  0.0145512
  0.0142362
  0.0138941
  0.0135315
  0.0131552
  0.0127722
  0.0123865
  0.0120023
  0.0116354
  0.0113147
  0.0110638
  0.0108835
   0.010761
  0.0106889
  0.0106604
  0.0106538
  0.0106418
  0.0106137
  0.0105761
  0.0105352
  0.0104852
  0.0104146
  0.0103158
  0.0101912
  0.0100593
 0.00995209
 0.00989805
 0.00990625
 0.00996587
  0.0100547
   0.010144
  0.0102027
  0.0102048
  0.0101354
 0.00999484
 0.00979361
  0.0095429
 0.00925383
 0.00894056
 0.00862045
 0.00831096
 0.00802475
 0.00776816
 0.00754343
 0.00735012
 0.00718606
 0.00704925
 0.00693815
 0.00684934
 0.00677585
 0.00670706
 0.00662985
 0.00653152
 0.00640265
 0.00623752
 0.00603587
 0.00580542
 0.00555992
  0.0053121
 0.00506772
  0.0048275
 0.00459372
  0.0043721
 0.00416911
 0.00398971
 0.00383764
 0.00371551
  0.0036233
 0.00355614
 0.00350466
 0.00345806
 0.00340771
 0.00334905
 0.00328162
 0.00320769
 0.00313044
 0.00305281
  0.0029766
  0.0029016
 0.00282628
 0.00274979
 0.00267364
 0.00260125
 0.00253523
  0.0024753
 0.00241929
 0.00236601
 0.00231605
 0.00227023
 0.00222877
 0.00219222
 0.00216188
 0.00213839
 0.00212042
 0.00210497
 0.00208903
 0.00207134
 0.00205263
 0.00203454
 0.00201851
 0.00200492
 0.00199292
 0.00198073
 0.00196607
 0.00194673
 0.00192152
 0.00189087
 0.00185638
 0.00181946
 0.00178041
 0.00173868
 0.00169402
 0.00164747
 0.00160133
   0.001558
 0.00151902
 0.00148482
 0.00145499
 0.00142897
 0.00140634
 0.00138668
 0.00136937
 0.00135354
 0.00133804
 0.00132146
 0.00130252
  0.0012804
 0.00125496
 0.00122668
 0.00119651
 0.00116553
 0.00113468
 0.00110465
 0.00107592
 0.00104885
 0.00102375
  0.0010009
0.000980509
0.000962677
0.000947359
0.000934281
 0.00092296
0.000912793
0.000903139
0.000893425
0.000883279
0.000872608
0.000861534
0.000850292
0.000839125