0.000941022
0.000946232
0.000951488
0.000956789
0.000962136
0.000967531
0.000972973
0.000978462
0.000984001
0.000989589
0.000995226
 0.00100091
 0.00100665
 0.00101244
 0.00101829
 0.00102418
 0.00103013
 0.00103614
 0.00104219
 0.00104831
 0.00105448
 0.00106071
 0.00106699
 0.00107334
 0.00107974
  0.0010862
 0.00109273
 0.00109931
 0.00110596
 0.00111267
 0.00111945
 0.00112629
 0.00113319
 0.00114016
  0.0011472
 0.00115431
 0.00116149
 0.00116873
 0.00117605
 0.00118344
  0.0011909
 0.00119844
 0.00120605
 0.00121374
 0.00122151
 0.00122935
 0.00123727
 0.00124527
 0.00125336
 0.00126152
 0.00126977
 0.00127811
 0.00128653
 0.00129504
 0.00130363
 0.00131232
  0.0013211
 0.00132997
 0.00133893
 0.00134799
 0.00135714
 0.00136639
 0.00137574
  0.0013852
 0.00139475
 0.00140441
 0.00141417
 0.00142404
 0.00143402
 0.00144411
 0.00145431
 0.00146462
 0.00147505
 0.00148559
 0.00149625
 0.00150704
 0.00151794
 0.00152897
 0.00154013
 0.00155141
 0.00156283
 0.00157438
 0.00158606
 0.00159787
 0.00160983
 0.00162193
 0.00163416
 0.00164655
 0.00165908
 0.00167176
  0.0016846
 0.00169759
 0.00171074
 0.00172404
 0.00173752
 0.00175115
 0.00176496
 0.00177893
 0.00179308
 0.00180741
 0.00182192
 0.00183661
 0.00185149
 0.00186655
 0.00188181
 0.00189727
 0.00191292
 0.00192878
 0.00194485
 0.00196112
 0.00197762
 0.00199432
 0.00201126
 0.00202841
  0.0020458
 0.00206342
 0.00208128
 0.00209939
 0.00211774
 0.00213635
 0.00215521
 0.00217433
 0.00219372
 0.00221339
 0.00223333
 0.00225355
 0.00227406
 0.00229486
 0.00231597
 0.00233738
  0.0023591
 0.00238114
  0.0024035
 0.00242619
 0.00244922
  0.0024726
 0.00249632
  0.0025204
 0.00254485
 0.00256967
 0.00259487
 0.00262046
 0.00264645
 0.00267284
 0.00269965
 0.00272688
 0.00275454
 0.00278264
  0.0028112
 0.00284021
 0.00286969
 0.00289966
 0.00293012
 0.00296108
 0.00299255
 0.00302455
 0.00305709
 0.00309018
 0.00312383
 0.00315806
 0.00319288
  0.0032283
 0.00326433
   0.003301
 0.00333832
  0.0033763
 0.00341495
 0.00345431
 0.00349437
 0.00353517
 0.00357671
 0.00361902
 0.00366211
 0.00370601
 0.00375074
 0.00379631
 0.00384276
 0.00389009
 0.00393834
 0.00398753
 0.00403769
 0.00408883
 0.00414099
 0.00419419
 0.00424847
 0.00430384
 0.00436035
 0.00441802
 0.00447689
 0.00453699
 0.00459835
 0.00466101
 0.00472502
 0.00479039
 0.00485719
 0.00492545
  0.0049952
 0.00506651
 0.00513941
 0.00521395
 0.00529019
 0.00536817
 0.00544795
 0.00552959
 0.00561314
 0.00569866
 0.00578623
  0.0058759
 0.00596774
 0.00606183
 0.00615824
 0.00625705
 0.00635834
 0.00646218
 0.00656868
 0.00667793
 0.00679001
 0.00690503
 0.00702309
 0.00714431
  0.0072688
 0.00739667
 0.00752805
 0.00766308
 0.00780188
 0.00794461
 0.00809141
 0.00824245
 0.00839788
 0.00855788
 0.00872264
 0.00889233
 0.00906718
 0.00924738
 0.00943317
 0.00962476
 0.00982242
  0.0100264
   0.010237
  0.0104544
  0.0106791
  0.0109113
  0.0111513
  0.0113995
  0.0116563
  0.0119222
  0.0121974
  0.0124825
   0.012778
  0.0130844
  0.0134022
  0.0137319
  0.0140743
  0.0144299
  0.0147995
  0.0151837
  0.0155835
  0.0159996
  0.0164329
  0.0168844
  0.0173552
  0.0178463
  0.0183589
  0.0188944
  0.0194541
  0.0200395
  0.0206522
  0.0212939
  0.0219665
   0.022672
  0.0234126
  0.0241907
  0.0250087
  0.0258696
  0.0267763
  0.0277323
   0.028741
  0.0298064
   0.030933
  0.0321254
   0.033389
  0.0347293
  0.0361528
  0.0376666
  0.0392783
  0.0409967
  0.0428312
  0.0447926
  0.0468928
  0.0491452
  0.0515648
  0.0541684
  0.0569752
  0.0600068
  0.0632876
  0.0668456
  0.0707127
  0.0749255
  0.0795262
  0.0845635
  0.0900939
  0.0961833
   0.102909
   0.110361
   0.118648
   0.127896
   0.138259
   0.149919
   0.163099
   0.178068
    0.19516
   0.214784
   0.237451
   0.263805
    0.29466
   0.331057
    0.37434
   0.426258
   0.489106
   0.565916
    0.66071
   0.778813
     0.9272
    1.11473
    1.35187
    1.64897
    2.01099
    2.42592
    2.84667
     3.1797
      3.313
    3.19155
    2.86572
    2.44672
    2.03008
    1.66504
    1.36485
    1.12505
   0.935391
   0.785347
    0.66597
   0.570199
   0.492635
   0.429204
    0.37683
   0.333188
   0.296507
   0.265425
   0.238889
   0.216073
    0.19633
   0.179141
   0.164091
   0.150847
   0.139133
   0.128728
   0.119444
   0.111129
   0.103654
  0.0969112
  0.0908083
  0.0852679
  0.0802238
  0.0756188
   0.071404
   0.067537
  0.0639808
  0.0607034
  0.0576767
  0.0548759
  0.0522794
  0.0498679
  0.0476246
  0.0455343
  0.0435836
  0.0417604
  0.0400541
   0.038455
  0.0369545
  0.0355447
  0.0342186
  0.0329698
  0.0317926
  0.0306816
  0.0296322
  0.0286399
  0.0277009
  0.0268114
  0.0259682
  0.0251682
  0.0244085
  0.0236867
  0.0230004
  0.0223473
  0.0217255
   0.021133
  0.0205683
  0.0200296
  0.0195155
  0.0190246
  0.0185556
  0.0181074
  0.0176789
  0.0172689
  0.0168766
   0.016501
  0.0161414
  0.0157969
  0.0154668
  0.0151504
  0.0148471
  0.0145562
  0.0142773
  0.0140097
   0.013753
  0.0135067
  0.0132704
  0.0130436
   0.012826
  0.0126173
  0.0124169
  0.0122248
  0.0120404
  0.0118636
  0.0116941
  0.0115316
  0.0113759
  0.0112268
   0.011084
  0.0109473
  0.0108166
  0.0106918
  0.0105725
  0.0104587
  0.0103503
   0.010247
  0.0101489
  0.0100556
 0.00996725
 0.00988361
 0.00980463
 0.00973022
  0.0096603
 0.00959481
 0.00953367
 0.00947683
 0.00942424
 0.00937586
 0.00933166
  0.0092916
 0.00925565
 0.00922381
 0.00919605
 0.00917238
  0.0091528
 0.00913732
 0.00912594
  0.0091187
 0.00911562
 0.00911674
  0.0091221
 0.00913175
 0.00914575
 0.00916417
 0.00918708
 0.00921456
 0.00924671
 0.00928363
 0.00932544
 0.00937224
 0.00942419
 0.00948142
  0.0095441
 0.00961239
 0.00968648
 0.00976657
 0.00985288
 0.00994564
  0.0100451
  0.0101516
  0.0102653
  0.0103866
  0.0105158
  0.0106534
  0.0107996
   0.010955
  0.0111199
   0.011295
  0.0114806
  0.0116775
  0.0118863
  0.0121076
  0.0123421
  0.0125908
  0.0128544
  0.0131339
  0.0134305
  0.0137451
   0.014079
  0.0144336
  0.0148104
   0.015211
  0.0156371
  0.0160908
  0.0165741
  0.0170895
  0.0176396
  0.0182273
  0.0188559
  0.0195289
  0.0202503
  0.0210247
  0.0218571
  0.0227531
   0.023719
   0.024762
  0.0258903
  0.0271129
  0.0284406
  0.0298851
  0.0314603
  0.0331821
  0.0350687
  0.0371414
   0.039425
  0.0419484
  0.0447459
  0.0478577
  0.0513319
  0.0552258
  0.0596085
  0.0645636
   0.070193
  0.0766217
  0.0840045
  0.0925344
   0.102454
   0.114071
   0.127778
   0.144085
   0.163653
    0.18735
   0.216327
   0.252105
   0.296701
   0.352749
   0.423582
   0.513095
   0.625022
   0.760826
   0.915164
    1.06911
    1.18678
    1.22761
    1.17479
    1.05023
   0.895426
   0.744107
   0.612877
    0.50576
   0.420806
   0.354245
   0.302327
   0.261942
   0.230707
   0.206883
   0.189245
   0.176931
    0.16924
   0.165323
   0.163721
   0.162029
   0.157378
   0.148064
   0.134813
   0.119948
   0.105614
   0.092942
  0.0822163
  0.0732948
  0.0658948
  0.0597285
  0.0545488
  0.0501578
  0.0464014
  0.0431603
  0.0403421
  0.0378752
  0.0357031
  0.0337811
  0.0320738
  0.0305522
  0.0291932
  0.0279776
    0.02689
  0.0259176
    0.02505
  0.0242787
  0.0235969
  0.0229994
  0.0224822
  0.0220427
  0.0216795
  0.0213926
  0.0211833
  0.0210542
  0.0210098
  0.0210565
  0.0212031
  0.0214613
  0.0218467
  0.0223793
  0.0230853
  0.0239993
   0.025166
   0.026645
  0.0285145
  0.0308791
  0.0338776
  0.0376936
  0.0425656
  0.0487895
  0.0566963
  0.0665619
  0.0783723
  0.0913678
   0.103484
   0.111389
   0.112075
    0.10522
  0.0934795
     0.0803
  0.0680264
  0.0576274
  0.0492164
  0.0425482
  0.0372921
  0.0331424
  0.0298492
   0.027219
  0.0251053
  0.0233976
  0.0220133
  0.0208897
  0.0199797
  0.0192473
  0.0186654
  0.0182134
  0.0178759
  0.0176418
  0.0175035
  0.0174567
  0.0174998
  0.0176343
  0.0178646
  0.0181989
  0.0186496
  0.0192347
  0.0199789
  0.0209158
    0.02209
  0.0235587
  0.0253899
  0.0276522
  0.0303822
  0.0335142
  0.0367683
  0.0395795
  0.0412594
  0.0414465
  0.0404183
  0.0388595
  0.0373995
  0.0363952
  0.0359741
   0.036146
  0.0368846
  0.0381667
   0.039989
  0.0423733
  0.0453703
  0.0490624
  0.0535695
  0.0590581
  0.0657536
  0.0739593
  0.0840801
  0.0966541
   0.112386
   0.132168
    0.15705
   0.188055
   0.225649
   0.268591
   0.312221
   0.347653
   0.364947
   0.360359
   0.340048
   0.315104
   0.294455
   0.282108
   0.277487
   0.276224
   0.271592
   0.258077
   0.235263
   0.207514
   0.180015
   0.155985
    0.13654
   0.121601
   0.110662
    0.10319
  0.0987797
  0.0972001
  0.0983876
   0.102406
   0.109348
   0.119103
   0.130952
   0.143086
    0.15274
   0.157684
   0.158226
   0.157236
   0.158099
   0.162969
   0.172146
   0.183813
   0.194049
   0.198185
    0.19361
   0.181183
   0.163684
   0.143981
   0.124491
   0.106939
  0.0921492
  0.0802031
  0.0708004
  0.0635324
  0.0580199
  0.0539604
  0.0511359
  0.0494123
  0.0487376
   0.049135
  0.0506896
  0.0535231
  0.0577368
  0.0632759
  0.0696714
  0.0757372
  0.0796198
  0.0797166
  0.0759559
  0.0698794
  0.0634111
  0.0578563
  0.0537775
  0.0512646
  0.0501527
  0.0500971
  0.0505935
  0.0510855
  0.0511686
  0.0506819
  0.0496016
  0.0479834
  0.0460647
  0.0442698
  0.0430327
  0.0426564
  0.0433187
  0.0451484
  0.0482877
  0.0529161
  0.0592228
  0.0672947
   0.076873
  0.0870006
  0.0958659
   0.101415
   0.102598
   0.099807
  0.0940523
  0.0863882
   0.077969
  0.0698661
  0.0627458
  0.0568935
  0.0524098
  0.0493104
  0.0475585
   0.047095
  0.0478564
  0.0497601
  0.0526719
  0.0563956
  0.0607077
  0.0653921
  0.0702738
  0.0753112
  0.0806354
  0.0863323
  0.0920788
  0.0969135
  0.0994525
  0.0988661
  0.0958131
  0.0919669
   0.088654
  0.0861226
  0.0838477
  0.0813191
  0.0784409
  0.0752739
  0.0718601
  0.0684701
  0.0656827
    0.06407
   0.063902
  0.0650637
  0.0671146
  0.0695178
  0.0720163
  0.0747849
  0.0780736
   0.081727
   0.085195
  0.0881407
  0.0909936
   0.094786
   0.100515
   0.108559
   0.118279
   0.127912
   0.135243
    0.13907
   0.140046
   0.139671
   0.138627
   0.136403
    0.13239
   0.126912
   0.121056
   0.116028
   0.112897
   0.112502
   0.115263
   0.120821
   0.127564
   0.132478
   0.132263
   0.125643
   0.114411
   0.101786
  0.0902839
  0.0810191
  0.0740304
  0.0687897
  0.0646183
   0.060977
  0.0575782
  0.0543674
  0.0514123
  0.0487092
    0.04609
  0.0433435
  0.0403903
  0.0373268
  0.0343649
  0.0317339
  0.0295971
  0.0280298
  0.0270456
  0.0266273
  0.0267366
  0.0272918
  0.0281232
  0.0289626
  0.0295445
  0.0297646
   0.029701
  0.0294716
  0.0291206
  0.0286469
  0.0280951
  0.0275625
   0.027128
  0.0268126
  0.0266047
  0.0264797
  0.0264095
  0.0264129
  0.0265963
  0.0271025
  0.0280022
  0.0292175
  0.0305274
  0.0316662
  0.0324616
   0.032924
  0.0332384
  0.0336561
  0.0343487
  0.0353154
  0.0363978
  0.0374224
  0.0383909
  0.0394763
  0.0407796
  0.0421574
  0.0433071
  0.0439188
  0.0437207
  0.0425796
  0.0406653
  0.0383959
  0.0361953
  0.0343353
  0.0329049
  0.0318278
  0.0309401
  0.0301297
   0.029415
  0.0288966
  0.0286778
  0.0288314
  0.0293894
  0.0303137
  0.0314589
  0.0325651
  0.0333287
  0.0335572
  0.0332951
  0.0327691
  0.0322177
  0.0317881
  0.0315472
  0.0315466
  0.0318508
  0.0324863
  0.0333641
  0.0342542
  0.0348486
  0.0349479
  0.0346454
    0.03429
  0.0342839
  0.0349121
  0.0362606
  0.0382069
  0.0405073
  0.0429473
  0.0453656
  0.0475074
  0.0489984
  0.0495681
  0.0492092
  0.0480395
  0.0461026
  0.0434547
  0.0403795
  0.0373315
  0.0346605
    0.03245
  0.0305659
   0.028804
  0.0270217
  0.0251931
   0.023378
  0.0216742
  0.0201873
  0.0189913
  0.0180966
  0.0174487
  0.0169668
  0.0165968
  0.0163236
   0.016135
  0.0159966
  0.0158733
  0.0157612
   0.015687
  0.0156758
  0.0157132
  0.0157316
  0.0156517
  0.0154416
  0.0151218
  0.0147254
  0.0142708
  0.0137654
  0.0132269
  0.0126971
  0.0122334
  0.0118883
  0.0116931
  0.0116471