0.000941022
0.000946756
0.000952544
0.000958388
0.000964288
0.000970246
0.000976261
0.000982334
0.000988467
 0.00099466
 0.00100091
 0.00100723
 0.00101361
 0.00102005
 0.00102656
 0.00103313
 0.00103976
 0.00104647
 0.00105324
 0.00106008
 0.00106699
 0.00107397
 0.00108103
 0.00108815
 0.00109535
 0.00110263
 0.00110998
 0.00111741
 0.00112491
  0.0011325
 0.00114016
 0.00114791
 0.00115574
 0.00116365
 0.00117165
 0.00117974
 0.00118791
 0.00119617
 0.00120452
 0.00121297
 0.00122151
 0.00123014
 0.00123886
 0.00124769
 0.00125661
 0.00126564
 0.00127476
 0.00128399
 0.00129333
 0.00130277
 0.00131232
 0.00132198
 0.00133175
 0.00134164
 0.00135164
 0.00136175
 0.00137199
 0.00138235
 0.00139283
 0.00140344
 0.00141417
 0.00142503
 0.00143603
 0.00144715
 0.00145842
 0.00146982
 0.00148136
 0.00149304
 0.00150487
 0.00151685
 0.00152897
 0.00154125
 0.00155369
 0.00156628
 0.00157903
 0.00159195
 0.00160503
 0.00161828
 0.00163171
  0.0016453
 0.00165908
 0.00167304
 0.00168718
 0.00170152
 0.00171604
 0.00173076
 0.00174568
  0.0017608
 0.00177612
 0.00179166
 0.00180741
 0.00182338
 0.00183957
 0.00185599
 0.00187263
 0.00188951
 0.00190664
   0.001924
 0.00194162
 0.00195949
 0.00197762
 0.00199601
 0.00201467
 0.00203361
 0.00205282
 0.00207232
 0.00209212
 0.00211221
  0.0021326
 0.00215331
 0.00217433
 0.00219568
 0.00221735
 0.00223936
 0.00226172
 0.00228442
 0.00230749
 0.00233092
 0.00235473
 0.00237892
  0.0024035
 0.00242848
 0.00245387
 0.00247968
 0.00250591
 0.00253258
  0.0025597
 0.00258727
 0.00261531
 0.00264383
 0.00267284
 0.00270235
 0.00273238
 0.00276292
 0.00279401
 0.00282564
 0.00285784
 0.00289062
 0.00292399
 0.00295796
 0.00299255
 0.00302778
 0.00306367
 0.00310022
 0.00313745
 0.00317539
 0.00321405
 0.00325346
 0.00329362
 0.00333456
  0.0033763
 0.00341886
 0.00346226
 0.00350653
 0.00355169
 0.00359777
 0.00364478
 0.00369276
 0.00374173
 0.00379172
 0.00384276
 0.00389488
  0.0039481
 0.00400248
 0.00405802
 0.00411478
 0.00417278
 0.00423207
 0.00429268
 0.00435465
 0.00441802
 0.00448284
 0.00454916
 0.00461701
 0.00468645
 0.00475753
  0.0048303
 0.00490481
 0.00498113
 0.00505931
 0.00513941
  0.0052215
 0.00530564
 0.00539191
 0.00548038
 0.00557112
 0.00566421
 0.00575974
 0.00585779
 0.00595846
 0.00606183
 0.00616801
 0.00627711
 0.00638922
 0.00650446
 0.00662296
 0.00674483
 0.00687021
 0.00699923
 0.00713204
  0.0072688
 0.00740965
 0.00755476
 0.00770431
 0.00785849
 0.00801749
 0.00818152
 0.00835078
 0.00852551
 0.00870594
 0.00889233
 0.00908496
 0.00928409
 0.00949002
 0.00970309
 0.00992361
  0.0101519
  0.0103885
  0.0106336
  0.0108877
  0.0111513
  0.0114248
  0.0117088
  0.0120037
  0.0123102
   0.012629
  0.0129605
  0.0133056
   0.013665
  0.0140395
  0.0144299
  0.0148372
  0.0152624
  0.0157065
  0.0161708
  0.0166563
  0.0171645
  0.0176967
  0.0182546
  0.0188398
  0.0194541
  0.0200996
  0.0207782
  0.0214924
  0.0222447
  0.0230378
  0.0238748
  0.0247589
  0.0256939
  0.0266835
  0.0277323
  0.0288449
  0.0300267
  0.0312836
   0.032622
  0.0340491
   0.035573
  0.0372026
  0.0389477
  0.0408198
  0.0428312
  0.0449961
  0.0473306
  0.0498528
  0.0525831
  0.0555452
  0.0587657
  0.0622756
  0.0661104
  0.0703111
  0.0749255
  0.0800094
  0.0856282
  0.0918588
  0.0987924
   0.106538
   0.115226
   0.125012
   0.136089
   0.148689
   0.163099
   0.179676
   0.198867
   0.221238
   0.247509
   0.278611
   0.315755
   0.360537
   0.415082
    0.48225
   0.565916
   0.671371
   0.805812
   0.978896
    1.20302
    1.49239
    1.85859
    2.29781
    2.76593
     3.1537
      3.313
    3.16652
    2.78572
    2.31835
    1.87653
    1.50688
    1.21434
   0.987673
   0.812643
   0.676743
   0.570199
   0.485714
   0.417928
    0.36291
   0.317765
   0.280338
   0.249015
   0.222569
   0.200059
   0.180757
   0.164091
    0.14961
   0.136954
   0.125832
    0.11601
   0.107294
  0.0995268
  0.0925768
  0.0863343
  0.0807075
  0.0756188
  0.0710023
   0.066802
  0.0629697
  0.0594641
  0.0562494
  0.0532947
   0.050573
  0.0480606
  0.0457369
  0.0435836
  0.0415847
   0.039726
  0.0379949
  0.0363801
  0.0348716
  0.0334604
  0.0321385
  0.0308987
  0.0297345
  0.0286399
  0.0276098
  0.0266392
  0.0257238
  0.0248596
  0.0240431
  0.0232708
  0.0225399
  0.0218474
   0.021191
  0.0205683
  0.0199771
  0.0194155
  0.0188817
  0.0183739
  0.0178908
  0.0174307
  0.0169925
  0.0165748
  0.0161767
  0.0157969
  0.0154345
  0.0150887
  0.0147585
  0.0144432
  0.0141421
  0.0138544
  0.0135795
  0.0133169
  0.0130659
   0.012826
  0.0125969
  0.0123779
  0.0121686
  0.0119688
   0.011778
  0.0115958
  0.0114219
  0.0112561
   0.011098
  0.0109473
  0.0108039
  0.0106675
  0.0105378
  0.0104147
   0.010298
  0.0101875
  0.0100831
 0.00998454
 0.00989177
 0.00980463
 0.00972303
 0.00964685
 0.00957601
 0.00951042
 0.00945001
 0.00939471
 0.00934448
 0.00929928
 0.00925906
 0.00922381
  0.0091935
 0.00916814
 0.00914773
 0.00913227
  0.0091218
 0.00911635
 0.00911596
 0.00912069
 0.00913059
 0.00914575
 0.00916626
  0.0091922
 0.00922371
  0.0092609
 0.00930392
 0.00935291
 0.00940806
 0.00946955
 0.00953758
 0.00961239
 0.00969421
 0.00978333
 0.00988002
 0.00998461
  0.0100974
  0.0102189
  0.0103494
  0.0104893
  0.0106392
  0.0107996
   0.010971
  0.0111541
  0.0113495
   0.011558
  0.0117804
  0.0120175
  0.0122703
  0.0125399
  0.0128273
  0.0131339
  0.0134611
  0.0138103
  0.0141831
  0.0145816
  0.0150076
  0.0154634
  0.0159516
  0.0164749
  0.0170364
  0.0176396
  0.0182883
  0.0189868
    0.01974
  0.0205535
  0.0214333
  0.0223867
  0.0234215
  0.0245469
  0.0257733
  0.0271129
  0.0285795
  0.0301892
  0.0319607
  0.0339158
  0.0360803
  0.0384845
  0.0411643
  0.0441626
  0.0475311
  0.0513319
  0.0556408
  0.0605508
  0.0661765
  0.0726606
  0.0801828
  0.0889705
  0.0993152
   0.111594
     0.1263
   0.144085
    0.16582
   0.192681
   0.226265
   0.268753
   0.323102
   0.393234
    0.48404
   0.600712
   0.746241
   0.915164
    1.08322
    1.20217
     1.2213
    1.13134
   0.974106
   0.802793
   0.649731
   0.525303
   0.428408
   0.354245
   0.297815
   0.255027
   0.222846
    0.19914
   0.182467
   0.171808
   0.166172
   0.163958
   0.162286
   0.157378
   0.146885
   0.131888
    0.11552
   0.100316
   0.087339
   0.076664
  0.0679728
  0.0608757
  0.0550284
  0.0501578
  0.0460558
  0.0425653
   0.039568
  0.0369737
  0.0347132
  0.0327329
  0.0309906
  0.0294529
  0.0280932
    0.02689
  0.0258263
  0.0248883
   0.024065
   0.023348
  0.0227309
  0.0222092
  0.0217805
  0.0214439
  0.0212006
  0.0210542
  0.0210102
  0.0210775
  0.0212682
  0.0215992
  0.0220931
  0.0227801
  0.0237008
  0.0249099
   0.026481
  0.0285145
  0.0311478
  0.0345686
  0.0390319
  0.0448746
  0.0525122
  0.0623708
  0.0746495
  0.0887509
   0.102401
   0.111389
   0.111704
   0.103147
  0.0895405
  0.0752012
  0.0625724
  0.0523541
  0.0443853
  0.0382458
  0.0335152
  0.0298492
  0.0269865
  0.0247342
  0.0229516
  0.0215355
  0.0204105
  0.0195209
  0.0188255
  0.0182942
  0.0179048
  0.0176418
  0.0174948
  0.0174581
  0.0175304
  0.0177145
  0.0180181
  0.0184543
  0.0190438
  0.0198158
  0.0208122
    0.02209
  0.0237243
   0.025806
  0.0284222
  0.0315963
  0.0351548
  0.0385539
  0.0409073
   0.041524
  0.0405572
  0.0388595
   0.037275
   0.036263
  0.0359644
  0.0363751
  0.0374585
  0.0391945
  0.0415966
  0.0447185
  0.0486588
  0.0535695
   0.059669
  0.0672626
  0.0767728
  0.0887799
   0.104074
   0.123704
   0.148985
   0.181326
   0.221608
   0.268591
   0.316309
    0.35282
   0.365766
   0.353521
    0.32749
   0.301831
   0.284894
   0.277955
   0.276385
   0.271592
   0.256169
   0.229928
   0.199044
   0.169886
   0.145678
   0.127065
   0.113558
   0.104429
  0.0990909
  0.0972001
  0.0986603
   0.103559
   0.111995
   0.123665
   0.137144
   0.149358
   0.156738
   0.158355
   0.157301
   0.158099
   0.163705
   0.174378
   0.187254
   0.196658
   0.197007
   0.186932
   0.169289
   0.147974
   0.126374
   0.106939
  0.0908297
  0.0781318
  0.0684144
  0.0611356
  0.0558241
  0.0521279
  0.0498184
  0.0487885
   0.049045
  0.0506896
  0.0538814
  0.0587456
  0.0651426
  0.0722313
  0.0780744
  0.0801807
  0.0774178
  0.0711822
  0.0640319
  0.0578563
   0.053457
  0.0509386
  0.0500453
  0.0502614
  0.0508712
  0.0511995
  0.0508903
  0.0498643
  0.0481645
  0.0460647
  0.0441148
  0.0428815
  0.0427399
  0.0439033
   0.046544
  0.0508733
  0.0571455
  0.0655438
  0.0758676
  0.0870006
  0.0965992
   0.102006
   0.102135
  0.0978025
  0.0903894
  0.0813519
  0.0722151
  0.0640738
   0.057418
  0.0524098
  0.0490755
  0.0473647
  0.0471979
  0.0484868
   0.051101
  0.0548229
  0.0593654
   0.064435
  0.0697795
  0.0753112
  0.0811894
  0.0874986
  0.0936853
  0.0982776
  0.0995465
  0.0972299
  0.0931062
  0.0892465
  0.0863531
  0.0838477
  0.0810459
  0.0778298
  0.0742704
  0.0704734
  0.0669606
  0.0645483
  0.0638002
  0.0647426
  0.0668858
  0.0695178
  0.0722756
  0.0753981
  0.0791524
  0.0831685
  0.0867262
  0.0898042
  0.0934827
  0.0991835
    0.10766
   0.118279
   0.128782
   0.136294
   0.139594
   0.139989
   0.139245
   0.137488
   0.133783
   0.128078
   0.121623
   0.116029
   0.112724
     0.1128
   0.116682
   0.123518
   0.130474
   0.133117
   0.128246
   0.116872
   0.103028
   0.090284
  0.0802236
  0.0728643
   0.067455
  0.0631201
  0.0592554
  0.0556254
   0.052269
  0.0492359
  0.0463548
  0.0433436
  0.0400861
  0.0367186
  0.0335317
  0.0308138
  0.0287402
  0.0273696
  0.0266947
   0.026675
  0.0272196
  0.0281227
  0.0290356
  0.0296172
  0.0297699
  0.0296255
  0.0293124
  0.0288508
  0.0282641
  0.0276633
  0.0271663
  0.0268127
  0.0265891
   0.026462
  0.0263999
  0.0264564
  0.0268012
  0.0275952
  0.0288291
  0.0302691
  0.0315646
  0.0324608
  0.0329578
  0.0333064
  0.0338317
   0.034709
  0.0358553
   0.037025
  0.0380975
  0.0392422
  0.0406421
  0.0421579
  0.0433981
  0.0439525
  0.0434781
  0.0418886
  0.0395482
  0.0370475
  0.0348495
  0.0331578
  0.0319229
  0.0309388
  0.0300517
  0.0292912
  0.0287945
    0.02869
  0.0290575
  0.0299029
  0.0311018
  0.0323587
  0.0332736
  0.0335583
   0.033253
  0.0326588
  0.0320763
  0.0316702
  0.0315152
  0.0316897
   0.032263
  0.0331771
   0.034172
  0.0348473
  0.0349306
  0.0345647
   0.034235
   0.034449
  0.0354993
  0.0373715
  0.0397955
  0.0424569
  0.0451315
  0.0475073
  0.0490981
  0.0495657
  0.0489387
  0.0473571
  0.0448579
  0.0416344
  0.0382186
  0.0351563
  0.0326517
   0.030564
  0.0286261
  0.0266568
  0.0246419
  0.0226761
  0.0208962
  0.0194289
   0.018329
   0.017554
  0.0170024
  0.0165955
  0.0163091
  0.0161235
   0.015988
  0.0158578
  0.0157385
  0.0156706
  0.0156727
  0.0156945
  0.0156367
  0.0154334
  0.0150908
  0.0146461
  0.0141251
   0.013547
  0.0129548
  0.0124166
   0.011996
  0.0117351
  0.0116485
  0.0117059
  0.0118333
  0.0119465
   0.011987
  0.0119501
  0.0118876
  0.0118727
  0.0119555
  0.0121255
  0.0123036
  0.0123815
  0.0122897
  0.0120375
  0.0116865
  0.0113069
  0.0109575
   0.010672
  0.0104549
  0.0102851
  0.0101261
 0.00994437
 0.00972626
 0.00948012
 0.00922521
 0.00898164
 0.00876719
 0.00859913
 0.00849545
 0.00846739
 0.00851236
 0.00861241
 0.00873415
 0.00883475
 0.00887889
  0.0088551
 0.00877715
 0.00866896
 0.00855291
  0.0084489
 0.00836518
 0.00828502
  0.0081743
 0.00801441
 0.00782786
 0.00766798
 0.00758854
 0.00762082
 0.00776571
  0.0079936
 0.00825186
 0.00848875
 0.00867569
 0.00880541
 0.00886928
 0.00883998
 0.00868167
 0.00837774
 0.00795943
 0.00750147
 0.00706879
 0.00667857
 0.00631152
 0.00594075
 0.00555407
 0.00515959
 0.00477375
 0.00441149
 0.00408622
 0.00380875
 0.00358452
 0.00341321
  0.0032893
 0.00320204
  0.0031363
 0.00307817
 0.00302177
 0.00296788
  0.0029166
 0.00286424
 0.00280655
 0.00274288
 0.00267736
 0.00261552
 0.00255914
 0.00250572
 0.00245311
 0.00240275
 0.00235806
 0.00232214
 0.00229613
 0.00227817