0.000533103
0.000536273
0.000539474
0.000542706
0.000545969
0.000549264
0.000552591
0.000555951
0.000559344
 0.00056277
0.000566231
0.000569725
0.000573255
0.000576821
0.000580422
 0.00058406
0.000587735
0.000591447
0.000595198
0.000598987
0.000602815
0.000606683
0.000610592
0.000614541
0.000618532
0.000622565
0.000626641
 0.00063076
0.000634924
0.000639132
0.000643386
0.000647686
0.000652033
0.000656427
0.000660869
0.000665361
0.000669903
0.000674495
0.000679138
0.000683834
0.000688583
0.000693386
0.000698243
0.000703157
0.000708126
0.000713154
0.000718239
0.000723384
 0.00072859
0.000733857
0.000739186
0.000744579
0.000750036
0.000755559
0.000761149
0.000766806
0.000772533
 0.00077833
0.000784198
0.000790139
0.000796155
0.000802245
0.000808412
0.000814657
0.000820982
0.000827388
0.000833875
0.000840447
0.000847104
0.000853848
0.000860681
0.000867604
0.000874619
0.000881727
0.000888931
0.000896232
0.000903633
0.000911134
0.000918739
0.000926448
0.000934265
 0.00094219
0.000950227
0.000958378
0.000966645
 0.00097503
0.000983535
0.000992164
 0.00100092
  0.0010098
 0.00101881
 0.00102796
 0.00103725
 0.00104667
 0.00105623
 0.00106595
 0.00107581
 0.00108582
 0.00109598
 0.00110631
  0.0011168
 0.00112745
 0.00113827
 0.00114927
 0.00116044
  0.0011718
 0.00118334
 0.00119507
   0.001207
 0.00121912
 0.00123145
 0.00124398
 0.00125673
  0.0012697
  0.0012829
 0.00129632
 0.00130998
 0.00132388
 0.00133803
 0.00135243
 0.00136709
 0.00138202
 0.00139722
  0.0014127
 0.00142848
 0.00144455
 0.00146092
  0.0014776
 0.00149461
 0.00151195
 0.00152962
 0.00154764
 0.00156602
 0.00158477
  0.0016039
 0.00162342
 0.00164334
 0.00166367
 0.00168443
 0.00170562
 0.00172727
 0.00174938
 0.00177197
 0.00179505
 0.00181865
 0.00184276
 0.00186742
 0.00189264
 0.00191844
 0.00194483
 0.00197184
 0.00199949
 0.00202779
 0.00205678
 0.00208647
 0.00211688
 0.00214806
 0.00218001
 0.00221277
 0.00224636
 0.00228083
 0.00231619
 0.00235249
 0.00238976
 0.00242803
 0.00246735
 0.00250775
 0.00254928
 0.00259199
 0.00263591
  0.0026811
 0.00272762
 0.00277551
 0.00282484
 0.00287566
 0.00292805
 0.00298206
 0.00303778
 0.00309528
 0.00315463
 0.00321593
 0.00327926
 0.00334473
 0.00341243
 0.00348248
 0.00355498
 0.00363006
 0.00370785
 0.00378849
 0.00387213
 0.00395892
 0.00404905
 0.00414267
    0.00424
 0.00434124
 0.00444661
 0.00455635
 0.00467071
 0.00478998
 0.00491445
 0.00504444
  0.0051803
  0.0053224
 0.00547116
 0.00562701
 0.00579043
 0.00596194
  0.0061421
 0.00633154
 0.00653092
 0.00674099
 0.00696255
 0.00719649
 0.00744379
 0.00770551
 0.00798285
 0.00827712
 0.00858977
 0.00892242
 0.00927687
 0.00965513
  0.0100594
  0.0104923
  0.0109567
  0.0114556
  0.0119928
  0.0125723
  0.0131989
  0.0138778
  0.0146154
  0.0154185
  0.0162954
  0.0172556
  0.0183102
  0.0194722
  0.0207568
  0.0221822
    0.02377
  0.0255461
  0.0275418
  0.0297949
  0.0323521
  0.0352707
  0.0386224
  0.0424969
  0.0470085
   0.052304
   0.058574
  0.0660698
  0.0751266
  0.0861991
  0.0999137
   0.117148
   0.139154
   0.167748
   0.205603
   0.256683
   0.326817
   0.424154
   0.558321
   0.734376
   0.933965
    1.08819
    1.10266
   0.966692
   0.768634
   0.586415
   0.445387
   0.342695
   0.268822
   0.215234
   0.175728
   0.146063
   0.123382
   0.105749
  0.0918323
  0.0807022
  0.0716977
  0.0643414
  0.0582829
  0.0532614
  0.0490803
  0.0455899
  0.0426755
   0.040248
  0.0382391
  0.0365956
  0.0352773
  0.0342543
  0.0335056
  0.0330179
  0.0327857
  0.0328109
  0.0331033
   0.033682
  0.0345768
  0.0358316
  0.0375073
  0.0396861
  0.0424739
  0.0460058
  0.0504783
  0.0562134
  0.0636986
  0.0735909
  0.0866829
   0.103622
   0.123986
   0.145078
   0.163639
   0.181533
   0.206133
   0.244788
   0.301877
   0.375845
   0.451743
    0.49663
   0.481455
   0.418375
   0.345208
   0.284614
   0.239011
   0.204154
   0.176844
    0.15388
   0.132598
   0.113169
  0.0970023
  0.0846235
  0.0756689
  0.0695232
  0.0656141
  0.0632473
  0.0615505
  0.0600188
  0.0587703
  0.0580554
  0.0579883
  0.0584884
  0.0595431
  0.0614897
  0.0648522
  0.0701875
  0.0779926
  0.0885456
   0.101673
   0.116684
   0.133293
   0.152799
   0.177195
    0.20626
   0.235127
   0.256474
    0.26736
   0.271361
   0.273666
   0.274832
   0.268891
   0.251548
   0.227246
   0.202419
    0.17972
   0.159528
   0.142357
   0.129129
   0.120005
     0.1141
   0.109867
   0.105664
   0.100816
  0.0960135
  0.0925053
  0.0909367
  0.0911026
  0.0927354
  0.0958366
    0.10037
   0.106211
   0.113195
   0.121216
    0.13036
   0.140689
   0.152304
   0.165014
    0.17762
   0.188808
   0.198099
   0.204541
   0.206632
   0.204095
   0.198348
    0.19096
   0.182632
   0.173761
   0.164867
   0.156473
   0.148865
   0.142012
   0.135796
   0.130128
   0.125178
   0.121405
    0.11906
   0.118016
   0.118016
   0.118832
   0.120392
    0.12272
    0.12573
   0.129208
   0.132942
   0.136906
   0.141216
   0.145943
   0.150968
   0.155795
   0.159706
   0.162108
   0.162821
    0.16222
   0.160825
   0.158914
   0.156568
    0.15391
   0.151123
   0.148229
   0.145142
   0.141969
   0.138958
    0.13622
   0.133796
    0.13189
   0.130722
   0.130307
   0.130486
   0.131044
   0.131838
   0.132762
   0.133622
    0.13426
   0.134785
   0.135494
   0.136591
   0.138011
   0.139534
   0.141031
   0.142474
   0.143669
   0.144242
   0.144001
   0.143062
   0.141664
   0.140134
   0.138852
   0.138051
   0.137706
   0.137515
   0.137077
   0.136201
    0.13495
   0.133433
   0.131709
   0.129925
   0.128372
   0.127318
   0.126881
   0.127059
   0.127717
   0.128608
   0.129392
   0.129726
   0.129559
   0.129196
    0.12893
    0.12876
   0.128575
   0.128472
   0.128687
   0.129288
   0.130029
   0.130488
   0.130311
   0.129368
   0.127729
   0.125648
    0.12359
   0.122043
   0.121199
   0.120865
   0.120736
   0.120676
   0.120652
   0.120596
   0.120367
   0.119806
   0.118868
   0.117731
   0.116735
   0.116248
   0.116556
   0.117706
   0.119426
   0.121231
   0.122734
   0.123813
   0.124477
   0.124741
   0.124633
   0.124243
   0.123776
   0.123485
   0.123508
   0.123811
   0.124254
   0.124645
   0.124795
   0.124618
   0.124222
   0.123823
   0.123608
   0.123694
   0.124136
   0.124949
   0.126149
   0.127769
   0.129721
   0.131782
   0.133766
   0.135595
   0.137228
   0.138659
   0.139975
   0.141292
   0.142646
   0.143969
   0.145153
    0.14617
   0.147139
   0.148225
   0.149444
   0.150646
    0.15169
   0.152555
   0.153267
   0.153837
   0.154286
   0.154584
   0.154666
   0.154591
   0.154568
   0.154776
   0.155285
   0.156058
   0.156944
   0.157743
   0.158307
   0.158571
    0.15852
   0.158163
   0.157583
   0.156828
   0.155856
   0.154708
    0.15356
   0.152516
   0.151522
   0.150442
   0.149137
   0.147549
   0.145712
   0.143733
   0.141757
   0.139928
   0.138345
   0.136984
   0.135761
    0.13469
   0.133891
   0.133495
   0.133556
   0.133947
    0.13444
   0.134867
   0.135177
   0.135397
   0.135586
   0.135802
   0.136019
   0.136091
   0.135895
   0.135461
   0.134943
   0.134542
   0.134384
   0.134392
   0.134414
   0.134415
   0.134473
   0.134674
    0.13505
   0.135589
    0.13622
   0.136804
   0.137236
   0.137526
    0.13775
   0.138013
   0.138386
   0.138776
   0.139043
   0.139191
   0.139318
   0.139467
   0.139578
   0.139522
   0.139175
    0.13849
   0.137547
    0.13651
   0.135556
   0.134817
   0.134271
   0.133729
   0.133091
   0.132486
   0.132072
   0.131874
   0.131802
   0.131743
   0.131641
   0.131516
   0.131414
   0.131353
   0.131342
   0.131403
   0.131493
   0.131492
   0.131359
   0.131154
   0.130912
   0.130596
   0.130139
   0.129567
   0.129012
   0.128602
   0.128331
   0.128079
   0.127808
   0.127575
   0.127343
   0.126956
    0.12633
   0.125502
   0.124525
   0.123418
   0.122235
   0.121143
    0.12035
   0.119978
   0.119978
   0.120193
   0.120502
   0.120849
    0.12116
   0.121342
   0.121334
   0.121104
   0.120636
   0.119939
   0.119086
   0.118238
   0.117544
   0.117051
    0.11671
   0.116429
   0.116138
   0.115816
   0.115451
   0.114983
   0.114317
    0.11339
   0.112227
   0.110934
   0.109655
    0.10851
   0.107544
   0.106728
   0.106017
    0.10536
   0.104698
      0.104
    0.10326
   0.102414
   0.101342
   0.099998
  0.0984992
  0.0970294
  0.0956918
  0.0944846
  0.0933632
   0.092299
  0.0912971
  0.0903258
  0.0892777
  0.0880342
  0.0864889
  0.0845547
   0.082255
  0.0797576
   0.077275
  0.0749543
  0.0728347
  0.0708802
  0.0690498
  0.0673185
  0.0656254
   0.063836
   0.061835
  0.0596255
  0.0572889
  0.0549295
  0.0526636
  0.0505798
  0.0486952
  0.0469636
  0.0453025
  0.0436316
  0.0419019
  0.0400774
  0.0381252
  0.0360506
  0.0339247
  0.0318506
  0.0299111
  0.0281477
  0.0265589
  0.0251102
  0.0237582
  0.0224665
  0.0212097
  0.0199805
  0.0187859
  0.0176308
  0.0165227
  0.0154775
  0.0145126
  0.0136359
  0.0128454
  0.0121295
   0.011469
   0.010844
  0.0102406
 0.00965334
 0.00908392
 0.00853962
 0.00802747
 0.00754999
 0.00710897
 0.00670589
 0.00633859
  0.0060022
 0.00569183
 0.00540291
 0.00513173
 0.00487672
 0.00463823
 0.00441717
 0.00421391
 0.00402816
 0.00385876
 0.00370418
 0.00356307
 0.00343364
 0.00331333
 0.00319975
 0.00309134
 0.00298741
 0.00288823
 0.00279451
 0.00270672
 0.00262481
 0.00254851
 0.00247755
  0.0024115
 0.00234968
 0.00229147
 0.00223627
  0.0021836
 0.00213312
 0.00208471
 0.00203831
 0.00199406
 0.00195213
  0.0019126
 0.00187533
 0.00184008
  0.0018066
 0.00177462
 0.00174398
 0.00171452
 0.00168611
 0.00165865
 0.00163206
 0.00160631
 0.00158136
  0.0015572
 0.00153383
 0.00151125
 0.00148944
 0.00146835
 0.00144791
 0.00142806
 0.00140875
 0.00138995
 0.00137162
 0.00135376
 0.00133635
  0.0013194
 0.00130287
 0.00128677
 0.00127107
 0.00125576
 0.00124082
 0.00122623
 0.00121197
 0.00119802
 0.00118437
 0.00117101
 0.00115793
 0.00114512
 0.00113258
  0.0011203
 0.00110827
 0.00109647
 0.00108491
 0.00107358
 0.00106246
 0.00105155
 0.00104085
 0.00103034
 0.00102002
 0.00100989
0.000999944
0.000990172
0.000980572
0.000971139
0.000961869
0.000952758
0.000943801
0.000934994
0.000926333
0.000917815
0.000909436
0.000901192
0.000893081
0.000885098
0.000877242
0.000869508
0.000861895
0.000854398
0.000847016
0.000839745
0.000832584
 0.00082553
 0.00081858
0.000811732
0.000804984
0.000798334
0.000791779
0.000785318
0.000778948
0.000772668
0.000766476
0.000760369
0.000754347
0.000748407
0.000742547
0.000736767
0.000731064
0.000725437
0.000719885
0.000714406
0.000708998
 0.00070366
0.000698392
0.000693191
0.000688056
0.000682986
 0.00067798
0.000673037
0.000668155
0.000663333
0.000658571
0.000653867
 0.00064922
0.000644629
0.000640094
0.000635612
0.000631184
0.000626808
0.000622483
0.000618209
0.000613985
0.000609809
0.000605681
0.000601601
0.000597567
0.000593578
0.000589634
0.000585735
0.000581879
0.000578065
0.000574294
0.000570563
0.000566874
0.000563224
0.000559614
0.000556043
 0.00055251
0.000549015
0.000545556
0.000542134
0.000538748
0.000535397
0.000532081
0.000528799
0.000525551
0.000522336
0.000519154
0.000516004
0.000512886
0.000509799
0.000506744
0.000503718
0.000500723
0.000497757
 0.00049482
0.000491913
0.000489033
0.000486181
0.000483357
 0.00048056
 0.00047779
0.000475046
0.000472329
0.000469637
 0.00046697
0.000464328
0.000461711
0.000459118
 0.00045655
0.000454005
0.000451483
0.000448984
0.000446509
0.000444055
0.000441624
0.000439215
0.000436827
 0.00043446
0.000432115
 0.00042979
0.000427486
0.000425202
0.000422939
0.000420695
 0.00041847
0.000416265
0.000414078
0.000411911
0.000409762
0.000407631
0.000405519
0.000403424
0.000401347
0.000399287
0.000397245
 0.00039522
0.000393211
 0.00039122
0.000389244
0.000387285
0.000385342
0.000383415
0.000381503
0.000379607
0.000377727
0.000375861
0.000374011
0.000372175
0.000370354
0.000368547
0.000366755
0.000364977
0.000363212
0.000361462
0.000359725
0.000358002
0.000356292
0.000354595
0.000352912