  0.0077831
 0.00800329
 0.00823399
  0.0084759
 0.00872978
 0.00899647
 0.00927687
 0.00957196
 0.00988282
  0.0102106
  0.0105567
  0.0109224
  0.0113093
  0.0117191
  0.0121538
  0.0126154
  0.0131063
   0.013629
  0.0141864
  0.0147817
  0.0154185
  0.0161008
  0.0168332
  0.0176208
  0.0184693
  0.0193853
  0.0203763
  0.0214507
  0.0226183
  0.0238903
  0.0252798
  0.0268016
  0.0284734
  0.0303155
  0.0323521
  0.0346116
  0.0371276
  0.0399407
  0.0430993
  0.0466622
  0.0507009
  0.0553032
  0.0605778
  0.0666604
  0.0737216
  0.0819783
   0.091709
   0.103275
   0.117148
   0.133957
    0.15454
   0.180032
   0.211978
   0.252485
   0.304404
   0.371488
   0.458326
   0.569525
   0.706917
   0.863049
    1.01155
    1.10545
    1.10266
    1.00463
   0.854833
   0.699462
   0.563646
   0.454086
   0.368668
   0.302743
   0.251755
   0.212005
   0.180687
   0.155731
   0.135617
   0.119232
   0.105749
   0.094553
  0.0851784
  0.0772703
  0.0705552
  0.0648202
  0.0598981
  0.0556561
  0.0519883
  0.0488096
  0.0460509
  0.0436563
  0.0415799
  0.0397843
  0.0382391
  0.0369192
  0.0358046
  0.0348793
   0.034131
  0.0335503
  0.0331311
    0.03287
  0.0327664
  0.0328228
  0.0330446
  0.0334408
  0.0340246
  0.0348136
  0.0358316
   0.037109
  0.0386845
  0.0406055
  0.0429292
  0.0457252
  0.0490887
  0.0531615
  0.0581479
  0.0643166
   0.072001
  0.0815895
  0.0934558
   0.107749
   0.123986
   0.140699
   0.156048
   0.169787
   0.184443
   0.203984
   0.231983
   0.270921
   0.321609
   0.381497
   0.441881
   0.486584
   0.497902
   0.470728
   0.418375
   0.360216
   0.308578
   0.266816
   0.233465
   0.206361
   0.184046
   0.165038
   0.147675
   0.131131
   0.115773
   0.102343
  0.0912417
  0.0824371
  0.0756688
  0.0706325
  0.0670538
  0.0646363
  0.0629831
  0.0616645
    0.06044
  0.0593415
  0.0585035
  0.0580291
  0.0579598
  0.0582524
  0.0588603
  0.0598684
  0.0614896
  0.0639843
  0.0676243
  0.0726704
    0.07933
  0.0877019
  0.0976969
   0.108994
   0.121248
   0.134567
   0.149749
   0.167842
   0.189238
   0.212708
   0.235126
   0.252801
   0.263867
   0.269279
   0.271702
   0.273494
   0.274873
   0.273198
   0.265037
   0.249934
   0.230849
   0.211106
   0.192425
   0.175223
   0.159567
   0.145751
   0.134278
   0.125414
   0.118975
    0.11443
   0.111008
   0.107849
   0.104352
   0.100467
  0.0966559
  0.0935597
  0.0916186
  0.0908773
  0.0911448
  0.0922847
  0.0942932
  0.0971983
   0.100988
   0.105619
   0.111016
   0.117089
   0.123797
   0.131147
   0.139172
   0.147972
   0.157591
   0.167696
   0.177539
   0.186476
    0.19428
   0.200689
   0.205042
   0.206672
   0.205462
   0.201914
   0.196802
    0.19076
   0.184128
   0.177109
   0.169941
   0.162927
   0.156347
    0.15033
   0.144836
   0.139765
   0.135025
   0.130568
   0.126495
   0.123044
   0.120414
    0.11863
   0.117603
   0.117245
   0.117508
   0.118367
   0.119814
   0.121824
   0.124308
   0.127128
    0.13011
   0.133102
   0.136076
   0.139161
    0.14256
   0.146387
   0.150492
   0.154471
   0.157916
   0.160625
    0.16253
   0.163629
   0.164009
   0.163735
   0.162766
    0.16107
   0.158721
   0.155878
   0.152752
   0.149577
   0.146544
   0.143741
   0.141174
   0.138805
   0.136613
   0.134671
    0.13312
   0.132091
    0.13162
    0.13155
   0.131545
   0.131318
   0.130859
   0.130386
    0.13012
   0.130194
   0.130689
   0.131679
   0.133232
   0.135362
   0.137935
   0.140618
   0.143015
   0.144821
   0.145883
   0.146162
   0.145686
   0.144566
   0.143079
   0.141612
   0.140461
   0.139724
   0.139356
   0.139268
   0.139351
   0.139447
   0.139357
   0.138859
   0.137745
   0.135973
   0.133776
   0.131585
   0.129782
   0.128528
   0.127771
   0.127388
    0.12733
   0.127625
    0.12833
   0.129489
   0.131053
   0.132792
   0.134318
   0.135254
   0.135404
   0.134816
   0.133724
   0.132466
   0.131399
   0.130795
   0.130761
   0.131216
   0.131929
   0.132611
   0.133025
   0.133038
   0.132607
    0.13172
   0.130348
   0.128467
   0.126137
   0.123546
   0.120965
   0.118661
   0.116859
   0.115726
   0.115344
   0.115679
   0.116579
   0.117779
   0.118962
     0.1199
   0.120558
    0.12104
   0.121454
    0.12183
   0.122114
   0.122256
   0.122297
   0.122401
   0.122768
   0.123511
   0.124582
   0.125822
   0.127002
    0.12787
   0.128231
   0.128035
   0.127392
   0.126482
    0.12544
   0.124314
   0.123106
   0.121829
   0.120539
   0.119312
   0.118221
   0.117352
   0.116796
   0.116584
   0.116657
   0.116902
   0.117228
   0.117586
   0.117951
    0.11831
   0.118698
   0.119203
    0.11992
    0.12089
   0.122083
   0.123449
   0.124963
   0.126624
   0.128421
   0.130344
   0.132381
   0.134494
    0.13659
   0.138557
   0.140336
   0.141951
   0.143454
   0.144876
   0.146222
   0.147451
   0.148451
   0.149057
   0.149142
    0.14869
     0.1478
   0.146626
    0.14534
   0.144117
   0.143103
   0.142401
    0.14207
   0.142121
   0.142521
   0.143208
   0.144098
   0.145087
   0.146106
    0.14717
   0.148329
   0.149579
   0.150841
   0.152049
   0.153223
   0.154442
   0.155797
   0.157338
   0.159047
    0.16083
    0.16256
   0.164104
   0.165327
   0.166111
   0.166369
   0.166067
   0.165241
   0.163998
   0.162441
   0.160626
   0.158597
   0.156432
   0.154214
   0.152031
   0.149991
   0.148193
   0.146648
   0.145282
      0.144
   0.142727
    0.14143
   0.140112
   0.138811
   0.137613
   0.136638
   0.135959
   0.135547
   0.135302
   0.135122
   0.134932
   0.134685
   0.134396
   0.134131
    0.13393
   0.133742
   0.133497
   0.133178
   0.132836
   0.132555
   0.132412
   0.132454
   0.132709
   0.133206
   0.133924
    0.13478
   0.135659
   0.136476
   0.137178
   0.137721
   0.138105
   0.138391
   0.138616
   0.138742
   0.138703
   0.138479
    0.13812
   0.137726
   0.137404
   0.137227
   0.137229
   0.137397
   0.137668
   0.137949
   0.138142
   0.138143
   0.137864
   0.137306
   0.136615
   0.136023
   0.135667
    0.13552
    0.13547
   0.135448
   0.135466
   0.135574
   0.135812
   0.136159
   0.136533
    0.13681
   0.136882
   0.136742
   0.136463
   0.136114
   0.135715
   0.135291
    0.13491
   0.134632
   0.134451
   0.134326
   0.134237
   0.134197
    0.13424
   0.134397
   0.134645
   0.134882
   0.134957
   0.134757
   0.134285
   0.133658
   0.133013
   0.132409
   0.131837
   0.131289
   0.130793
   0.130384
   0.130072
    0.12985
   0.129722
   0.129718
   0.129872
    0.13018
   0.130562
   0.130874
   0.130971
   0.130756
   0.130221
   0.129432
   0.128489
   0.127473
   0.126431
   0.125392
   0.124384
   0.123442
   0.122603
   0.121904
   0.121377
    0.12104
   0.120898
   0.120948
   0.121154
   0.121458
   0.121797
   0.122128
   0.122432
   0.122698
   0.122927
   0.123122
   0.123271
   0.123311
   0.123162
   0.122797
   0.122277
   0.121731
   0.121285
   0.120996
   0.120832
   0.120704
    0.12052
    0.12023
   0.119845
   0.119416
   0.118958
   0.118414
   0.117708
   0.116799
   0.115683
    0.11437
   0.112914
   0.111439
   0.110116
   0.109086
   0.108403
   0.108036
   0.107905
   0.107921
   0.108022
   0.108167
   0.108313
   0.108376
   0.108235
   0.107778
   0.106988
   0.105942
    0.10475
   0.103518
   0.102353
   0.101358
   0.100596
   0.100068
   0.099725
  0.0994918
  0.0992759
  0.0989851
  0.0985537
  0.0979366
  0.0970729
  0.0958787
  0.0942923
   0.092341
  0.0901577
  0.0879188
  0.0857749
  0.0838329
  0.0821581
  0.0807603
  0.0795877
  0.0785485
  0.0775449
  0.0764905
  0.0753123
  0.0739674
  0.0724572
  0.0708057
  0.0690351
  0.0671731
  0.0652695
  0.0633945
  0.0616178
  0.0599887
  0.0585311
  0.0572412
  0.0560806
  0.0549824
  0.0538692
  0.0526714
  0.0513415
  0.0498593
  0.0482327
  0.0464997
  0.0447115
  0.0429024
  0.0410914
  0.0393064
   0.037585
  0.0359544
  0.0344189
  0.0329691
  0.0315911
  0.0302664
  0.0289713
   0.027686
  0.0264039
   0.025133
  0.0238902
  0.0226933
   0.021557
  0.0204925
  0.0195052
  0.0185942
  0.0177579
  0.0169949
  0.0162983
  0.0156526
   0.015037
  0.0144334
   0.013829
   0.013217
  0.0125989
  0.0119835
  0.0113831
  0.0108079
  0.0102637
  0.0097534
 0.00927884
 0.00884173
 0.00844094
 0.00807186
 0.00772877
 0.00740636
 0.00709951
 0.00680326
 0.00651407
 0.00623053
 0.00595245
 0.00568071
  0.0054183
 0.00517012
 0.00494082
 0.00473271
 0.00454555
  0.0043775
 0.00422594
 0.00408794
  0.0039608
 0.00384256
 0.00373177
 0.00362695
 0.00352655
 0.00342937
 0.00333483
 0.00324273
 0.00315293
 0.00306547
 0.00298084
 0.00289989
 0.00282347
 0.00275208
 0.00268582
 0.00262437
 0.00256706
 0.00251301
 0.00246142
 0.00241164
 0.00236324
 0.00231596
 0.00226978
  0.0022249
 0.00218155
 0.00213988
 0.00209994
 0.00206183
  0.0020256
 0.00199128
 0.00195877
 0.00192793
 0.00189855
 0.00187041
 0.00184329
 0.00181701
 0.00179146
 0.00176655
 0.00174229
 0.00171865
 0.00169567
 0.00167335
 0.00165171
 0.00163074
 0.00161042
 0.00159073
 0.00157162
 0.00155307
 0.00153502
 0.00151744
 0.00150029
 0.00148354
 0.00146716
 0.00145113
 0.00143543
 0.00142004
 0.00140495
 0.00139016
 0.00137566
 0.00136147
 0.00134759
 0.00133399
 0.00132068
 0.00130764
 0.00129486
 0.00128232
 0.00127004
 0.00125798
 0.00124616
 0.00123455
 0.00122315
 0.00121196
 0.00120097
 0.00119017
 0.00117955
 0.00116911
 0.00115884
 0.00114874
 0.00113881
 0.00112904
 0.00111942
 0.00110996
 0.00110065
 0.00109148
 0.00108245
 0.00107357
 0.00106481
 0.00105619
 0.00104769
 0.00103932
 0.00103108
 0.00102295
 0.00101493
 0.00100703
0.000999238
0.000991556
 0.00098398
0.000976508
0.000969139
 0.00096187
0.000954698
0.000947622
 0.00094064
 0.00093375
0.000926949
0.000920237
 0.00091361
0.000907069
 0.00090061
0.000894233
0.000887936
0.000881717
0.000875575
0.000869509
0.000863516
0.000857597
0.000851749
0.000845971
0.000840261
0.000834619
0.000829044
0.000823534
0.000818088
0.000812704
0.000807383
0.000802122
0.000796921
0.000791779
0.000786695
0.000781667
0.000776695
0.000771778
0.000766915
0.000762105
0.000757347
0.000752641
0.000747985
0.000743379
0.000738822
0.000734313
0.000729852
0.000725437
0.000721068
0.000716745
0.000712466
0.000708231
0.000704039
 0.00069989
0.000695783
0.000691717
0.000687691
0.000683706
0.000679761
0.000675854
0.000671985
0.000668155
0.000664361
0.000660605
0.000656884
  0.0006532
 0.00064955
0.000645935
0.000642355
0.000638808
0.000635294
0.000631813
0.000628365
0.000624948
0.000621563
0.000618209
0.000614886
0.000611593
0.000608329
0.000605095
0.000601891
0.000598715
0.000595567
0.000592447
0.000589354
0.000586289
0.000583251
0.000580239
0.000577253
0.000574294
0.000571359
 0.00056845
0.000565566
0.000562706
0.000559871
 0.00055706
0.000554272
0.000551507
0.000548766
0.000546048
0.000543352
0.000540678
0.000538027
0.000535397
0.000532788
0.000530201
0.000527635
0.000525089
0.000522564
 0.00052006
0.000517575
 0.00051511
0.000512665
0.000510238
0.000507831
0.000505443
0.000503074
0.000500723
 0.00049839
0.000496076
0.000493779
  0.0004915
0.000489238
0.000486993
0.000484766
0.000482555
0.000480362
0.000478184
0.000476023
0.000473878
 0.00047175
0.000469637
0.000467539
0.000465457
0.000463391
0.000461339
0.000459303
0.000457281
0.000455274
0.000453282
0.000451304
 0.00044934
 0.00044739
0.000445454
0.000443532
0.000441624
0.000439729
0.000437848
0.000435979
0.000434124
0.000432282
0.000430452
0.000428636
0.000426832
 0.00042504
0.000423261
0.000421494
0.000419739
0.000417996
0.000416265
0.000414545
0.000412837
0.000411141
0.000409456
0.000407783
 0.00040612
0.000404469
0.000402829
0.000401199
0.000399581
0.000397973
0.000396375
0.000394788
0.000393211
0.000391645
0.000390089
0.000388543
0.000387007
 0.00038548
0.000383964
0.000382457
 0.00038096
0.000379473
0.000377995
0.000376526
0.000375066
0.000373616
0.000372175
0.000370743
 0.00036932
0.000367905
  0.0003665
0.000365103
0.000363715
0.000362335
0.000360964
0.000359602
0.000358247
0.000356901
0.000355563
0.000354234
0.000352912