 (-0.160075,-0.00138409)
  (-0.160352,-0.0013892)
  (-0.16063,-0.00139434)
 (-0.160909,-0.00139951)
  (-0.16119,-0.00140471)
 (-0.161471,-0.00140995)
 (-0.161754,-0.00141521)
  (-0.162037,-0.0014205)
 (-0.162322,-0.00142583)
 (-0.162607,-0.00143119)
 (-0.162894,-0.00143657)
 (-0.163182,-0.00144199)
 (-0.163471,-0.00144745)
 (-0.163761,-0.00145293)
 (-0.164052,-0.00145845)
   (-0.164344,-0.001464)
 (-0.164637,-0.00146959)
  (-0.164932,-0.0014752)
 (-0.165227,-0.00148086)
 (-0.165524,-0.00148654)
 (-0.165822,-0.00149226)
 (-0.166121,-0.00149802)
 (-0.166421,-0.00150381)
 (-0.166722,-0.00150963)
 (-0.167025,-0.00151549)
 (-0.167328,-0.00152139)
 (-0.167633,-0.00152732)
 (-0.167939,-0.00153329)
  (-0.168246,-0.0015393)
 (-0.168555,-0.00154535)
 (-0.168864,-0.00155143)
 (-0.169175,-0.00155755)
  (-0.169487,-0.0015637)
  (-0.169801,-0.0015699)
 (-0.170115,-0.00157613)
 (-0.170431,-0.00158241)
 (-0.170748,-0.00158872)
 (-0.171066,-0.00159507)
 (-0.171386,-0.00160147)
  (-0.171707,-0.0016079)
 (-0.172029,-0.00161437)
 (-0.172352,-0.00162089)
 (-0.172677,-0.00162745)
 (-0.173003,-0.00163405)
 (-0.173331,-0.00164069)
 (-0.173659,-0.00164737)
  (-0.173989,-0.0016541)
 (-0.174321,-0.00166087)
 (-0.174654,-0.00166768)
 (-0.174988,-0.00167454)
 (-0.175323,-0.00168145)
  (-0.17566,-0.00168839)
 (-0.175998,-0.00169539)
 (-0.176338,-0.00170243)
 (-0.176679,-0.00170951)
 (-0.177022,-0.00171665)
 (-0.177366,-0.00172383)
 (-0.177711,-0.00173105)
 (-0.178058,-0.00173833)
 (-0.178406,-0.00174565)
 (-0.178756,-0.00175303)
 (-0.179107,-0.00176045)
  (-0.17946,-0.00176792)
 (-0.179814,-0.00177544)
  (-0.18017,-0.00178301)
 (-0.180527,-0.00179064)
 (-0.180886,-0.00179831)
 (-0.181247,-0.00180604)
 (-0.181608,-0.00181382)
 (-0.181972,-0.00182165)
 (-0.182337,-0.00182954)
 (-0.182704,-0.00183748)
 (-0.183072,-0.00184548)
 (-0.183442,-0.00185353)
 (-0.183813,-0.00186164)
  (-0.184186,-0.0018698)
 (-0.184561,-0.00187802)
  (-0.184937,-0.0018863)
 (-0.185315,-0.00189463)
 (-0.185695,-0.00190302)
 (-0.186076,-0.00191148)
 (-0.186459,-0.00191999)
 (-0.186844,-0.00192856)
  (-0.18723,-0.00193719)
 (-0.187619,-0.00194589)
 (-0.188009,-0.00195464)
   (-0.1884,-0.00196346)
 (-0.188794,-0.00197234)
 (-0.189189,-0.00198129)
  (-0.189586,-0.0019903)
 (-0.189985,-0.00199937)
 (-0.190386,-0.00200851)
 (-0.190788,-0.00201772)
   (-0.191192,-0.002027)
 (-0.191599,-0.00203634)
 (-0.192007,-0.00204575)
 (-0.192417,-0.00205523)
 (-0.192829,-0.00206478)
  (-0.193242,-0.0020744)
 (-0.193658,-0.00208409)
 (-0.194076,-0.00209385)
 (-0.194495,-0.00210369)
  (-0.194917,-0.0021136)
 (-0.195341,-0.00212358)
 (-0.195766,-0.00213364)
 (-0.196194,-0.00214377)
 (-0.196623,-0.00215398)
 (-0.197055,-0.00216427)
 (-0.197489,-0.00217464)
 (-0.197925,-0.00218508)
 (-0.198363,-0.00219561)
 (-0.198803,-0.00220621)
  (-0.199245,-0.0022169)
 (-0.199689,-0.00222767)
 (-0.200136,-0.00223852)
 (-0.200584,-0.00224946)
 (-0.201035,-0.00226048)
 (-0.201488,-0.00227159)
 (-0.201944,-0.00228279)
 (-0.202401,-0.00229407)
 (-0.202861,-0.00230544)
  (-0.203323,-0.0023169)
 (-0.203787,-0.00232846)
  (-0.204254,-0.0023401)
 (-0.204723,-0.00235184)
 (-0.205195,-0.00236367)
  (-0.205668,-0.0023756)
 (-0.206144,-0.00238762)
 (-0.206623,-0.00239974)
 (-0.207104,-0.00241195)
 (-0.207587,-0.00242427)
 (-0.208073,-0.00243669)
  (-0.208562,-0.0024492)
 (-0.209053,-0.00246182)
 (-0.209546,-0.00247455)
 (-0.210042,-0.00248738)
 (-0.210541,-0.00250031)
 (-0.211042,-0.00251335)
  (-0.211546,-0.0025265)
 (-0.212052,-0.00253977)
 (-0.212561,-0.00255314)
 (-0.213073,-0.00256662)
 (-0.213588,-0.00258022)
 (-0.214105,-0.00259393)
 (-0.214625,-0.00260776)
 (-0.215148,-0.00262171)
 (-0.215673,-0.00263577)
 (-0.216201,-0.00264996)
 (-0.216733,-0.00266427)
  (-0.217267,-0.0026787)
 (-0.217804,-0.00269326)
 (-0.218344,-0.00270794)
 (-0.218887,-0.00272275)
 (-0.219432,-0.00273769)
 (-0.219981,-0.00275276)
 (-0.220533,-0.00276797)
 (-0.221088,-0.00278331)
 (-0.221646,-0.00279878)
 (-0.222207,-0.00281439)
 (-0.222771,-0.00283014)
 (-0.223339,-0.00284603)
 (-0.223909,-0.00286207)
 (-0.224483,-0.00287825)
  (-0.22506,-0.00289457)
  (-0.22564,-0.00291105)
 (-0.226224,-0.00292767)
 (-0.226811,-0.00294444)
 (-0.227401,-0.00296137)
 (-0.227995,-0.00297846)
  (-0.228592,-0.0029957)
  (-0.229193,-0.0030131)
 (-0.229797,-0.00303067)
 (-0.230404,-0.00304839)
 (-0.231016,-0.00306629)
  (-0.23163,-0.00308435)
 (-0.232249,-0.00310258)
 (-0.232871,-0.00312099)
 (-0.233497,-0.00313957)
 (-0.234126,-0.00315832)
 (-0.234759,-0.00317726)
 (-0.235396,-0.00319638)
 (-0.236037,-0.00321568)
 (-0.236682,-0.00323517)
 (-0.237331,-0.00325485)
 (-0.237983,-0.00327472)
  (-0.23864,-0.00329478)
 (-0.239301,-0.00331505)
 (-0.239965,-0.00333551)
 (-0.240634,-0.00335617)
 (-0.241307,-0.00337704)
 (-0.241984,-0.00339812)
 (-0.242666,-0.00341941)
 (-0.243351,-0.00344091)
 (-0.244041,-0.00346263)
 (-0.244736,-0.00348457)
 (-0.245434,-0.00350673)
 (-0.246138,-0.00352912)
 (-0.246845,-0.00355173)
 (-0.247558,-0.00357458)
 (-0.248274,-0.00359767)
 (-0.248996,-0.00362099)
 (-0.249722,-0.00364456)
 (-0.250453,-0.00366837)
 (-0.251189,-0.00369243)
 (-0.251929,-0.00371675)
 (-0.252674,-0.00374132)
 (-0.253425,-0.00376616)
  (-0.25418,-0.00379126)
  (-0.25494,-0.00381662)
 (-0.255706,-0.00384226)
 (-0.256476,-0.00386818)
 (-0.257252,-0.00389438)
 (-0.258033,-0.00392086)
 (-0.258819,-0.00394763)
  (-0.259611,-0.0039747)
 (-0.260408,-0.00400206)
 (-0.261211,-0.00402972)
  (-0.262019,-0.0040577)
 (-0.262833,-0.00408598)
 (-0.263653,-0.00411458)
  (-0.264478,-0.0041435)
 (-0.265309,-0.00417275)
 (-0.266146,-0.00420234)
 (-0.266989,-0.00423225)
 (-0.267838,-0.00426252)
 (-0.268693,-0.00429312)
 (-0.269554,-0.00432409)
 (-0.270421,-0.00435541)
 (-0.271295,-0.00438709)
 (-0.272175,-0.00441915)
 (-0.273061,-0.00445158)
  (-0.273954,-0.0044844)
  (-0.274854,-0.0045176)
   (-0.27576,-0.0045512)
  (-0.276673,-0.0045852)
 (-0.277593,-0.00461961)
 (-0.278519,-0.00465444)
 (-0.279453,-0.00468969)
 (-0.280394,-0.00472536)
 (-0.281342,-0.00476148)
 (-0.282297,-0.00479804)
 (-0.283259,-0.00483505)
 (-0.284229,-0.00487251)
 (-0.285207,-0.00491045)
 (-0.286192,-0.00494886)
 (-0.287185,-0.00498776)
 (-0.288186,-0.00502714)
 (-0.289194,-0.00506703)
 (-0.290211,-0.00510742)
 (-0.291235,-0.00514834)
 (-0.292268,-0.00518978)
  (-0.29331,-0.00523176)
 (-0.294359,-0.00527428)
 (-0.295417,-0.00531737)
 (-0.296484,-0.00536101)
  (-0.29756,-0.00540524)
 (-0.298645,-0.00545005)
 (-0.299738,-0.00549546)
 (-0.300841,-0.00554148)
 (-0.301953,-0.00558812)
 (-0.303074,-0.00563539)
  (-0.304205,-0.0056833)
 (-0.305345,-0.00573187)
 (-0.306495,-0.00578111)
 (-0.307655,-0.00583103)
 (-0.308825,-0.00588165)
 (-0.310006,-0.00593297)
 (-0.311196,-0.00598501)
 (-0.312397,-0.00603779)
 (-0.313609,-0.00609131)
  (-0.314831,-0.0061456)
 (-0.316065,-0.00620067)
 (-0.317309,-0.00625654)
 (-0.318565,-0.00631321)
 (-0.319832,-0.00637071)
  (-0.32111,-0.00642906)
   (-0.3224,-0.00648826)
 (-0.323703,-0.00654835)
 (-0.325017,-0.00660933)
 (-0.326343,-0.00667122)
 (-0.327682,-0.00673404)
 (-0.329034,-0.00679782)
 (-0.330398,-0.00686257)
 (-0.331776,-0.00692832)
 (-0.333166,-0.00699508)
  (-0.33457,-0.00706287)
 (-0.335988,-0.00713172)
 (-0.337419,-0.00720166)
 (-0.338865,-0.00727269)
 (-0.340325,-0.00734486)
 (-0.341799,-0.00741817)
 (-0.343288,-0.00749267)
 (-0.344792,-0.00756837)
  (-0.346311,-0.0076453)
 (-0.347846,-0.00772349)
 (-0.349397,-0.00780297)
 (-0.350963,-0.00788376)
  (-0.352546,-0.0079659)
 (-0.354145,-0.00804942)
 (-0.355761,-0.00813434)
 (-0.357394,-0.00822071)
 (-0.359044,-0.00830855)
 (-0.360712,-0.00839791)
 (-0.362398,-0.00848881)
 (-0.364103,-0.00858129)
 (-0.365826,-0.00867539)
 (-0.367568,-0.00877116)
 (-0.369329,-0.00886862)
 (-0.371109,-0.00896783)
  (-0.37291,-0.00906882)
 (-0.374731,-0.00917164)
 (-0.376572,-0.00927634)
 (-0.378435,-0.00938295)
 (-0.380319,-0.00949154)
 (-0.382225,-0.00960215)
 (-0.384153,-0.00971483)
 (-0.386104,-0.00982963)
 (-0.388078,-0.00994662)
  (-0.390075,-0.0100658)
  (-0.392097,-0.0101874)
  (-0.394143,-0.0103112)
  (-0.396213,-0.0104375)
  (-0.398309,-0.0105663)
  (-0.400432,-0.0106976)
   (-0.40258,-0.0108316)
  (-0.404755,-0.0109683)
  (-0.406958,-0.0111077)
  (-0.409189,-0.0112499)
  (-0.411449,-0.0113951)
  (-0.413737,-0.0115433)
  (-0.416056,-0.0116946)
  (-0.418405,-0.0118491)
  (-0.420785,-0.0120068)
  (-0.423196,-0.0121679)
  (-0.425641,-0.0123325)
  (-0.428118,-0.0125007)
  (-0.430629,-0.0126725)
  (-0.433174,-0.0128481)
  (-0.435755,-0.0130276)
  (-0.438372,-0.0132112)
  (-0.441026,-0.0133989)
  (-0.443718,-0.0135908)
  (-0.446448,-0.0137872)
  (-0.449218,-0.0139881)
  (-0.452028,-0.0141937)
  (-0.454879,-0.0144041)
  (-0.457773,-0.0146195)
   (-0.46071,-0.0148401)
   (-0.463692,-0.015066)
  (-0.466719,-0.0152974)
  (-0.469792,-0.0155345)
  (-0.472913,-0.0157775)
  (-0.476083,-0.0160265)
  (-0.479303,-0.0162819)
  (-0.482575,-0.0165437)
  (-0.485899,-0.0168123)
  (-0.489277,-0.0170878)
   (-0.49271,-0.0173705)
  (-0.496201,-0.0176607)
  (-0.499749,-0.0179587)
  (-0.503358,-0.0182646)
  (-0.507028,-0.0185789)
  (-0.510761,-0.0189018)
  (-0.514559,-0.0192337)
  (-0.518424,-0.0195749)
  (-0.522358,-0.0199257)
  (-0.526362,-0.0202865)
  (-0.530438,-0.0206577)
  (-0.534589,-0.0210398)
  (-0.538817,-0.0214331)
  (-0.543124,-0.0218381)
  (-0.547512,-0.0222553)
  (-0.551985,-0.0226851)
  (-0.556543,-0.0231282)
   (-0.561191,-0.023585)
   (-0.56593,-0.0240562)
  (-0.570764,-0.0245424)
  (-0.575696,-0.0250441)
  (-0.580728,-0.0255621)
  (-0.585865,-0.0260972)
    (-0.591109,-0.02665)
  (-0.596464,-0.0272214)
  (-0.601934,-0.0278122)
  (-0.607522,-0.0284234)
  (-0.613233,-0.0290558)
  (-0.619071,-0.0297106)
  (-0.625041,-0.0303887)
  (-0.631146,-0.0310913)
  (-0.637393,-0.0318196)
   (-0.643785,-0.032575)
   (-0.65033,-0.0333587)
  (-0.657031,-0.0341722)
  (-0.663895,-0.0350171)
  (-0.670929,-0.0358949)
  (-0.678139,-0.0368076)
  (-0.685532,-0.0377569)
  (-0.693115,-0.0387448)
  (-0.700896,-0.0397735)
  (-0.708882,-0.0408453)
  (-0.717084,-0.0419626)
  (-0.725509,-0.0431281)
  (-0.734167,-0.0443446)
  (-0.743069,-0.0456152)
   (-0.752225,-0.046943)
  (-0.761646,-0.0483317)
   (-0.771344,-0.049785)
   (-0.781333,-0.051307)
  (-0.791626,-0.0529022)
  (-0.802237,-0.0545753)
  (-0.813182,-0.0563315)
  (-0.824477,-0.0581764)
   (-0.83614,-0.0601161)
  (-0.848189,-0.0621574)
  (-0.860644,-0.0643073)
  (-0.873526,-0.0665738)
  (-0.886859,-0.0689655)
  (-0.900667,-0.0714918)
   (-0.914977,-0.074163)
  (-0.929815,-0.0769904)
  (-0.945214,-0.0799865)
  (-0.961206,-0.0831651)
  (-0.977825,-0.0865411)
  (-0.995111,-0.0901313)
   (-1.01311,-0.0939543)
   (-1.03185,-0.0980305)
     (-1.0514,-0.102383)
     (-1.0718,-0.107037)
    (-1.09311,-0.112021)
     (-1.1154,-0.117368)
    (-1.13873,-0.123112)
    (-1.16318,-0.129294)
    (-1.18883,-0.135961)
    (-1.21577,-0.143163)
    (-1.24411,-0.150959)
    (-1.27394,-0.159417)
    (-1.30539,-0.168612)
     (-1.3386,-0.178633)
    (-1.37372,-0.189581)
     (-1.4109,-0.201572)
    (-1.45034,-0.214743)
    (-1.49225,-0.229253)
    (-1.53685,-0.245286)
    (-1.58441,-0.263062)
    (-1.63521,-0.282841)
    (-1.68959,-0.304928)
    (-1.74792,-0.329695)
    (-1.81061,-0.357584)
    (-1.87816,-0.389134)
    (-1.95109,-0.425001)
    (-2.03001,-0.465992)
    (-2.11563,-0.513106)
     (-2.2087,-0.567589)
    (-2.31009,-0.631011)
    (-2.42075,-0.705364)
       (-2.5417,-0.7932)
    (-2.67396,-0.897815)
      (-2.8185,-1.02351)
     (-2.97606,-1.17593)
     (-3.14679,-1.36256)
     (-3.32966,-1.59329)
     (-3.52137,-1.88124)
      (-3.7144,-2.24351)
     (-3.89358,-2.70163)
     (-4.03046,-3.28048)
     (-4.07493,-4.00316)
     (-3.94588,-4.87643)
     (-3.53028,-5.86029)
     (-2.71403,-6.82473)
     (-1.46934,-7.53397)
    (0.0423967,-7.73625)
      (1.49727,-7.34673)
      (2.60864,-6.52358)
      (3.28385,-5.53153)
      (3.59174,-4.57494)
      (3.65275,-3.74981)
      (3.57064,-3.07634)
      (3.41553,-2.53995)
      (3.22935,-2.11596)
      (3.03541,-1.78028)
      (2.84588,-1.51284)
      (2.66661,-1.29791)
      (2.49998,-1.12354)
     (2.34655,-0.980678)
     (2.20591,-0.862519)
     (2.07725,-0.763902)
     (1.95955,-0.680887)
     (1.85178,-0.610447)
     (1.75295,-0.550231)
     (1.66212,-0.498399)
     (1.57848,-0.453497)
     (1.50127,-0.414366)
     (1.42983,-0.380076)
     (1.36358,-0.349874)
       (1.302,-0.323145)
     (1.24462,-0.299384)
     (1.19105,-0.278174)
     (1.14093,-0.259168)
     (1.09394,-0.242074)
      (1.0498,-0.226648)
     (1.00825,-0.212683)
    (0.969085,-0.200002)
    (0.932093,-0.188454)
    (0.897098,-0.177911)
     (0.86394,-0.168261)
    (0.832475,-0.159406)
    (0.802573,-0.151265)
    (0.774115,-0.143762)
    (0.746995,-0.136835)
    (0.721118,-0.130427)
    (0.696394,-0.124488)
    (0.672744,-0.118974)
    (0.650095,-0.113848)
    (0.628379,-0.109074)
    (0.607536,-0.104621)
    (0.587509,-0.100463)
   (0.568247,-0.0965747)
   (0.549702,-0.0929339)
    (0.53183,-0.0895209)
     (0.51459,-0.086318)
   (0.497945,-0.0833089)
   (0.481861,-0.0804791)
   (0.466304,-0.0778153)
   (0.451244,-0.0753056)
   (0.436655,-0.0729391)
   (0.422509,-0.0707057)
   (0.408783,-0.0685965)
   (0.395453,-0.0666031)
   (0.382499,-0.0647178)
     (0.3699,-0.0629339)
   (0.357638,-0.0612448)
   (0.345696,-0.0596447)
   (0.334056,-0.0581282)
   (0.322703,-0.0566904)
   (0.311624,-0.0553265)
   (0.300803,-0.0540326)
   (0.290228,-0.0528045)
   (0.279886,-0.0516387)
   (0.269766,-0.0505319)
   (0.259857,-0.0494809)
    (0.250148,-0.048483)
    (0.24063,-0.0475353)
   (0.231292,-0.0466356)
   (0.222125,-0.0457814)
   (0.213122,-0.0449707)
   (0.204273,-0.0442014)
   (0.195572,-0.0434719)
   (0.187009,-0.0427802)
   (0.178579,-0.0421249)
   (0.170274,-0.0415045)
   (0.162087,-0.0409177)
   (0.154013,-0.0403631)
   (0.146044,-0.0398396)
   (0.138175,-0.0393462)
   (0.130401,-0.0388817)
   (0.122715,-0.0384453)
   (0.115112,-0.0380362)
   (0.107587,-0.0376535)
   (0.100135,-0.0372965)
  (0.0927509,-0.0369646)
  (0.0854296,-0.0366572)
  (0.0781665,-0.0363737)
   (0.070957,-0.0361136)
  (0.0637965,-0.0358766)
  (0.0566806,-0.0356622)
    (0.0496048,-0.03547)
  (0.0425648,-0.0352999)
  (0.0355563,-0.0351516)
   (0.028575,-0.0350249)
  (0.0216167,-0.0349196)
  (0.0146772,-0.0348357)
 (0.00775226,-0.0347731)
(0.000837791,-0.0347317)
(-0.00607043,-0.0347118)
 (-0.0129766,-0.0347132)
  (-0.019885,-0.0347363)
  (-0.0267997,-0.034781)
 (-0.0337252,-0.0348478)
 (-0.0406658,-0.0349369)
 (-0.0476258,-0.0350486)
 (-0.0546097,-0.0351833)
 (-0.0616221,-0.0353414)
 (-0.0686676,-0.0355236)
 (-0.0757509,-0.0357303)
  (-0.082877,-0.0359622)
   (-0.0900507,-0.03622)
 (-0.0972773,-0.0365045)
  (-0.104562,-0.0368165)
   (-0.11191,-0.0371571)
  (-0.119328,-0.0375272)
   (-0.12682,-0.0379279)
  (-0.134394,-0.0383606)
  (-0.142055,-0.0388266)
   (-0.14981,-0.0393273)
  (-0.157667,-0.0398643)
  (-0.165631,-0.0404394)
  (-0.173711,-0.0410545)
  (-0.181914,-0.0417116)
    (-0.19025,-0.042413)
  (-0.198725,-0.0431611)
  (-0.207351,-0.0439586)
  (-0.216137,-0.0448083)
  (-0.225092,-0.0457135)
  (-0.234228,-0.0466776)
  (-0.243556,-0.0477043)
  (-0.253089,-0.0487979)
   (-0.26284,-0.0499627)
  (-0.272822,-0.0512038)
  (-0.283051,-0.0525265)
  (-0.293543,-0.0539369)
  (-0.304314,-0.0554416)
  (-0.315383,-0.0570477)
   (-0.32677,-0.0587633)
  (-0.338496,-0.0605972)
  (-0.350584,-0.0625593)
  (-0.363058,-0.0646605)
  (-0.375945,-0.0669129)
  (-0.389275,-0.0693301)
  (-0.403078,-0.0719272)
   (-0.41739,-0.0747212)
  (-0.432246,-0.0777311)
  (-0.447689,-0.0809785)
  (-0.463763,-0.0844877)
  (-0.480516,-0.0882861)
  (-0.498002,-0.0924051)
  (-0.516281,-0.0968804)
   (-0.535419,-0.101753)
   (-0.555486,-0.107069)
   (-0.576564,-0.112884)
   (-0.598742,-0.119259)
   (-0.622117,-0.126268)
   (-0.646803,-0.133996)
    (-0.67292,-0.142543)
    (-0.70061,-0.152027)
   (-0.730026,-0.162589)
   (-0.761344,-0.174396)
   (-0.794761,-0.187649)
   (-0.830499,-0.202592)
   (-0.868805,-0.219523)
    (-0.90996,-0.238806)
   (-0.954274,-0.260894)
    (-1.00209,-0.286349)
    (-1.05378,-0.315884)
    (-1.10974,-0.350398)
     (-1.17034,-0.39104)
    (-1.23591,-0.439284)
    (-1.30664,-0.497013)
    (-1.38239,-0.566599)
    (-1.46249,-0.650939)
      (-1.5453,-0.75331)
    (-1.62799,-0.876888)
     (-1.70668,-1.02387)
     (-1.77797,-1.19496)
     (-1.84114,-1.39121)
      (-1.89743,-1.6192)
     (-1.94262,-1.89458)
     (-1.95711,-2.23758)
     (-1.90018,-2.66126)
      (-1.71083,-3.1545)
     (-1.32223,-3.65983)
    (-0.703409,-4.06042)
     (0.0825749,-4.2155)
     (0.873662,-4.05493)
       (1.5038,-3.64041)
      (1.90205,-3.11031)
      (2.09319,-2.58394)
      (2.14023,-2.12286)
      (2.10174,-1.74361)
      (2.01864,-1.44051)
      (1.91583,-1.20064)
      (1.80732,-1.01074)
     (1.70049,-0.859555)
     (1.59897,-0.738173)
     (1.50426,-0.639798)
      (1.4168,-0.559289)
     (1.33641,-0.492771)
     (1.26268,-0.437309)
     (1.19504,-0.390666)
     (1.13294,-0.351123)
     (1.07583,-0.317349)
     (1.02318,-0.288302)
    (0.974548,-0.263158)
    (0.929502,-0.241265)
    (0.887675,-0.222097)
    (0.848738,-0.205228)
    (0.812401,-0.190314)
    (0.778408,-0.177069)
     (0.746531,-0.16526)
     (0.716569,-0.15469)
    (0.688344,-0.145197)
    (0.661698,-0.136644)
    (0.636489,-0.128913)
    (0.612592,-0.121906)
     (0.589895,-0.11554)
    (0.568295,-0.109741)
    (0.547703,-0.104447)
   (0.528036,-0.0996054)
   (0.509221,-0.0951683)
   (0.491191,-0.0910953)
   (0.473884,-0.0873509)
    (0.457246,-0.083904)
   (0.441225,-0.0807272)
   (0.425776,-0.0777965)
   (0.410856,-0.0750907)
   (0.396427,-0.0725909)
   (0.382451,-0.0702805)
    (0.368896,-0.068145)
    (0.35573,-0.0661712)
   (0.342926,-0.0643476)
    (0.330456,-0.062664)
   (0.318295,-0.0611115)
    (0.30642,-0.0596822)
   (0.294808,-0.0583691)
   (0.283439,-0.0571665)
   (0.272292,-0.0560693)
   (0.261347,-0.0550734)
   (0.250588,-0.0541755)
   (0.239996,-0.0533733)
   (0.229554,-0.0526654)
   (0.219246,-0.0520515)
   (0.209055,-0.0515325)
   (0.198964,-0.0511106)
    (0.18896,-0.0507898)
   (0.179026,-0.0505762)
   (0.169148,-0.0504785)
   (0.159314,-0.0505088)
   (0.149514,-0.0506834)
   (0.139741,-0.0510232)
   (0.130001,-0.0515539)
   (0.120313,-0.0523029)
   (0.110716,-0.0532908)
    (0.10128,-0.0545107)
  (0.0920811,-0.0558967)
   (0.0831503,-0.057301)
  (0.0743867,-0.0585382)
  (0.0655372,-0.0595183)
  (0.0563207,-0.0603523)
  (0.0465834,-0.0612976)
   (0.036326,-0.0626206)
  (0.0256289,-0.0645279)
  (0.0145892,-0.0671847)
 (0.00330841,-0.0707591)
(-0.00808129,-0.0754575)
 (-0.0193651,-0.0815416)
 (-0.0301641,-0.0893182)
 (-0.0398213,-0.0990701)
  (-0.0472791,-0.110861)
  (-0.0510754,-0.124132)
  (-0.0497674,-0.137141)
  (-0.0430901,-0.146797)
  (-0.0332565,-0.149889)
  (-0.0245084,-0.145455)
  (-0.0204854,-0.135649)
  (-0.0222925,-0.123898)
  (-0.0290033,-0.112791)
   (-0.039079,-0.103522)
  (-0.0512171,-0.096333)
 (-0.0645525,-0.0910333)
 (-0.0785802,-0.0873131)
 (-0.0930336,-0.0848749)
   (-0.107789,-0.083475)
  (-0.122804,-0.0829281)
  (-0.138083,-0.0830988)
  (-0.153658,-0.0838917)
  (-0.169573,-0.0852427)
   (-0.185886,-0.087112)
  (-0.202658,-0.0894794)
  (-0.219956,-0.0923406)
  (-0.237854,-0.0957057)
   (-0.25643,-0.0995973)
    (-0.27577,-0.104051)
   (-0.295964,-0.109115)
    (-0.317116,-0.11485)
   (-0.339334,-0.121336)
   (-0.362744,-0.128668)
   (-0.387482,-0.136962)
   (-0.413702,-0.146362)
   (-0.441574,-0.157042)
   (-0.471294,-0.169215)
   (-0.503078,-0.183144)
   (-0.537173,-0.199153)
   (-0.573852,-0.217645)
   (-0.613425,-0.239128)
    (-0.656232,-0.26424)
   (-0.702644,-0.293797)
   (-0.753055,-0.328846)
   (-0.807855,-0.370745)
    (-0.867396,-0.42127)
    (-0.931902,-0.48276)
    (-1.00132,-0.558312)
    (-1.07505,-0.652037)
    (-1.15141,-0.769354)
    (-1.22682,-0.917273)
     (-1.29416,-1.10444)
     (-1.34041,-1.34038)
     (-1.34314,-1.63264)
      (-1.26743,-1.9796)
     (-1.06822,-2.35679)
    (-0.708444,-2.70127)
    (-0.197871,-2.91568)
       (0.377331,-2.918)
      (0.889625,-2.7075)
       (1.25172,-2.3654)
      (1.45278,-1.98937)
      (1.52948,-1.64305)
      (1.52698,-1.35146)
       (1.4804,-1.11654)
       (1.4124,-0.93089)
     (1.33621,-0.785102)
     (1.25915,-0.670618)
      (1.18515,-0.58048)
     (1.11627,-0.509207)
     (1.05362,-0.452356)
    (0.997567,-0.406087)
    (0.947651,-0.367047)
    (0.902516,-0.332758)
    (0.860514,-0.302051)
    (0.820533,-0.274769)
    (0.782206,-0.251002)
    (0.745526,-0.230647)
     (0.710516,-0.21344)
    (0.677136,-0.199111)
    (0.645319,-0.187457)
    (0.615018,-0.178367)
    (0.586255,-0.171817)
    (0.559166,-0.167844)
    (0.534068,-0.166516)
     (0.511546,-0.16783)
    (0.492508,-0.171464)
     (0.47801,-0.176392)
    (0.468583,-0.180585)
    (0.463188,-0.181534)
    (0.459004,-0.177892)
    (0.453041,-0.170702)
    (0.444054,-0.162553)
    (0.432777,-0.155768)
    (0.420973,-0.151459)
    (0.410566,-0.149428)
    (0.402988,-0.148278)
    (0.398403,-0.145808)
    (0.395258,-0.140179)
     (0.39112,-0.131249)
    (0.384361,-0.120506)
     (0.374831,-0.10974)
    (0.363265,-0.100071)
   (0.350529,-0.0918852)
   (0.337279,-0.0851431)
   (0.323923,-0.0796437)
   (0.310682,-0.0751598)
   (0.297665,-0.0714908)
   (0.284914,-0.0684747)
    (0.272434,-0.065986)
    (0.26021,-0.0639287)
    (0.24822,-0.0622298)
   (0.236435,-0.0608336)
   (0.224826,-0.0596978)
     (0.213364,-0.05879)
    (0.20202,-0.0580851)
   (0.190767,-0.0575643)
   (0.179577,-0.0572132)
   (0.168424,-0.0570213)
   (0.157282,-0.0569811)
   (0.146126,-0.0570878)
   (0.134931,-0.0573385)
   (0.123672,-0.0577328)
    (0.112322,-0.058272)
    (0.100857,-0.058959)
  (0.0892494,-0.0597987)
    (0.077471,-0.060798)
  (0.0654927,-0.0619654)
  (0.0532839,-0.0633117)
  (0.0408119,-0.0648499)
  (0.0280416,-0.0665959)
  (0.0149355,-0.0685682)
 (0.00145303,-0.0707892)
 (-0.0124502,-0.0732851)
  (-0.0268223,-0.076087)
 (-0.0417164,-0.0792321)
 (-0.0571908,-0.0827643)
 (-0.0733099,-0.0867364)
 (-0.0901447,-0.0912119)
  (-0.107774,-0.0962675)
   (-0.126285,-0.101997)
   (-0.145772,-0.108514)
    (-0.16634,-0.115961)
   (-0.188097,-0.124514)
   (-0.211156,-0.134392)
    (-0.235624,-0.14587)
   (-0.261583,-0.159286)
    (-0.28907,-0.175046)
    (-0.31804,-0.193606)
   (-0.348345,-0.215418)
   (-0.379779,-0.240831)
   (-0.412288,-0.270041)
   (-0.446262,-0.303328)
   (-0.482549,-0.341661)
   (-0.521805,-0.387212)
   (-0.563654,-0.443202)
   (-0.606235,-0.513407)
   (-0.645889,-0.601896)
   (-0.676282,-0.712717)
   (-0.686938,-0.848507)
    (-0.662278,-1.00683)
    (-0.584097,-1.17398)
    (-0.441815,-1.32008)
    (-0.248945,-1.40633)
   (-0.0477211,-1.41015)
     (0.114628,-1.34521)
     (0.215481,-1.24967)
     (0.260098,-1.15902)
      (0.26648,-1.09386)
     (0.254066,-1.06249)
     (0.240526,-1.06543)
     (0.240817,-1.09738)
     (0.266053,-1.14899)
      (0.324054,-1.2086)
     (0.419995,-1.26062)
     (0.550761,-1.28376)
     (0.697824,-1.25972)
     (0.834334,-1.18692)
      (0.941392,-1.0793)
     (1.01253,-0.953719)
     (1.04812,-0.824201)
     (1.05273,-0.702146)
     (1.03424,-0.595131)
     (1.00133,-0.505956)
    (0.961007,-0.433885)
    (0.917941,-0.376595)
    (0.874903,-0.331501)
    (0.833423,-0.296357)
    (0.794359,-0.269411)
    (0.758301,-0.249366)
     (0.72587,-0.235209)
      (0.6979,-0.225929)
    (0.675395,-0.220068)
    (0.659012,-0.215296)
    (0.648026,-0.208637)
    (0.639762,-0.197892)
    (0.630802,-0.183181)
    (0.619059,-0.166588)
    (0.604395,-0.150378)
    (0.587728,-0.135884)
    (0.570093,-0.123516)
     (0.55225,-0.113181)
     (0.53465,-0.104597)
   (0.517529,-0.0974639)
   (0.500987,-0.0915217)
    (0.48505,-0.0865632)
   (0.469707,-0.0824315)
   (0.454933,-0.0790114)
   (0.440706,-0.0762201)
   (0.427019,-0.0739945)
   (0.413888,-0.0722735)
   (0.401354,-0.0709679)
   (0.389453,-0.0699253)
   (0.378137,-0.0689271)
   (0.367214,-0.0677743)
     (0.35639,-0.066423)
   (0.345435,-0.0650086)
   (0.334272,-0.0637224)
   (0.322931,-0.0626992)
    (0.311468,-0.061998)
   (0.299921,-0.0616315)
   (0.288304,-0.0615951)
     (0.27661,-0.061884)
   (0.264821,-0.0625009)
    (0.25291,-0.0634582)
   (0.240853,-0.0647801)
   (0.228625,-0.0665021)
   (0.216217,-0.0686691)
    (0.203635,-0.071328)
   (0.190909,-0.0745108)
   (0.178083,-0.0782046)
    (0.16516,-0.0823297)
   (0.152027,-0.0867741)
   (0.138428,-0.0915129)
   (0.124063,-0.0967151)
     (0.108737,-0.10271)
   (0.0923828,-0.109873)
   (0.0750095,-0.118581)
   (0.0566654,-0.129252)
    (0.0374755,-0.14238)
   (0.0176959,-0.158546)
  (-0.00222455,-0.17841)
  (-0.0215367,-0.202707)
  (-0.0390012,-0.232165)
  (-0.0526107,-0.267217)
  (-0.0594673,-0.307235)
    (-0.0565323,-0.3494)
  (-0.0427589,-0.388383)
  (-0.0212758,-0.418487)
  (0.00133796,-0.437365)
   (0.0187915,-0.447395)
   (0.0278163,-0.453535)
   (0.0280264,-0.460841)
   (0.0207954,-0.473601)
  (0.00869954,-0.495323)
 (-0.00465292,-0.528597)
    (-0.0148696,-0.5749)
  (-0.0170137,-0.634519)
 (-0.00566953,-0.706473)
   (0.0250328,-0.788289)
   (0.0818082,-0.875633)
     (0.172866,-0.95983)
     (0.303737,-1.02286)
      (0.465408,-1.0393)
     (0.628481,-0.99326)
    (0.758825,-0.894357)
     (0.839629,-0.77039)
    (0.874797,-0.647379)
     (0.877706,-0.53952)
     (0.861471,-0.45092)
    (0.835533,-0.380443)
      (0.8058,-0.325102)
    (0.775676,-0.281615)
    (0.746872,-0.246963)
    (0.719888,-0.218683)
    (0.694491,-0.195122)
    (0.670306,-0.175446)
      (0.6472,-0.159283)
    (0.625282,-0.146373)
    (0.604779,-0.136425)
    (0.585967,-0.129096)
     (0.56913,-0.123949)
    (0.554475,-0.120417)
    (0.542007,-0.117889)
    (0.531583,-0.115886)
     (0.52315,-0.114034)
    (0.516717,-0.111712)
    (0.511828,-0.108003)
     (0.507287,-0.10238)
   (0.501801,-0.0953105)
   (0.494831,-0.0879084)
   (0.486665,-0.0811342)
    (0.47795,-0.0754114)
   (0.469282,-0.0706799)
   (0.460992,-0.0665906)
   (0.453064,-0.0627535)
   (0.445248,-0.0589836)
   (0.437317,-0.0553559)
    (0.429218,-0.052044)
   (0.421027,-0.0491637)
   (0.412846,-0.0467403)
   (0.404752,-0.0447443)
   (0.396783,-0.0431279)
   (0.388954,-0.0418452)
     (0.381261,-0.04086)
   (0.373693,-0.0401475)
   (0.366237,-0.0396936)
   (0.358882,-0.0394929)
   (0.351627,-0.0395446)
   (0.344477,-0.0398452)
   (0.337446,-0.0403755)
   (0.330534,-0.0410916)
   (0.323698,-0.0419359)
   (0.316842,-0.0428822)
    (0.309851,-0.043978)
   (0.302654,-0.0453305)
   (0.295231,-0.0470605)
   (0.287588,-0.0492821)
   (0.279743,-0.0521212)
   (0.271741,-0.0557347)
   (0.263692,-0.0603103)
     (0.2558,-0.0660445)
   (0.248406,-0.0730885)
   (0.241983,-0.0814562)
   (0.237064,-0.0909242)
    (0.234105,-0.100995)
    (0.233367,-0.110925)
     (0.23475,-0.119752)
    (0.237535,-0.126518)
    (0.240419,-0.130851)
    (0.242178,-0.133257)
    (0.242219,-0.134667)
    (0.240418,-0.135884)
    (0.236758,-0.137566)
     (0.231301,-0.14043)
    (0.224355,-0.145241)
    (0.216482,-0.152623)
     (0.208328,-0.16301)
    (0.200529,-0.176757)
    (0.193762,-0.194305)
    (0.188944,-0.216309)
     (0.18771,-0.243674)
    (0.193186,-0.276939)
    (0.210137,-0.314584)
    (0.243221,-0.351016)
     (0.292988,-0.37642)
     (0.35209,-0.381119)
    (0.407286,-0.362886)
    (0.447825,-0.329131)
     (0.47124,-0.290796)
    (0.481482,-0.255663)
    (0.484203,-0.226606)
    (0.483778,-0.203139)
    (0.482538,-0.183452)
    (0.481179,-0.165715)
    (0.479317,-0.148642)
     (0.476045,-0.13189)
    (0.470751,-0.116045)
    (0.463608,-0.101958)
   (0.455327,-0.0901161)
   (0.446698,-0.0805092)
   (0.438316,-0.0727954)
   (0.430495,-0.0664963)
    (0.423288,-0.061174)
   (0.416612,-0.0565408)
   (0.410377,-0.0524434)
   (0.404542,-0.0487734)
   (0.399069,-0.0454028)
    (0.393851,-0.042216)
   (0.388748,-0.0391937)
   (0.383678,-0.0364095)
   (0.378659,-0.0339395)
   (0.373757,-0.0318054)
   (0.369035,-0.0299794)
   (0.364537,-0.0283988)
   (0.360271,-0.0269778)
   (0.356188,-0.0256405)
   (0.352214,-0.0243624)
     (0.348293,-0.02317)
   (0.344413,-0.0221022)
   (0.340587,-0.0211814)
   (0.336835,-0.0204109)
    (0.33317,-0.0197842)
   (0.329601,-0.0192905)
   (0.326132,-0.0189171)
   (0.322767,-0.0186497)
   (0.319496,-0.0184756)
   (0.316311,-0.0183923)
    (0.313209,-0.018409)
   (0.310207,-0.0185345)
   (0.307338,-0.0187563)
   (0.304623,-0.0190314)
   (0.302055,-0.0192983)
   (0.299584,-0.0195047)
   (0.297133,-0.0196302)
   (0.294618,-0.0196994)
   (0.291977,-0.0197804)
   (0.289189,-0.0199629)
   (0.286274,-0.0203304)
   (0.283273,-0.0209503)
    (0.28024,-0.0218783)
   (0.277242,-0.0231638)
   (0.274373,-0.0248485)
   (0.271759,-0.0269528)
   (0.269561,-0.0294462)
   (0.267955,-0.0322098)
   (0.267064,-0.0350121)
   (0.266871,-0.0375391)
   (0.267159,-0.0395085)
     (0.26757,-0.040824)
   (0.267786,-0.0416197)
   (0.267655,-0.0421282)
   (0.267133,-0.0425555)
   (0.266207,-0.0430972)
   (0.264922,-0.0439822)
   (0.263434,-0.0454409)
   (0.262008,-0.0476292)
   (0.260959,-0.0505829)
   (0.260583,-0.0542387)
   (0.261167,-0.0584978)
   (0.263087,-0.0632176)
   (0.266871,-0.0680241)
   (0.272999,-0.0720117)
   (0.281288,-0.0737114)
   (0.290337,-0.0718419)
   (0.298025,-0.0664354)
   (0.302885,-0.0589249)
   (0.304773,-0.0510507)
   (0.304401,-0.0439545)
   (0.302642,-0.0380715)
   (0.300185,-0.0334003)
   (0.297477,-0.0297515)
    (0.294766,-0.026889)
   (0.292161,-0.0246039)
   (0.289693,-0.0227467)
    (0.28737,-0.0212252)
    (0.285216,-0.019973)
    (0.283257,-0.018907)
   (0.281481,-0.0179225)
   (0.279817,-0.0169465)
   (0.278187,-0.0159751)
   (0.276555,-0.0150424)
   (0.274923,-0.0141723)
   (0.273298,-0.0133702)
   (0.271681,-0.0126407)
    (0.270081,-0.011993)
   (0.268519,-0.0114281)
   (0.267015,-0.0109284)
   (0.265576,-0.0104643)
   (0.264185,-0.0100112)
  (0.262818,-0.00956078)
  (0.261456,-0.00912118)
  (0.260093,-0.00870892)
  (0.258735,-0.00833728)
  (0.257396,-0.00800853)
  (0.256085,-0.00771488)
  (0.254803,-0.00744552)
  (0.253546,-0.00719349)
  (0.252307,-0.00695717)
  (0.251082,-0.00673803)
   (0.24987,-0.00653869)
  (0.248671,-0.00636153)
  (0.247488,-0.00620756)
  (0.246322,-0.00607626)
   (0.245176,-0.0059661)
  (0.244049,-0.00587529)
  (0.242942,-0.00580252)
  (0.241856,-0.00574733)
   (0.24079,-0.00570973)
   (0.239749,-0.0056887)
  (0.238735,-0.00568028)
  (0.237751,-0.00567701)
  (0.236791,-0.00567042)
  (0.235846,-0.00565529)
  (0.234906,-0.00563229)
  (0.233961,-0.00560811)
  (0.233005,-0.00559343)
  (0.232039,-0.00559963)
  (0.231068,-0.00563668)
  (0.230098,-0.00571297)
   (0.22914,-0.00583555)
   (0.228208,-0.0060092)
   (0.22732,-0.00623352)
  (0.226497,-0.00649867)
  (0.225754,-0.00678351)
  (0.225096,-0.00705988)
  (0.224512,-0.00730031)
  (0.223984,-0.00748262)
  (0.223481,-0.00759456)
  (0.222969,-0.00764183)
  (0.222425,-0.00764805)
  (0.221843,-0.00763924)
  (0.221228,-0.00763197)
   (0.22058,-0.00763912)
  (0.219902,-0.00767885)
  (0.219205,-0.00777364)
  (0.218512,-0.00794211)
  (0.217856,-0.00819171)
  (0.217271,-0.00851696)
  (0.216789,-0.00890282)
  (0.216442,-0.00932593)
  (0.216267,-0.00974667)
    (0.21629,-0.0100959)
     (0.2165,-0.0102725)
   (0.216817,-0.0101731)
  (0.217087,-0.00975806)
  (0.217161,-0.00909752)
   (0.216971,-0.0083337)
    (0.216546,-0.007596)
  (0.215962,-0.00695389)
  (0.215293,-0.00642295)
  (0.214589,-0.00598971)
  (0.213879,-0.00563078)
  (0.213176,-0.00532339)
  (0.212479,-0.00505121)
  (0.211784,-0.00480638)
   (0.21109,-0.00458808)
  (0.210398,-0.00439751)
  (0.209714,-0.00423314)
  (0.209041,-0.00409025)
  (0.208382,-0.00396358)
  (0.207735,-0.00384899)
    (0.2071,-0.00374308)
  (0.206474,-0.00364296)
  (0.205856,-0.00354728)
  (0.205243,-0.00345687)
  (0.204633,-0.00337339)
   (0.20403,-0.00329746)
  (0.203433,-0.00322821)
  (0.202844,-0.00316425)
   (0.202261,-0.0031046)
  (0.201685,-0.00304881)
  (0.201114,-0.00299675)
  (0.200548,-0.00294841)
  (0.199989,-0.00290362)
  (0.199435,-0.00286194)
  (0.198887,-0.00282282)
  (0.198344,-0.00278588)
    (0.197807,-0.002751)
  (0.197273,-0.00271824)
  (0.196745,-0.00268771)
    (0.19622,-0.0026595)
  (0.195701,-0.00263362)
  (0.195186,-0.00260998)
  (0.194675,-0.00258839)
   (0.19417,-0.00256861)
  (0.193669,-0.00255041)
  (0.193173,-0.00253368)
  (0.192682,-0.00251838)
  (0.192195,-0.00250439)
  (0.191714,-0.00249133)
  (0.191237,-0.00247856)
  (0.190764,-0.00246547)
  (0.190296,-0.00245169)
   (0.18983,-0.00243728)
  (0.189365,-0.00242279)
  (0.188902,-0.00240917)
   (0.18844,-0.00239757)
  (0.187979,-0.00238906)
  (0.187521,-0.00238445)
  (0.187067,-0.00238423)
  (0.186617,-0.00238852)
  (0.186173,-0.00239698)
  (0.185738,-0.00240876)
  (0.185311,-0.00242236)
  (0.184893,-0.00243563)
  (0.184484,-0.00244597)
    (0.184083,-0.002451)
  (0.183687,-0.00244938)
  (0.183291,-0.00244161)
  (0.182894,-0.00242994)
  (0.182496,-0.00241687)
  (0.182096,-0.00240414)
  (0.181696,-0.00239305)
    (0.181295,-0.002385)
  (0.180896,-0.00238136)
    (0.1805,-0.00238285)
  (0.180111,-0.00238926)
   (0.179728,-0.0023995)
  (0.179356,-0.00241198)
  (0.178995,-0.00242451)
  (0.178646,-0.00243375)
  (0.178311,-0.00243461)
    (0.177985,-0.002421)
   (0.177662,-0.0023888)
  (0.177332,-0.00233936)
  (0.176988,-0.00227972)
  (0.176629,-0.00221849)
   (0.17626,-0.00216174)
    (0.175884,-0.002112)
  (0.175506,-0.00206945)
  (0.175127,-0.00203317)
  (0.174751,-0.00200187)
  (0.174376,-0.00197421)
  (0.174004,-0.00194917)
  (0.173634,-0.00192616)
  (0.173267,-0.00190497)
  (0.172901,-0.00188557)
  (0.172538,-0.00186786)
  (0.172177,-0.00185154)
  (0.171819,-0.00183629)
  (0.171463,-0.00182176)
   (0.17111,-0.00180768)
  (0.170759,-0.00179385)
   (0.17041,-0.00178022)
  (0.170062,-0.00176689)
    (0.169717,-0.001754)
  (0.169373,-0.00174162)
  (0.169031,-0.00172969)
  (0.168691,-0.00171811)
   (0.168352,-0.0017068)
  (0.168016,-0.00169572)
  (0.167681,-0.00168493)
  (0.167347,-0.00167445)
  (0.167016,-0.00166433)
  (0.166686,-0.00165455)
  (0.166358,-0.00164507)
  (0.166031,-0.00163584)
  (0.165706,-0.00162684)
  (0.165383,-0.00161806)
  (0.165061,-0.00160949)
  (0.164741,-0.00160112)
  (0.164423,-0.00159294)
  (0.164106,-0.00158493)
   (0.16379,-0.00157709)
  (0.163477,-0.00156943)
  (0.163164,-0.00156195)
  (0.162854,-0.00155466)
  (0.162544,-0.00154752)
  (0.162237,-0.00154053)
   (0.16193,-0.00153365)
  (0.161626,-0.00152683)
  (0.161322,-0.00152004)
  (0.161021,-0.00151326)
   (0.16072,-0.00150649)
  (0.160421,-0.00149977)
  (0.160123,-0.00149316)
  (0.159826,-0.00148674)
  (0.159531,-0.00148057)
  (0.159236,-0.00147468)
  (0.158944,-0.00146911)
  (0.158652,-0.00146384)
  (0.158362,-0.00145884)
  (0.158074,-0.00145402)
  (0.157787,-0.00144928)
  (0.157502,-0.00144451)
  (0.157219,-0.00143958)
  (0.156937,-0.00143437)
  (0.156656,-0.00142884)
  (0.156376,-0.00142303)
  (0.156097,-0.00141708)
   (0.15582,-0.00141113)
  (0.155543,-0.00140526)
  (0.155267,-0.00139952)
  (0.154992,-0.00139396)
  (0.154719,-0.00138867)
  (0.154446,-0.00138368)
  (0.154175,-0.00137898)
  (0.153905,-0.00137452)
  (0.153637,-0.00137023)