(-0.160547,-0.00140024)
(-0.160827,-0.00140549)
(-0.161109,-0.00141078)
(-0.161391,-0.0014161)
(-0.161675,-0.00142145)
(-0.16196,-0.00142683)
(-0.162246,-0.00143224)
(-0.162533,-0.00143769)
(-0.162821,-0.00144317)
(-0.16311,-0.00144868)
(-0.1634,-0.00145423)
(-0.163691,-0.00145981)
(-0.163984,-0.00146542)
(-0.164278,-0.00147107)
(-0.164572,-0.00147675)
(-0.164868,-0.00148247)
(-0.165165,-0.00148822)
(-0.165463,-0.00149401)
(-0.165763,-0.00149983)
(-0.166063,-0.00150569)
(-0.166365,-0.00151159)
(-0.166668,-0.00151752)
(-0.166972,-0.00152349)
(-0.167277,-0.0015295)
(-0.167583,-0.00153554)
(-0.167891,-0.00154163)
(-0.1682,-0.00154775)
(-0.16851,-0.00155391)
(-0.168821,-0.00156011)
(-0.169134,-0.00156635)
(-0.169448,-0.00157263)
(-0.169763,-0.00157894)
(-0.170079,-0.0015853)
(-0.170397,-0.0015917)
(-0.170716,-0.00159814)
(-0.171036,-0.00160463)
(-0.171357,-0.00161115)
(-0.17168,-0.00161772)
(-0.172004,-0.00162433)
(-0.17233,-0.00163098)
(-0.172657,-0.00163768)
(-0.172985,-0.00164442)
(-0.173314,-0.0016512)
(-0.173645,-0.00165803)
(-0.173977,-0.0016649)
(-0.174311,-0.00167182)
(-0.174646,-0.00167878)
(-0.174982,-0.0016858)
(-0.17532,-0.00169285)
(-0.175659,-0.00169996)
(-0.176,-0.00170711)
(-0.176342,-0.00171431)
(-0.176685,-0.00172156)
(-0.17703,-0.00172886)
(-0.177377,-0.00173621)
(-0.177725,-0.00174361)
(-0.178074,-0.00175105)
(-0.178425,-0.00175855)
(-0.178777,-0.0017661)
(-0.179131,-0.0017737)
(-0.179487,-0.00178136)
(-0.179844,-0.00178906)
(-0.180202,-0.00179682)
(-0.180562,-0.00180464)
(-0.180924,-0.00181251)
(-0.181287,-0.00182043)
(-0.181652,-0.00182841)
(-0.182018,-0.00183644)
(-0.182386,-0.00184453)
(-0.182756,-0.00185268)
(-0.183127,-0.00186089)
(-0.1835,-0.00186915)
(-0.183875,-0.00187748)
(-0.184251,-0.00188586)
(-0.184629,-0.0018943)
(-0.185008,-0.0019028)
(-0.18539,-0.00191137)
(-0.185773,-0.00191999)
(-0.186157,-0.00192868)
(-0.186544,-0.00193743)
(-0.186932,-0.00194624)
(-0.187322,-0.00195512)
(-0.187714,-0.00196407)
(-0.188108,-0.00197308)
(-0.188503,-0.00198215)
(-0.1889,-0.00199129)
(-0.189299,-0.0020005)
(-0.1897,-0.00200978)
(-0.190103,-0.00201913)
(-0.190508,-0.00202855)
(-0.190914,-0.00203803)
(-0.191323,-0.00204759)
(-0.191733,-0.00205722)
(-0.192145,-0.00206693)
(-0.19256,-0.00207671)
(-0.192976,-0.00208656)
(-0.193394,-0.00209648)
(-0.193814,-0.00210649)
(-0.194236,-0.00211656)
(-0.19466,-0.00212672)
(-0.195087,-0.00213696)
(-0.195515,-0.00214727)
(-0.195945,-0.00215766)
(-0.196378,-0.00216814)
(-0.196812,-0.0021787)
(-0.197249,-0.00218934)
(-0.197688,-0.00220006)
(-0.198129,-0.00221087)
(-0.198572,-0.00222176)
(-0.199017,-0.00223274)
(-0.199465,-0.0022438)
(-0.199914,-0.00225496)
(-0.200366,-0.0022662)
(-0.200821,-0.00227754)
(-0.201277,-0.00228896)
(-0.201736,-0.00230048)
(-0.202197,-0.00231209)
(-0.20266,-0.0023238)
(-0.203126,-0.0023356)
(-0.203594,-0.0023475)
(-0.204065,-0.00235949)
(-0.204538,-0.00237159)
(-0.205013,-0.00238378)
(-0.205491,-0.00239608)
(-0.205971,-0.00240848)
(-0.206454,-0.00242098)
(-0.206939,-0.00243358)
(-0.207427,-0.0024463)
(-0.207917,-0.00245911)
(-0.20841,-0.00247204)
(-0.208906,-0.00248508)
(-0.209404,-0.00249823)
(-0.209905,-0.00251149)
(-0.210408,-0.00252486)
(-0.210914,-0.00253835)
(-0.211423,-0.00255196)
(-0.211935,-0.00256568)
(-0.212449,-0.00257952)
(-0.212966,-0.00259349)
(-0.213486,-0.00260757)
(-0.214009,-0.00262178)
(-0.214534,-0.00263612)
(-0.215063,-0.00265058)
(-0.215594,-0.00266517)
(-0.216129,-0.00267989)
(-0.216666,-0.00269474)
(-0.217206,-0.00270972)
(-0.217749,-0.00272484)
(-0.218295,-0.00274009)
(-0.218845,-0.00275549)
(-0.219397,-0.00277102)
(-0.219953,-0.0027867)
(-0.220511,-0.00280252)
(-0.221073,-0.00281848)
(-0.221638,-0.00283459)
(-0.222207,-0.00285085)
(-0.222778,-0.00286727)
(-0.223353,-0.00288383)
(-0.223931,-0.00290055)
(-0.224513,-0.00291743)
(-0.225098,-0.00293447)
(-0.225686,-0.00295166)
(-0.226278,-0.00296903)
(-0.226873,-0.00298655)
(-0.227472,-0.00300425)
(-0.228074,-0.00302211)
(-0.22868,-0.00304015)
(-0.22929,-0.00305836)
(-0.229903,-0.00307675)
(-0.23052,-0.00309532)
(-0.23114,-0.00311407)
(-0.231765,-0.00313301)
(-0.232393,-0.00315213)
(-0.233025,-0.00317144)
(-0.233661,-0.00319095)
(-0.234301,-0.00321065)
(-0.234945,-0.00323055)
(-0.235592,-0.00325064)
(-0.236244,-0.00327094)
(-0.2369,-0.00329145)
(-0.23756,-0.00331217)
(-0.238224,-0.0033331)
(-0.238893,-0.00335424)
(-0.239565,-0.0033756)
(-0.240242,-0.00339718)
(-0.240923,-0.00341899)
(-0.241609,-0.00344103)
(-0.242299,-0.00346329)
(-0.242994,-0.00348579)
(-0.243693,-0.00350853)
(-0.244396,-0.00353151)
(-0.245104,-0.00355474)
(-0.245817,-0.00357821)
(-0.246535,-0.00360194)
(-0.247257,-0.00362593)
(-0.247984,-0.00365017)
(-0.248716,-0.00367468)
(-0.249453,-0.00369945)
(-0.250195,-0.0037245)
(-0.250942,-0.00374983)
(-0.251694,-0.00377544)
(-0.252451,-0.00380133)
(-0.253214,-0.00382751)
(-0.253982,-0.00385398)
(-0.254754,-0.00388076)
(-0.255533,-0.00390784)
(-0.256317,-0.00393522)
(-0.257106,-0.00396292)
(-0.257901,-0.00399094)
(-0.258701,-0.00401928)
(-0.259507,-0.00404796)
(-0.260319,-0.00407696)
(-0.261137,-0.0041063)
(-0.261961,-0.00413599)
(-0.26279,-0.00416603)
(-0.263626,-0.00419643)
(-0.264468,-0.00422719)
(-0.265316,-0.00425832)
(-0.26617,-0.00428982)
(-0.26703,-0.00432171)
(-0.267897,-0.00435398)
(-0.268771,-0.00438664)
(-0.269651,-0.00441971)
(-0.270537,-0.00445319)
(-0.27143,-0.00448707)
(-0.272331,-0.00452139)
(-0.273238,-0.00455613)
(-0.274152,-0.00459131)
(-0.275073,-0.00462693)
(-0.276001,-0.004663)
(-0.276936,-0.00469954)
(-0.277879,-0.00473655)
(-0.278829,-0.00477403)
(-0.279787,-0.004812)
(-0.280753,-0.00485046)
(-0.281726,-0.00488943)
(-0.282707,-0.00492891)
(-0.283696,-0.00496891)
(-0.284693,-0.00500944)
(-0.285698,-0.00505052)
(-0.286711,-0.00509215)
(-0.287733,-0.00513434)
(-0.288763,-0.00517711)
(-0.289802,-0.00522046)
(-0.290849,-0.0052644)
(-0.291905,-0.00530895)
(-0.292971,-0.00535413)
(-0.294045,-0.00539993)
(-0.295128,-0.00544637)
(-0.296221,-0.00549347)
(-0.297324,-0.00554124)
(-0.298436,-0.00558969)
(-0.299557,-0.00563884)
(-0.300689,-0.00568869)
(-0.30183,-0.00573927)
(-0.302982,-0.00579059)
(-0.304144,-0.00584266)
(-0.305317,-0.0058955)
(-0.3065,-0.00594913)
(-0.307694,-0.00600356)
(-0.308899,-0.0060588)
(-0.310114,-0.00611488)
(-0.311342,-0.00617182)
(-0.31258,-0.00622962)
(-0.313831,-0.00628832)
(-0.315093,-0.00634792)
(-0.316367,-0.00640845)
(-0.317653,-0.00646994)
(-0.318952,-0.00653239)
(-0.320263,-0.00659583)
(-0.321587,-0.00666029)
(-0.322923,-0.00672578)
(-0.324273,-0.00679233)
(-0.325637,-0.00685996)
(-0.327014,-0.0069287)
(-0.328405,-0.00699858)
(-0.329809,-0.00706961)
(-0.331229,-0.00714183)
(-0.332662,-0.00721527)
(-0.334111,-0.00728994)
(-0.335574,-0.00736589)
(-0.337053,-0.00744314)
(-0.338547,-0.00752172)
(-0.340057,-0.00760167)
(-0.341583,-0.00768301)
(-0.343125,-0.00776579)
(-0.344685,-0.00785004)
(-0.346261,-0.00793579)
(-0.347854,-0.00802308)
(-0.349465,-0.00811195)
(-0.351093,-0.00820244)
(-0.35274,-0.0082946)
(-0.354406,-0.00838845)
(-0.35609,-0.00848406)
(-0.357793,-0.00858146)
(-0.359516,-0.0086807)
(-0.361259,-0.00878182)
(-0.363023,-0.00888489)
(-0.364807,-0.00898995)
(-0.366612,-0.00909705)
(-0.368439,-0.00920625)
(-0.370288,-0.00931761)
(-0.372159,-0.00943119)
(-0.374053,-0.00954704)
(-0.37597,-0.00966524)
(-0.377911,-0.00978584)
(-0.379876,-0.00990892)
(-0.381866,-0.0100345)
(-0.383881,-0.0101628)
(-0.385922,-0.0102937)
(-0.38799,-0.0104275)
(-0.390084,-0.010564)
(-0.392206,-0.0107036)
(-0.394355,-0.0108461)
(-0.396534,-0.0109918)
(-0.398742,-0.0111407)
(-0.400979,-0.0112929)
(-0.403248,-0.0114485)
(-0.405547,-0.0116077)
(-0.407879,-0.0117704)
(-0.410243,-0.011937)
(-0.412641,-0.0121074)
(-0.415073,-0.0122818)
(-0.41754,-0.0124604)
(-0.420043,-0.0126432)
(-0.422583,-0.0128304)
(-0.42516,-0.0130221)
(-0.427776,-0.0132186)
(-0.430432,-0.01342)
(-0.433128,-0.0136263)
(-0.435865,-0.0138379)
(-0.438645,-0.0140549)
(-0.441469,-0.0142774)
(-0.444337,-0.0145058)
(-0.447252,-0.0147401)
(-0.450213,-0.0149807)
(-0.453223,-0.0152276)
(-0.456282,-0.0154813)
(-0.459393,-0.0157419)
(-0.462555,-0.0160096)
(-0.465772,-0.0162848)
(-0.469044,-0.0165678)
(-0.472373,-0.0168588)
(-0.47576,-0.0171582)
(-0.479208,-0.0174663)
(-0.482717,-0.0177835)
(-0.48629,-0.01811)
(-0.489929,-0.0184464)
(-0.493635,-0.018793)
(-0.497411,-0.0191502)
(-0.501259,-0.0195186)
(-0.505181,-0.0198985)
(-0.509179,-0.0202904)
(-0.513255,-0.020695)
(-0.517413,-0.0211127)
(-0.521655,-0.0215442)
(-0.525984,-0.0219901)
(-0.530402,-0.022451)
(-0.534913,-0.0229277)
(-0.539519,-0.0234208)
(-0.544224,-0.0239312)
(-0.549032,-0.0244597)
(-0.553946,-0.0250072)
(-0.558969,-0.0255747)
(-0.564107,-0.026163)
(-0.569362,-0.0267734)
(-0.57474,-0.0274069)
(-0.580245,-0.0280647)
(-0.585882,-0.0287481)
(-0.591656,-0.0294586)
(-0.597572,-0.0301974)
(-0.603636,-0.0309664)
(-0.609854,-0.031767)
(-0.616233,-0.0326011)
(-0.622778,-0.0334707)
(-0.629497,-0.0343778)
(-0.636398,-0.0353246)
(-0.643489,-0.0363136)
(-0.650776,-0.0373472)
(-0.658271,-0.0384283)
(-0.665981,-0.0395599)
(-0.673918,-0.0407452)
(-0.682091,-0.0419877)
(-0.690512,-0.0432912)
(-0.699193,-0.0446598)
(-0.708146,-0.046098)
(-0.717386,-0.0476106)
(-0.726927,-0.0492029)
(-0.736785,-0.0508806)
(-0.746976,-0.0526502)
(-0.757519,-0.0545184)
(-0.768432,-0.0564927)
(-0.779737,-0.0585816)
(-0.791456,-0.060794)
(-0.803612,-0.0631399)
(-0.816232,-0.0656305)
(-0.829344,-0.068278)
(-0.842978,-0.0710958)
(-0.857166,-0.074099)
(-0.871945,-0.0773043)
(-0.887353,-0.0807304)
(-0.903433,-0.0843981)
(-0.920229,-0.0883307)
(-0.937793,-0.0925544)
(-0.95618,-0.0970988)
(-0.975449,-0.101997)
(-0.995667,-0.107287)
(-1.01691,-0.113012)
(-1.03925,-0.119221)
(-1.06278,-0.125968)
(-1.0876,-0.13332)
(-1.11382,-0.14135)
(-1.14156,-0.150143)
(-1.17095,-0.159799)
(-1.20215,-0.170433)
(-1.23532,-0.182182)
(-1.27066,-0.195207)
(-1.30838,-0.209695)
(-1.34872,-0.225873)
(-1.39195,-0.244011)
(-1.43839,-0.264434)
(-1.48837,-0.287536)
(-1.54229,-0.313798)
(-1.6006,-0.34381)
(-1.66381,-0.378305)
(-1.73247,-0.418196)
(-1.80722,-0.464634)
(-1.88875,-0.51908)
(-1.9778,-0.583405)
(-2.07512,-0.660029)
(-2.18142,-0.752107)
(-2.29721,-0.863785)
(-2.42259,-1.00055)
(-2.55679,-1.16967)
(-2.69733,-1.38078)
(-2.8386,-1.64641)
(-2.96936,-1.98233)
(-3.06852,-2.4067)
(-3.09902,-2.93617)
(-3.00108,-3.57506)
(-2.69189,-4.29276)
(-2.0891,-4.99227)
(-1.17566,-5.50017)
(-0.0735651,-5.63478)
(0.979721,-5.33957)
(1.77869,-4.73396)
(2.26028,-4.01081)
(2.47684,-3.31664)
(2.51617,-2.71924)
(2.45316,-2.23218)
(2.33813,-1.84444)
(2.20113,-1.53799)
(2.05882,-1.29536)
(1.91987,-1.10203)
(1.78846,-0.946644)
(1.66625,-0.82056)
(1.55363,-0.717256)
(1.4503,-0.631813)
(1.35563,-0.560503)
(1.2689,-0.500483)
(1.18936,-0.449565)
(1.11627,-0.406049)
(1.04897,-0.368605)
(0.986858,-0.336184)
(0.929387,-0.307945)
(0.876077,-0.283218)
(0.826502,-0.261457)
(0.780286,-0.242217)
(0.737094,-0.225133)
(0.696633,-0.209903)
(0.658643,-0.196276)
(0.622892,-0.184041)
(0.589176,-0.173021)
(0.55731,-0.163067)
(0.527133,-0.15405)
(0.498497,-0.145862)
(0.471273,-0.13841)
(0.445342,-0.131612)
(0.420598,-0.1254)
(0.396946,-0.119713)
(0.374297,-0.114498)
(0.352574,-0.109709)
(0.331704,-0.105306)
(0.311622,-0.101253)
(0.292268,-0.0975197)
(0.273586,-0.0940774)
(0.255526,-0.0909021)
(0.238041,-0.087972)
(0.221088,-0.085268)
(0.204628,-0.0827729)
(0.188622,-0.0804713)
(0.173036,-0.0783497)
(0.157838,-0.076396)
(0.142998,-0.0745993)
(0.128486,-0.0729499)
(0.114277,-0.0714393)
(0.100344,-0.0700599)
(0.086664,-0.0688049)
(0.0732134,-0.0676683)
(0.0599704,-0.0666449)
(0.046914,-0.06573)
(0.0340239,-0.0649199)
(0.0212804,-0.0642111)
(0.0086645,-0.0636008)
(-0.00384239,-0.0630868)
(-0.0162585,-0.0626672)
(-0.0286017,-0.062341)
(-0.0408898,-0.0621072)
(-0.0531404,-0.0619656)
(-0.0653712,-0.0619165)
(-0.0775998,-0.0619605)
(-0.089844,-0.0620988)
(-0.102122,-0.0623332)
(-0.114452,-0.062666)
(-0.126854,-0.0631001)
(-0.139346,-0.063639)
(-0.151949,-0.0642868)
(-0.164684,-0.0650486)
(-0.177572,-0.0659301)
(-0.190637,-0.0669379)
(-0.203903,-0.0680797)
(-0.217395,-0.0693643)
(-0.231141,-0.0708015)
(-0.245169,-0.0724029)
(-0.259512,-0.0741815)
(-0.274202,-0.0761522)
(-0.289275,-0.0783318)
(-0.304771,-0.0807397)
(-0.320732,-0.0833982)
(-0.337205,-0.0863325)
(-0.35424,-0.0895721)
(-0.371894,-0.0931504)
(-0.390227,-0.0971064)
(-0.409308,-0.101485)
(-0.429211,-0.106339)
(-0.450021,-0.11173)
(-0.471831,-0.11773)
(-0.494744,-0.124423)
(-0.518878,-0.13191)
(-0.544364,-0.140311)
(-0.57135,-0.149768)
(-0.600002,-0.160456)
(-0.63051,-0.172581)
(-0.663085,-0.186401)
(-0.697969,-0.202227)
(-0.735433,-0.220449)
(-0.775782,-0.24155)
(-0.819355,-0.266139)
(-0.866525,-0.294989)
(-0.917691,-0.32909)
(-0.973264,-0.369719)
(-1.03363,-0.418543)
(-1.09908,-0.47775)
(-1.16971,-0.550232)
(-1.24514,-0.639825)
(-1.32415,-0.751607)
(-1.4039,-0.892212)
(-1.47866,-1.07001)
(-1.53762,-1.29476)
(-1.56165,-1.57569)
(-1.51964,-1.91612)
(-1.36767,-2.30184)
(-1.06011,-2.68418)
(-0.582752,-2.97231)
(0.00576305,-3.06561)
(0.579916,-2.9251)
(1.02362,-2.60827)
(1.29559,-2.21903)
(1.42041,-1.84023)
(1.44526,-1.51197)
(1.41172,-1.24347)
(1.34814,-1.02945)
(1.27159,-0.860278)
(1.19156,-0.726405)
(1.11306,-0.619822)
(1.03848,-0.534246)
(0.968829,-0.464887)
(0.904347,-0.408128)
(0.844893,-0.361244)
(0.790144,-0.322169)
(0.739704,-0.28933)
(0.693162,-0.261517)
(0.650122,-0.23779)
(0.610218,-0.217416)
(0.573118,-0.199815)
(0.538521,-0.184525)
(0.506164,-0.171177)
(0.475809,-0.15947)
(0.447248,-0.149161)
(0.420297,-0.140049)
(0.394791,-0.13197)
(0.370585,-0.124786)
(0.347549,-0.118382)
(0.325567,-0.112663)
(0.304536,-0.107546)
(0.284362,-0.102965)
(0.264961,-0.098859)
(0.246257,-0.0951799)
(0.228182,-0.0918847)
(0.210672,-0.0889371)
(0.193669,-0.0863059)
(0.17712,-0.0839644)
(0.160975,-0.0818895)
(0.14519,-0.0800619)
(0.12972,-0.0784649)
(0.114525,-0.0770845)
(0.099568,-0.0759088)
(0.0848112,-0.0749284)
(0.0702199,-0.0741354)
(0.0557602,-0.073524)
(0.041399,-0.0730897)
(0.027104,-0.0728301)
(0.0128429,-0.0727438)
(-0.00141611,-0.0728314)
(-0.0157054,-0.0730948)
(-0.0300575,-0.0735376)
(-0.0445059,-0.0741652)
(-0.0590848,-0.0749846)
(-0.0738301,-0.0760049)
(-0.088779,-0.0772373)
(-0.103971,-0.0786955)
(-0.119447,-0.0803958)
(-0.135252,-0.0823575)
(-0.151435,-0.0846037)
(-0.168046,-0.0871615)
(-0.185141,-0.0900627)
(-0.202782,-0.093345)
(-0.221037,-0.0970527)
(-0.239979,-0.101238)
(-0.259691,-0.105964)
(-0.280263,-0.111303)
(-0.301799,-0.117344)
(-0.324412,-0.124194)
(-0.348231,-0.131979)
(-0.3734,-0.140856)
(-0.400081,-0.151013)
(-0.428458,-0.162683)
(-0.458737,-0.176154)
(-0.49115,-0.191786)
(-0.525953,-0.210032)
(-0.56343,-0.231464)
(-0.603884,-0.256816)
(-0.647628,-0.287038)
(-0.694959,-0.323362)
(-0.746114,-0.367409)
(-0.801174,-0.421321)
(-0.859902,-0.487937)
(-0.921442,-0.571019)
(-0.98378,-0.675487)
(-1.0428,-0.807579)
(-1.09072,-0.974633)
(-1.11369,-1.18379)
(-1.08895,-1.4382)
(-0.983896,-1.72867)
(-0.763343,-2.02093)
(-0.413202,-2.24845)
(0.0273389,-2.33365)
(0.465658,-2.2412)
(0.810592,-2.00929)
(1.02564,-1.71601)
(1.12648,-1.42665)
(1.14854,-1.17416)
(1.12406,-0.966962)
(1.07538,-0.801607)
(1.01602,-0.670891)
(0.953576,-0.567509)
(0.892038,-0.485279)
(0.833356,-0.419335)
(0.778351,-0.365961)
(0.727239,-0.322351)
(0.67993,-0.286389)
(0.636182,-0.256476)
(0.595697,-0.23139)
(0.558159,-0.210196)
(0.523264,-0.192168)
(0.490731,-0.176739)
(0.460301,-0.163461)
(0.431742,-0.15198)
(0.404847,-0.142011)
(0.379433,-0.133323)
(0.355335,-0.125732)
(0.332408,-0.119083)
(0.310521,-0.113252)
(0.289558,-0.108135)
(0.269415,-0.103645)
(0.249996,-0.0997125)
(0.231217,-0.0962766)
(0.213,-0.093288)
(0.195273,-0.0907052)
(0.17797,-0.088494)
(0.16103,-0.086626)
(0.144395,-0.0850782)
(0.12801,-0.0838321)
(0.111824,-0.0828734)
(0.0957872,-0.0821916)
(0.07985,-0.0817795)
(0.063965,-0.0816335)
(0.0480847,-0.0817532)
(0.0321617,-0.0821414)
(0.0161475,-0.0828043)
(-0.00000711052,-0.0837515)
(-0.0163534,-0.0849967)
(-0.0329449,-0.0865576)
(-0.0498379,-0.0884566)
(-0.0670926,-0.0907214)
(-0.0847733,-0.093386)
(-0.10295,-0.0964917)
(-0.121698,-0.100088)
(-0.141101,-0.104236)
(-0.161251,-0.109008)
(-0.18225,-0.114492)
(-0.20421,-0.120795)
(-0.227259,-0.128048)
(-0.251538,-0.13641)
(-0.277207,-0.146078)
(-0.304444,-0.157299)
(-0.333447,-0.170377)
(-0.364438,-0.185698)
(-0.397658,-0.203752)
(-0.433366,-0.225167)
(-0.471828,-0.250754)
(-0.513294,-0.28157)
(-0.557956,-0.319005)
(-0.60587,-0.364897)
(-0.65681,-0.421682)
(-0.710003,-0.492587)
(-0.763655,-0.581825)
(-0.814127,-0.694719)
(-0.854566,-0.837472)
(-0.87284,-1.01597)
(-0.849183,-1.23234)
(-0.75569,-1.47762)
(-0.563309,-1.72096)
(-0.262853,-1.90467)
(0.108599,-1.96466)
(0.471284,-1.8759)
(0.751199,-1.67471)
(0.921854,-1.4272)
(0.998754,-1.18617)
(1.01191,-0.977264)
(0.987807,-0.80639)
(0.944508,-0.670223)
(0.892889,-0.562635)
(0.839016,-0.477548)
(0.786064,-0.409863)
(0.735568,-0.35558)
(0.688163,-0.311648)
(0.643999,-0.275766)
(0.602982,-0.246199)
(0.564904,-0.221632)
(0.529505,-0.201064)
(0.49652,-0.183728)
(0.465691,-0.169026)
(0.436777,-0.156494)
(0.409561,-0.145766)
(0.383845,-0.13655)
(0.359452,-0.128614)
(0.336224,-0.121771)
(0.314018,-0.115869)
(0.292707,-0.110786)
(0.272176,-0.106422)
(0.252321,-0.102695)
(0.233046,-0.099538)
(0.214264,-0.0968981)
(0.195893,-0.0947319)
(0.177857,-0.0930052)
(0.160085,-0.0916916)
(0.142508,-0.0907719)
(0.12506,-0.0902333)
(0.107675,-0.0900691)
(0.0902887,-0.0902782)
(0.0728371,-0.0908656)
(0.0552542,-0.091842)
(0.0374725,-0.0932249)
(0.0194215,-0.0950383)
(0.00102716,-0.0973144)
(-0.0177895,-0.100094)
(-0.0371132,-0.103429)
(-0.0570359,-0.107384)
(-0.0776581,-0.112037)
(-0.0990903,-0.117486)
(-0.121455,-0.123853)
(-0.144888,-0.131286)
(-0.16954,-0.139971)
(-0.195579,-0.150139)
(-0.223193,-0.162082)
(-0.252585,-0.17617)
(-0.28398,-0.192873)
(-0.317611,-0.212797)
(-0.353712,-0.23673)
(-0.392492,-0.265701)
(-0.434089,-0.301066)
(-0.478478,-0.344622)
(-0.525313,-0.398754)
(-0.573636,-0.466609)
(-0.621359,-0.552255)
(-0.664377,-0.660717)
(-0.695136,-0.797532)
(-0.700631,-0.967111)
(-0.6606,-1.16856)
(-0.548841,-1.38774)
(-0.343694,-1.58821)
(-0.050597,-1.71336)
(0.280583,-1.71528)
(0.575642,-1.59316)
(0.783527,-1.39406)
(0.897668,-1.17484)
(0.939314,-0.972666)
(0.93474,-0.802195)
(0.904422,-0.664566)
(0.861548,-0.555447)
(0.813799,-0.469302)
(0.765353,-0.401083)
(0.718338,-0.346695)
(0.673737,-0.302968)
(0.631907,-0.267498)
(0.592875,-0.238476)
(0.556507,-0.214536)
(0.522594,-0.19464)
(0.490899,-0.177999)
(0.461185,-0.164004)
(0.433226,-0.15218)
(0.406814,-0.14216)
(0.381758,-0.133653)
(0.357886,-0.126427)
(0.335041,-0.1203)
(0.313083,-0.115125)
(0.291883,-0.110785)
(0.271325,-0.107187)
(0.251299,-0.104256)
(0.231707,-0.101936)
(0.212454,-0.100182)
(0.19345,-0.0989627)
(0.17461,-0.0982566)
(0.155849,-0.0980525)
(0.137085,-0.0983488)
(0.118234,-0.0991533)
(0.0992107,-0.100484)
(0.0799282,-0.102369)
(0.0602944,-0.104848)
(0.0402122,-0.107974)
(0.0195775,-0.111819)
(-0.00172206,-0.116468)
(-0.0238093,-0.122035)
(-0.0468185,-0.12866)
(-0.070898,-0.136519)
(-0.0962108,-0.145835)
(-0.122936,-0.156891)
(-0.151269,-0.170048)
(-0.181419,-0.185767)
(-0.2136,-0.204647)
(-0.248021,-0.227469)
(-0.284852,-0.255256)
(-0.324173,-0.289363)
(-0.365872,-0.331587)
(-0.409462,-0.38431)
(-0.453752,-0.450658)
(-0.496272,-0.534616)
(-0.532297,-0.640937)
(-0.553351,-0.774423)
(-0.545334,-0.937708)
(-0.487561,-1.12623)
(-0.356527,-1.32006)
(-0.139947,-1.47799)
(0.141713,-1.54824)
(0.43069,-1.50209)
(0.664414,-1.35883)
(0.81357,-1.16856)
(0.885163,-0.976559)
(0.901897,-0.807116)
(0.885647,-0.667343)
(0.851928,-0.555607)
(0.810266,-0.467311)
(0.766043,-0.397598)
(0.722115,-0.342299)
(0.679886,-0.29811)
(0.639959,-0.262505)
(0.602505,-0.233574)
(0.567473,-0.209882)
(0.534704,-0.190342)
(0.503992,-0.17413)
(0.475119,-0.160615)
(0.447871,-0.149313)
(0.422046,-0.139845)
(0.397456,-0.131919)
(0.37393,-0.125304)
(0.351312,-0.11982)
(0.329457,-0.115325)
(0.308232,-0.111709)
(0.287516,-0.108888)
(0.267192,-0.106799)
(0.247151,-0.105398)
(0.227287,-0.104656)
(0.207497,-0.10456)
(0.187678,-0.105112)
(0.167727,-0.106328)
(0.147539,-0.108242)
(0.127002,-0.110901)
(0.106002,-0.114375)
(0.0844146,-0.118757)
(0.062108,-0.124166)
(0.0389382,-0.130758)
(0.0147493,-0.138732)
(-0.010628,-0.148343)
(-0.0373759,-0.15992)
(-0.0656868,-0.173886)
(-0.0957566,-0.190794)
(-0.12777,-0.211365)
(-0.161871,-0.236551)
(-0.198109,-0.26761)
(-0.236339,-0.306217)
(-0.276039,-0.354586)
(-0.315987,-0.415616)
(-0.35369,-0.492965)
(-0.384447,-0.590904)
(-0.399926,-0.713487)
(-0.386544,-0.862198)
(-0.325105,-1.0309)
(-0.195589,-1.19842)
(0.00841518,-1.32509)
(0.2615,-1.36671)
(0.508786,-1.3059)
(0.699209,-1.16755)
(0.814384,-0.997144)
(0.864907,-0.831148)
(0.871436,-0.687273)
(0.852218,-0.569634)
(0.819715,-0.475954)
(0.781424,-0.402018)
(0.741522,-0.343641)
(0.702195,-0.297311)
(0.664494,-0.260274)
(0.628846,-0.230432)
(0.595347,-0.206201)
(0.56392,-0.186393)
(0.534409,-0.170107)
(0.506622,-0.156663)
(0.48036,-0.145539)
(0.455429,-0.136336)
(0.431645,-0.128745)
(0.408837,-0.12253)
(0.386847,-0.117507)
(0.365525,-0.113536)
(0.344735,-0.110513)
(0.324346,-0.108363)
(0.304234,-0.107036)
(0.284277,-0.106505)
(0.264357,-0.106764)
(0.244355,-0.107829)
(0.22415,-0.109737)
(0.203616,-0.11255)
(0.182624,-0.116358)
(0.161036,-0.121286)
(0.138706,-0.127499)
(0.115476,-0.135213)
(0.0911831,-0.144712)
(0.0656556,-0.156369)
(0.0387238,-0.170671)
(0.0102337,-0.18826)
(-0.0199237,-0.209986)
(-0.051759,-0.236979)
(-0.0850848,-0.27074)
(-0.119337,-0.313257)
(-0.153256,-0.367107)
(-0.184338,-0.435495)
(-0.207941,-0.522006)
(-0.216011,-0.629641)
(-0.195852,-0.758296)
(-0.130665,-0.899834)
(-0.00564431,-1.03204)
(0.17791,-1.11888)
(0.390141,-1.12765)
(0.583099,-1.05454)
(0.721312,-0.928147)
(0.798142,-0.785821)
(0.826432,-0.653098)
(0.823337,-0.540576)
(0.802561,-0.449533)
(0.773036,-0.377334)
(0.739999,-0.320397)
(0.706309,-0.275405)
(0.673428,-0.239647)
(0.642034,-0.211023)
(0.612374,-0.18794)
(0.58447,-0.1692)
(0.558228,-0.153902)
(0.533501,-0.141368)
(0.510122,-0.131082)
(0.48792,-0.122654)
(0.46673,-0.115785)
(0.446394,-0.11025)
(0.426764,-0.105877)
(0.4077,-0.102542)
(0.38907,-0.100156)
(0.370749,-0.0986608)
(0.352613,-0.0980284)
(0.334542,-0.0982569)
(0.316416,-0.099372)
(0.298112,-0.101428)
(0.279505,-0.104514)
(0.260468,-0.108758)
(0.240865,-0.114334)
(0.220562,-0.121482)
(0.199423,-0.13052)
(0.177325,-0.141872)
(0.15417,-0.156105)
(0.129927,-0.173975)
(0.104689,-0.196491)
(0.0787868,-0.224993)
(0.0530005,-0.261229)
(0.0289087,-0.307398)
(0.00947769,-0.366024)
(-0.0000753684,-0.439401)
(0.00865004,-0.528042)
(0.0472304,-0.627495)
(0.127014,-0.723958)
(0.249956,-0.793075)
(0.398497,-0.809779)
(0.539386,-0.766869)
(0.644429,-0.681495)
(0.705389,-0.580499)
(0.729816,-0.483979)
(0.729931,-0.401111)
(0.716059,-0.333645)
(0.695106,-0.279998)
(0.671181,-0.237655)
(0.646553,-0.204197)
(0.622396,-0.177619)
(0.599265,-0.156357)
(0.577376,-0.139222)
(0.556761,-0.125321)
(0.537364,-0.113981)
(0.519081,-0.104699)
(0.501794,-0.0970941)
(0.485377,-0.0908772)
(0.469709,-0.0858315)
(0.454673,-0.0817941)
(0.440159,-0.0786455)
(0.426062,-0.0763012)
(0.412282,-0.0747067)
(0.398723,-0.0738344)
(0.385292,-0.0736822)
(0.371897,-0.0742742)
(0.358444,-0.0756631)
(0.344845,-0.0779346)
(0.331008,-0.0812146)
(0.316848,-0.0856798)
(0.30229,-0.0915729)
(0.28728,-0.0992235)
(0.271811,-0.109077)
(0.255963,-0.12173)
(0.239982,-0.137976)
(0.224415,-0.158842)
(0.21034,-0.185588)
(0.199746,-0.219576)
(0.19603,-0.261812)
(0.204414,-0.311812)
(0.231443,-0.365543)
(0.282038,-0.413271)
(0.353697,-0.440723)
(0.432905,-0.436943)
(0.50133,-0.403319)
(0.547518,-0.352325)
(0.570928,-0.297734)
(0.577204,-0.248059)
(0.572765,-0.206426)
(0.562466,-0.17288)
(0.549388,-0.146277)
(0.535309,-0.125244)
(0.521186,-0.108556)
(0.507498,-0.0952266)
(0.494462,-0.0844952)
(0.482148,-0.0757872)
(0.470551,-0.0686707)
(0.459629,-0.0628211)
(0.449321,-0.0579939)
(0.439563,-0.0540043)
(0.430286,-0.0507127)
(0.421428,-0.0480138)
(0.412927,-0.0458293)
(0.404727,-0.0441027)
(0.396773,-0.0427953)
(0.389014,-0.0418846)
(0.381402,-0.0413628)
(0.373888,-0.041237)
(0.366429,-0.0415305)
(0.35898,-0.042285)
(0.351501,-0.0435648)
(0.34396,-0.0454628)
(0.336333,-0.0481085)
(0.328622,-0.05168)
(0.320868,-0.056418)
(0.31319,-0.0626422)
(0.305846,-0.0707618)
(0.299334,-0.0812634)
(0.294552,-0.0946297)
(0.292991,-0.111095)
(0.296813,-0.130103)
(0.308406,-0.149456)
(0.328858,-0.164768)
(0.355756,-0.170758)
(0.382973,-0.164785)
(0.404224,-0.149169)
(0.4168,-0.129134)
(0.421615,-0.109196)
(0.421033,-0.0916941)
(0.417259,-0.0772651)
(0.411836,-0.0657025)
(0.4057,-0.056525)
(0.39938,-0.0492361)
(0.393153,-0.0434132)
(0.387151,-0.038723)
(0.381432,-0.0349108)
(0.376008,-0.0317846)
(0.370871,-0.0291997)
(0.366002,-0.0270473)
(0.361377,-0.0252451)
(0.356972,-0.0237306)
(0.352763,-0.0224561)
(0.348726,-0.0213855)
(0.344841,-0.0204919)
(0.341088,-0.0197553)
(0.337447,-0.0191619)
(0.333901,-0.0187033)
(0.330433,-0.0183761)
(0.327028,-0.0181818)
(0.323672,-0.0181275)
(0.32035,-0.0182266)
(0.317052,-0.0185002)
(0.313768,-0.0189791)
(0.310498,-0.0197068)
(0.307248,-0.0207429)
(0.304047,-0.0221675)
(0.300959,-0.0240834)
(0.298106,-0.0266138)
(0.295716,-0.0298817)
(0.294163,-0.0339485)
(0.293996,-0.0386776)
(0.295827,-0.0435174)
(0.299943,-0.0473573)
(0.30575,-0.0488442)
(0.311695,-0.0472801)
(0.316159,-0.0432335)
(0.318428,-0.0380338)
(0.31872,-0.0328441)
(0.317638,-0.0282732)
(0.315746,-0.0244897)
(0.313442,-0.0214434)
(0.310967,-0.0190115)
(0.308458,-0.0170669)
(0.305986,-0.0155008)
(0.303585,-0.0142275)
(0.301269,-0.0131813)
(0.299042,-0.0123127)
(0.296901,-0.0115843)
(0.294841,-0.010968)
(0.292856,-0.0104424)
(0.29094,-0.00999113)
(0.289086,-0.00960181)
(0.287288,-0.00926485)
(0.285541,-0.00897297)
(0.28384,-0.00872068)
(0.282179,-0.00850397)
(0.280554,-0.00832013)
(0.278961,-0.00816758)
(0.277397,-0.00804584)
(0.275857,-0.00795565)
(0.274339,-0.00789902)
(0.272839,-0.00787954)
(0.271355,-0.00790271)
(0.269886,-0.00797652)
(0.268434,-0.00811208)
(0.267004,-0.00832441)
(0.265607,-0.00863295)
(0.264267,-0.00906088)
(0.263026,-0.00963113)
(0.261958,-0.0103543)
(0.261167,-0.0112024)
(0.260767,-0.012067)
(0.260807,-0.0127345)
(0.261169,-0.0129498)
(0.261552,-0.0125888)
(0.261656,-0.0117676)
(0.261351,-0.010739)
(0.260684,-0.00971976)
(0.259769,-0.00882103)
(0.258712,-0.00807242)
(0.257587,-0.00746346)
(0.256438,-0.00697069)
(0.25529,-0.00657009)
(0.254157,-0.0062412)
(0.253044,-0.00596791)
(0.251954,-0.00573789)
(0.250888,-0.00554182)
(0.249844,-0.00537268)
(0.248822,-0.00522515)
(0.24782,-0.00509518)
(0.246837,-0.00497969)
(0.245872,-0.00487628)
(0.244924,-0.00478314)
(0.24399,-0.00469883)
(0.243071,-0.00462227)
(0.242166,-0.00455266)
(0.241273,-0.0044894)
(0.240391,-0.00443211)
(0.23952,-0.0043806)
(0.238659,-0.00433487)
(0.237808,-0.00429513)
(0.236965,-0.00426185)
(0.236131,-0.00423577)
(0.235305,-0.00421804)
(0.234487,-0.00421026)
(0.233677,-0.00421464)
(0.232878,-0.00423405)
(0.232093,-0.0042719)
(0.231328,-0.00433157)
(0.230593,-0.00441457)
(0.229905,-0.00451656)
(0.229281,-0.00462117)
(0.228727,-0.00469634)
(0.228224,-0.00470411)
(0.227729,-0.00462645)
(0.227196,-0.00448106)
(0.226607,-0.00430572)
(0.225968,-0.00413248)
(0.225297,-0.0039777)
(0.224609,-0.00384566)
(0.223915,-0.00373472)
(0.223222,-0.00364137)
(0.222533,-0.00356203)
(0.221849,-0.00349365)
(0.221173,-0.00343382)
(0.220504,-0.00338071)
(0.219842,-0.00333291)
(0.219188,-0.00328939)
(0.21854,-0.00324933)
(0.217899,-0.00321214)
(0.217264,-0.00317735)
(0.216635,-0.00314459)
(0.216012,-0.00311357)
(0.215395,-0.00308409)
(0.214783,-0.00305598)
(0.214177,-0.00302909)
(0.213575,-0.00300333)
(0.212979,-0.00297863)
(0.212388,-0.00295495)
(0.211801,-0.00293228)
(0.211218,-0.00291061)
(0.21064,-0.00289001)
(0.210067,-0.00287054)
(0.209497,-0.00285233)
(0.208932,-0.00283558)
(0.20837,-0.00282054)
(0.207814,-0.00280755)
(0.207261,-0.00279703)
(0.206715,-0.00278938)
(0.206175,-0.00278478)
(0.205643,-0.00278268)
(0.205123,-0.00278108)
(0.204613,-0.00277606)
(0.204113,-0.00276299)
(0.203617,-0.00273968)
(0.203118,-0.00270829)
(0.202615,-0.00267343)
(0.202109,-0.00263899)
(0.201602,-0.00260697)
(0.201095,-0.00257788)
(0.200591,-0.00255151)
(0.200088,-0.00252744)
(0.199589,-0.00250522)
(0.199093,-0.00248448)
(0.1986,-0.00246492)
(0.198111,-0.00244632)
(0.197625,-0.00242849)
(0.197142,-0.00241132)
(0.196662,-0.00239471)
(0.196186,-0.00237857)
(0.195712,-0.00236284)
(0.195242,-0.00234748)
(0.194775,-0.00233246)
(0.19431,-0.00231774)
(0.193848,-0.0023033)
(0.19339,-0.00228912)
(0.192934,-0.00227519)
(0.19248,-0.0022615)
(0.19203,-0.00224803)
(0.191582,-0.00223479)
(0.191137,-0.00222177)
(0.190694,-0.00220897)
(0.190254,-0.0021964)
(0.189816,-0.00218408)
(0.189381,-0.002172)
(0.188949,-0.00216021)
(0.188518,-0.00214873)
(0.188091,-0.00213761)
(0.187666,-0.00212688)
(0.187243,-0.00211656)
(0.186824,-0.0021066)
(0.186407,-0.00209677)
(0.185994,-0.0020867)
(0.185583,-0.00207589)
(0.185175,-0.00206412)
(0.184768,-0.00205162)
(0.184363,-0.00203884)
(0.183959,-0.0020262)
(0.183557,-0.00201389)
(0.183157,-0.00200196)
(0.182759,-0.0019904)
(0.182362,-0.00197915)
(0.181968,-0.00196817)
(0.181576,-0.00195741)
(0.181186,-0.00194686)
(0.180798,-0.00193648)
(0.180412,-0.00192626)
(0.180028,-0.00191618)
(0.179646,-0.00190622)
(0.179266,-0.00189639)
(0.178888,-0.00188667)
(0.178512,-0.00187706)
(0.178137,-0.00186755)
(0.177765,-0.00185814)
(0.177394,-0.00184883)
(0.177026,-0.00183961)
(0.176659,-0.00183048)
(0.176294,-0.00182144)
(0.17593,-0.00181249)
(0.175569,-0.00180362)
(0.175209,-0.00179484)
(0.174851,-0.00178614)
(0.174495,-0.00177752)
(0.174141,-0.00176899)
(0.173788,-0.00176054)
(0.173437,-0.00175218)
(0.173087,-0.0017439)
(0.172739,-0.00173571)
(0.172393,-0.00172762)
(0.172049,-0.00171962)
(0.171706,-0.00171171)
(0.171365,-0.00170386)
(0.171026,-0.00169605)
(0.170688,-0.00168823)
(0.170351,-0.00168039)
(0.170017,-0.00167253)
(0.169683,-0.0016647)
(0.169351,-0.00165693)
(0.169021,-0.00164924)
(0.168692,-0.00164164)
(0.168365,-0.00163412)
(0.168039,-0.00162668)
(0.167714,-0.00161931)
(0.167391,-0.00161201)
(0.16707,-0.00160477)
(0.16675,-0.0015976)
(0.166431,-0.00159049)
(0.166114,-0.00158344)
(0.165798,-0.00157644)
(0.165483,-0.0015695)
(0.16517,-0.00156261)
(0.164858,-0.00155578)
(0.164548,-0.001549)
(0.164239,-0.00154228)
(0.163931,-0.0015356)
(0.163625,-0.00152898)
(0.16332,-0.0015224)
(0.163016,-0.00151588)
(0.162714,-0.0015094)
(0.162413,-0.00150297)
(0.162113,-0.00149659)
(0.161814,-0.00149026)
(0.161517,-0.00148397)
(0.161221,-0.00147773)
(0.160926,-0.00147154)
(0.160632,-0.00146539)
(0.16034,-0.00145928)
(0.160049,-0.00145322)
(0.159759,-0.00144721)
(0.15947,-0.00144124)
(0.159182,-0.00143531)
(0.158896,-0.00142943)
(0.158611,-0.00142358)
(0.158327,-0.00141777)
(0.158044,-0.001412)
(0.157762,-0.00140625)
(0.157481,-0.00140055)
(0.157202,-0.00139488)
(0.156924,-0.00138926)
(0.156646,-0.00138367)
(0.15637,-0.00137812)
(0.156095,-0.00137262)
(0.155821,-0.00136715)
(0.155549,-0.00136172)
(0.155277,-0.00135632)
(0.155006,-0.00135096)
(0.154737,-0.00134564)
(0.154468,-0.00134036)
(0.154201,-0.00133511)
(0.153934,-0.00132989)
(0.153669,-0.00132471)
(0.153404,-0.00131956)
(0.153141,-0.00131445)
(0.152879,-0.00130937)