(-0.160547,-0.00140025)
 (-0.160827,-0.0014055)
(-0.161109,-0.00141079)
 (-0.161392,-0.0014161)
(-0.161675,-0.00142145)
 (-0.16196,-0.00142684)
(-0.162246,-0.00143225)
 (-0.162533,-0.0014377)
(-0.162821,-0.00144317)
 (-0.16311,-0.00144869)
  (-0.1634,-0.00145423)
(-0.163692,-0.00145981)
(-0.163984,-0.00146543)
(-0.164278,-0.00147107)
(-0.164572,-0.00147676)
(-0.164868,-0.00148248)
(-0.165165,-0.00148823)
(-0.165463,-0.00149402)
(-0.165763,-0.00149984)
 (-0.166063,-0.0015057)
 (-0.166365,-0.0015116)
(-0.166668,-0.00151753)
 (-0.166972,-0.0015235)
(-0.167277,-0.00152951)
(-0.167584,-0.00153555)
(-0.167891,-0.00154164)
  (-0.1682,-0.00154776)
 (-0.16851,-0.00155392)
(-0.168821,-0.00156012)
(-0.169134,-0.00156636)
(-0.169448,-0.00157264)
(-0.169763,-0.00157895)
(-0.170079,-0.00158531)
(-0.170397,-0.00159171)
(-0.170716,-0.00159815)
(-0.171036,-0.00160464)
(-0.171358,-0.00161116)
 (-0.17168,-0.00161773)
(-0.172005,-0.00162434)
 (-0.17233,-0.00163099)
(-0.172657,-0.00163769)
(-0.172985,-0.00164443)
(-0.173314,-0.00165121)
(-0.173645,-0.00165804)
(-0.173978,-0.00166491)
(-0.174311,-0.00167183)
 (-0.174646,-0.0016788)
(-0.174982,-0.00168581)
 (-0.17532,-0.00169287)
(-0.175659,-0.00169997)
   (-0.176,-0.00170712)
(-0.176342,-0.00171432)
(-0.176686,-0.00172157)
(-0.177031,-0.00172887)
(-0.177377,-0.00173622)
(-0.177725,-0.00174362)
(-0.178074,-0.00175107)
(-0.178425,-0.00175857)
(-0.178778,-0.00176612)
(-0.179131,-0.00177372)
(-0.179487,-0.00178137)
(-0.179844,-0.00178908)
(-0.180202,-0.00179684)
(-0.180562,-0.00180465)
(-0.180924,-0.00181252)
(-0.181287,-0.00182045)
(-0.181652,-0.00182842)
(-0.182018,-0.00183646)
(-0.182386,-0.00184455)
 (-0.182756,-0.0018527)
 (-0.183127,-0.0018609)
  (-0.1835,-0.00186917)
(-0.183875,-0.00187749)
(-0.184251,-0.00188587)
(-0.184629,-0.00189432)
(-0.185009,-0.00190282)
 (-0.18539,-0.00191138)
(-0.185773,-0.00192001)
 (-0.186158,-0.0019287)
(-0.186544,-0.00193745)
(-0.186932,-0.00194626)
(-0.187323,-0.00195514)
(-0.187714,-0.00196409)
(-0.188108,-0.00197309)
(-0.188503,-0.00198217)
(-0.188901,-0.00199131)
  (-0.1893,-0.00200052)
 (-0.189701,-0.0020098)
(-0.190103,-0.00201915)
(-0.190508,-0.00202857)
(-0.190915,-0.00203806)
(-0.191323,-0.00204761)
(-0.191733,-0.00205725)
(-0.192146,-0.00206695)
 (-0.19256,-0.00207673)
(-0.192976,-0.00208658)
(-0.193394,-0.00209651)
(-0.193814,-0.00210651)
(-0.194237,-0.00211659)
(-0.194661,-0.00212675)
(-0.195087,-0.00213698)
(-0.195515,-0.00214729)
(-0.195946,-0.00215769)
(-0.196378,-0.00216816)
(-0.196813,-0.00217872)
(-0.197249,-0.00218936)
(-0.197688,-0.00220009)
(-0.198129,-0.00221089)
(-0.198572,-0.00222179)
(-0.199018,-0.00223277)
(-0.199465,-0.00224383)
(-0.199915,-0.00225499)
(-0.200367,-0.00226623)
(-0.200821,-0.00227757)
(-0.201278,-0.00228899)
(-0.201736,-0.00230051)
(-0.202197,-0.00231212)
(-0.202661,-0.00232383)
(-0.203127,-0.00233563)
(-0.203595,-0.00234753)
(-0.204065,-0.00235953)
(-0.204538,-0.00237162)
(-0.205014,-0.00238382)
(-0.205491,-0.00239611)
(-0.205972,-0.00240851)
(-0.206455,-0.00242101)
 (-0.20694,-0.00243362)
(-0.207428,-0.00244633)
(-0.207918,-0.00245915)
(-0.208411,-0.00247208)
(-0.208906,-0.00248512)
(-0.209405,-0.00249827)
(-0.209905,-0.00251153)
 (-0.210409,-0.0025249)
(-0.210915,-0.00253839)
  (-0.211424,-0.002552)
(-0.211935,-0.00256572)
 (-0.21245,-0.00257957)
(-0.212967,-0.00259353)
(-0.213487,-0.00260762)
 (-0.21401,-0.00262183)
(-0.214535,-0.00263616)
(-0.215064,-0.00265062)
(-0.215595,-0.00266521)
(-0.216129,-0.00267993)
(-0.216666,-0.00269479)
(-0.217207,-0.00270977)
 (-0.21775,-0.00272489)
(-0.218296,-0.00274015)
(-0.218846,-0.00275554)
(-0.219398,-0.00277108)
(-0.219954,-0.00278675)
(-0.220512,-0.00280257)
(-0.221074,-0.00281854)
(-0.221639,-0.00283465)
(-0.222207,-0.00285091)
(-0.222779,-0.00286732)
(-0.223354,-0.00288389)
(-0.223932,-0.00290061)
(-0.224514,-0.00291749)
(-0.225099,-0.00293453)
(-0.225687,-0.00295173)
(-0.226279,-0.00296909)
(-0.226874,-0.00298662)
(-0.227473,-0.00300432)
(-0.228075,-0.00302218)
(-0.228681,-0.00304022)
(-0.229291,-0.00305843)
(-0.229904,-0.00307683)
 (-0.230521,-0.0030954)
(-0.231141,-0.00311415)
(-0.231766,-0.00313309)
(-0.232394,-0.00315221)
(-0.233026,-0.00317152)
(-0.233662,-0.00319103)
(-0.234302,-0.00321073)
(-0.234946,-0.00323063)
(-0.235593,-0.00325073)
(-0.236245,-0.00327103)
(-0.236901,-0.00329154)
(-0.237561,-0.00331226)
(-0.238225,-0.00333318)
(-0.238894,-0.00335433)
(-0.239566,-0.00337569)
(-0.240243,-0.00339728)
(-0.240925,-0.00341909)
 (-0.24161,-0.00344112)
  (-0.2423,-0.00346339)
(-0.242995,-0.00348589)
(-0.243694,-0.00350864)
(-0.244398,-0.00353162)
(-0.245106,-0.00355485)
(-0.245819,-0.00357832)
(-0.246536,-0.00360205)
(-0.247259,-0.00362604)
(-0.247986,-0.00365028)
(-0.248718,-0.00367479)
(-0.249455,-0.00369957)
(-0.250197,-0.00372462)
(-0.250944,-0.00374995)
(-0.251696,-0.00377556)
(-0.252453,-0.00380146)
(-0.253216,-0.00382764)
(-0.253983,-0.00385412)
(-0.254756,-0.00388089)
(-0.255535,-0.00390798)
(-0.256318,-0.00393536)
(-0.257108,-0.00396307)
(-0.257903,-0.00399109)
(-0.258703,-0.00401943)
(-0.259509,-0.00404811)
(-0.260321,-0.00407711)
(-0.261139,-0.00410646)
(-0.261963,-0.00413615)
 (-0.262792,-0.0041662)
 (-0.263628,-0.0041966)
 (-0.26447,-0.00422736)
(-0.265318,-0.00425849)
   (-0.266172,-0.00429)
(-0.267032,-0.00432189)
(-0.267899,-0.00435416)
(-0.268773,-0.00438683)
 (-0.269653,-0.0044199)
(-0.270539,-0.00445338)
(-0.271433,-0.00448727)
(-0.272333,-0.00452159)
 (-0.27324,-0.00455633)
(-0.274154,-0.00459152)
(-0.275075,-0.00462714)
(-0.276003,-0.00466322)
(-0.276939,-0.00469976)
(-0.277882,-0.00473677)
(-0.278832,-0.00477426)
 (-0.27979,-0.00481223)
 (-0.280755,-0.0048507)
(-0.281729,-0.00488967)
 (-0.28271,-0.00492916)
(-0.283699,-0.00496917)
(-0.284696,-0.00500971)
(-0.285701,-0.00505079)
(-0.286714,-0.00509242)
(-0.287736,-0.00513462)
(-0.288766,-0.00517739)
(-0.289805,-0.00522075)
 (-0.290852,-0.0052647)
(-0.291909,-0.00530926)
(-0.292974,-0.00535444)
(-0.294048,-0.00540024)
 (-0.295132,-0.0054467)
 (-0.296225,-0.0054938)
(-0.297327,-0.00554158)
(-0.298439,-0.00559004)
(-0.299561,-0.00563919)
(-0.300693,-0.00568905)
(-0.301834,-0.00573964)
(-0.302986,-0.00579097)
(-0.304148,-0.00584305)
 (-0.305321,-0.0058959)
(-0.306504,-0.00594953)
(-0.307698,-0.00600397)
(-0.308903,-0.00605922)
(-0.310119,-0.00611531)
(-0.311346,-0.00617226)
(-0.312585,-0.00623007)
(-0.313835,-0.00628878)
(-0.315098,-0.00634839)
(-0.316372,-0.00640893)
(-0.317658,-0.00647043)
(-0.318957,-0.00653289)
(-0.320268,-0.00659634)
(-0.321592,-0.00666081)
(-0.322929,-0.00672632)
(-0.324279,-0.00679288)
(-0.325643,-0.00686053)
 (-0.32702,-0.00692928)
(-0.328411,-0.00699917)
(-0.329816,-0.00707022)
(-0.331235,-0.00714245)
 (-0.332669,-0.0072159)
(-0.334117,-0.00729059)
(-0.335581,-0.00736655)
(-0.337059,-0.00744382)
(-0.338554,-0.00752242)
(-0.340064,-0.00760238)
 (-0.34159,-0.00768375)
(-0.343133,-0.00776654)
(-0.344692,-0.00785081)
(-0.346268,-0.00793658)
(-0.347862,-0.00802389)
(-0.349473,-0.00811278)
(-0.351101,-0.00820329)
(-0.352748,-0.00829547)
(-0.354414,-0.00838934)
(-0.356098,-0.00848497)
(-0.357802,-0.00858239)
(-0.359525,-0.00868166)
(-0.361269,-0.00878281)
 (-0.363032,-0.0088859)
(-0.364816,-0.00899099)
(-0.366622,-0.00909812)
(-0.368449,-0.00920735)
(-0.370298,-0.00931873)
(-0.372169,-0.00943234)
(-0.374063,-0.00954822)
(-0.375981,-0.00966645)
(-0.377922,-0.00978709)
 (-0.379887,-0.0099102)
 (-0.381878,-0.0100359)
 (-0.383893,-0.0101642)
 (-0.385934,-0.0102951)
 (-0.388002,-0.0104289)
 (-0.390097,-0.0105655)
 (-0.392219,-0.0107051)
 (-0.394369,-0.0108477)
 (-0.396548,-0.0109934)
 (-0.398756,-0.0111423)
 (-0.400994,-0.0112946)
 (-0.403262,-0.0114502)
 (-0.405562,-0.0116095)
 (-0.407894,-0.0117723)
 (-0.410259,-0.0119389)
 (-0.412657,-0.0121094)
 (-0.415089,-0.0122838)
 (-0.417557,-0.0124624)
  (-0.42006,-0.0126453)
 (-0.422601,-0.0128326)
 (-0.425179,-0.0130244)
  (-0.427795,-0.013221)
 (-0.430451,-0.0134224)
 (-0.433147,-0.0136288)
 (-0.435885,-0.0138405)
 (-0.438666,-0.0140575)
  (-0.44149,-0.0142802)
 (-0.444359,-0.0145086)
  (-0.447274,-0.014743)
 (-0.450236,-0.0149837)
 (-0.453246,-0.0152307)
 (-0.456306,-0.0154845)
 (-0.459417,-0.0157452)
 (-0.462581,-0.0160131)
 (-0.465798,-0.0162884)
 (-0.469071,-0.0165715)
   (-0.4724,-0.0168626)
 (-0.475788,-0.0171622)
 (-0.479237,-0.0174704)
 (-0.482747,-0.0177877)
 (-0.486321,-0.0181144)
  (-0.48996,-0.0184509)
 (-0.493668,-0.0187977)
 (-0.497445,-0.0191551)
 (-0.501293,-0.0195236)
 (-0.505216,-0.0199037)
 (-0.509215,-0.0202959)
 (-0.513293,-0.0207006)
 (-0.517452,-0.0211186)
 (-0.521695,-0.0215503)
 (-0.526025,-0.0219964)
 (-0.530444,-0.0224576)
 (-0.534956,-0.0229345)
 (-0.539564,-0.0234279)
 (-0.544271,-0.0239386)
  (-0.54908,-0.0244674)
 (-0.553995,-0.0250152)
  (-0.559021,-0.025583)
  (-0.56416,-0.0261717)
 (-0.569417,-0.0267825)
 (-0.574797,-0.0274163)
 (-0.580304,-0.0280746)
 (-0.585942,-0.0287584)
 (-0.591718,-0.0294693)
 (-0.597636,-0.0302087)
 (-0.603703,-0.0309781)
 (-0.609923,-0.0317793)
 (-0.616304,-0.0326141)
 (-0.622852,-0.0334843)
  (-0.629574,-0.034392)
 (-0.636478,-0.0353395)
 (-0.643571,-0.0363292)
 (-0.650862,-0.0373636)
  (-0.65836,-0.0384456)
 (-0.666074,-0.0395781)
 (-0.674014,-0.0407643)
 (-0.682191,-0.0420079)
 (-0.690616,-0.0433125)
 (-0.699301,-0.0446822)
 (-0.708259,-0.0461217)
 (-0.717504,-0.0476357)
  (-0.72705,-0.0492294)
 (-0.736913,-0.0509088)
   (-0.747109,-0.05268)
   (-0.757658,-0.05455)
 (-0.768578,-0.0565264)
 (-0.779889,-0.0586174)
 (-0.791615,-0.0608321)
 (-0.803779,-0.0631806)
 (-0.816407,-0.0656739)
 (-0.829527,-0.0683244)
  (-0.84317,-0.0711454)
 (-0.857368,-0.0741522)
 (-0.872158,-0.0773615)
 (-0.887577,-0.0807919)
 (-0.903668,-0.0844643)
 (-0.920478,-0.0884021)
 (-0.938056,-0.0926316)
 (-0.956457,-0.0971824)
  (-0.975742,-0.102088)
  (-0.995978,-0.107386)
   (-1.01724,-0.113119)
    (-1.0396,-0.119338)
   (-1.06315,-0.126097)
     (-1.088,-0.133461)
   (-1.11424,-0.141505)
   (-1.14201,-0.150313)
   (-1.17144,-0.159987)
   (-1.20267,-0.170643)
   (-1.23588,-0.182416)
   (-1.27126,-0.195467)
   (-1.30903,-0.209988)
   (-1.34942,-0.226203)
   (-1.39271,-0.244384)
   (-1.43921,-0.264857)
   (-1.48926,-0.288019)
   (-1.54326,-0.314352)
   (-1.60166,-0.344449)
   (-1.66497,-0.379047)
   (-1.73374,-0.419063)
   (-1.80862,-0.465655)
   (-1.89029,-0.520289)
    (-1.97949,-0.58485)
   (-2.07698,-0.661769)
   (-2.18346,-0.754222)
   (-2.29944,-0.866381)
      (-2.425,-1.00376)
    (-2.55933,-1.17369)
    (-2.69991,-1.38585)
    (-2.84104,-1.65285)
    (-2.97129,-1.99052)
    (-3.06929,-2.41703)
    (-3.09752,-2.94892)
    (-2.99563,-3.58996)
    (-2.68044,-4.30837)
    (-2.07028,-5.00527)
     (-1.1507,-5.50595)
  (-0.0472745,-5.63017)
     (1.00142,-5.32572)
     (1.79259,-4.71534)
     (2.26675,-3.99182)
     (2.47795,-3.29975)
     (2.51404,-2.70522)
     (2.44931,-2.22093)
     (2.33351,-1.83552)
     (2.19628,-1.53092)
     (2.05402,-1.28973)
     (1.91527,-1.09751)
    (1.78411,-0.942981)
    (1.66217,-0.817566)
    (1.54981,-0.714787)
     (1.44672,-0.62976)
    (1.35228,-0.558784)
    (1.26575,-0.499034)
    (1.18639,-0.448335)
    (1.11346,-0.405001)
    (1.04631,-0.367709)
   (0.984318,-0.335414)
   (0.926958,-0.307283)
   (0.873745,-0.282648)
   (0.824255,-0.260966)
   (0.778113,-0.241795)
   (0.734985,-0.224771)
    (0.69458,-0.209594)
   (0.656638,-0.196015)
   (0.620927,-0.183822)
   (0.587244,-0.172841)
   (0.555405,-0.162922)
   (0.525249,-0.153937)
     (0.49663,-0.14578)
   (0.469416,-0.138356)
   (0.443491,-0.131585)
   (0.418748,-0.125398)
   (0.395092,-0.119736)
   (0.372436,-0.114545)
     (0.3507,-0.109779)
   (0.329814,-0.105399)
   (0.309711,-0.101369)
  (0.290331,-0.0976588)
  (0.271619,-0.0942399)
  (0.253525,-0.0910883)
  (0.236002,-0.0881826)
  (0.219006,-0.0855036)
  (0.202497,-0.0830344)
  (0.186438,-0.0807598)
  (0.170794,-0.0786665)
  (0.155533,-0.0767423)
  (0.140623,-0.0749768)
  (0.126036,-0.0733605)
   (0.111744,-0.071885)
 (0.0977228,-0.0705429)
 (0.0839467,-0.0693277)
 (0.0703924,-0.0682337)
  (0.0570374,-0.067256)
 (0.0438601,-0.0663905)
 (0.0308395,-0.0656334)
  (0.0179553,-0.064982)
(0.00518765,-0.0644338)
 (-0.007483,-0.0639872)
 (-0.0200758,-0.063641)
(-0.0326099,-0.0633946)
 (-0.0451041,-0.063248)
(-0.0575775,-0.0632018)
(-0.0700493,-0.0632572)
(-0.0825387,-0.0634159)
(-0.0950655,-0.0636805)
  (-0.10765,-0.0640541)
 (-0.120313,-0.0645406)
  (-0.133076,-0.065145)
 (-0.145961,-0.0658728)
 (-0.158993,-0.0667309)
 (-0.172194,-0.0677271)
 (-0.185593,-0.0688706)
 (-0.199216,-0.0701721)
 (-0.213093,-0.0716441)
 (-0.227255,-0.0733008)
 (-0.241737,-0.0751589)
 (-0.256577,-0.0772379)
 (-0.271812,-0.0795602)
 (-0.287489,-0.0821524)
 (-0.303653,-0.0850453)
 (-0.320358,-0.0882755)
  (-0.33766,-0.0918863)
 (-0.355622,-0.0959293)
  (-0.374314,-0.100467)
  (-0.393809,-0.105573)
    (-0.41419,-0.11134)
   (-0.435541,-0.11788)
  (-0.457951,-0.125331)
   (-0.481501,-0.13386)
   (-0.50626,-0.143672)
  (-0.532261,-0.155001)
   (-0.55948,-0.168092)
  (-0.587824,-0.183146)
   (-0.617183,-0.20022)
   (-0.64761,-0.219168)
    (-0.679621,-0.2398)
   (-0.714254,-0.26237)
  (-0.752631,-0.287971)
   (-0.79541,-0.318385)
  (-0.842679,-0.355682)
  (-0.894142,-0.402118)
  (-0.949176,-0.460332)
    (-1.0066,-0.533641)
   (-1.06413,-0.626288)
   (-1.11743,-0.743494)
   (-1.15856,-0.890979)
    (-1.17394,-1.07318)
    (-1.14259,-1.28879)
    (-1.03782,-1.52247)
   (-0.838792,-1.73583)
   (-0.553914,-1.87122)
   (-0.236826,-1.88277)
   (0.0370634,-1.77441)
     (0.218816,-1.5972)
    (0.304745,-1.40977)
    (0.318149,-1.25026)
    (0.287083,-1.13497)
    (0.234813,-1.06763)
    (0.179673,-1.04699)
    (0.138206,-1.06953)
    (0.128005,-1.12799)
    (0.167206,-1.20637)
    (0.266835,-1.27528)
     (0.416739,-1.2971)
     (0.58014,-1.24722)
    (0.713121,-1.13338)
   (0.792097,-0.987433)
   (0.819212,-0.840783)
   (0.809174,-0.711242)
   (0.777171,-0.604412)
   (0.734363,-0.519398)
   (0.687885,-0.452912)
   (0.642061,-0.401154)
   (0.599352,-0.360348)
   (0.560689,-0.326879)
    (0.525511,-0.29775)
   (0.492299,-0.271307)
   (0.459694,-0.247345)
    (0.427198,-0.22631)
   (0.394981,-0.208517)
   (0.363406,-0.193943)
   (0.332763,-0.182369)
   (0.303225,-0.173542)
   (0.274905,-0.167263)
   (0.247935,-0.163411)
   (0.222555,-0.161906)
   (0.199177,-0.162601)
   (0.178376,-0.165074)
   (0.160631,-0.168392)
    (0.145766,-0.17116)
    (0.13252,-0.172261)
   (0.119092,-0.171847)
   (0.104428,-0.171355)
   (0.0888847,-0.17246)
  (0.0738861,-0.176109)
  (0.0612726,-0.182099)
  (0.0525806,-0.188947)
  (0.0481553,-0.194189)
  (0.0465814,-0.195447)
  (0.0451854,-0.191695)
   (0.041296,-0.183689)
  (0.0333331,-0.173412)
    (0.02113,-0.163014)
 (0.00546176,-0.154019)
 (-0.0126148,-0.147168)
 (-0.0321746,-0.142619)
 (-0.0526003,-0.140212)
  (-0.073591,-0.139735)
 (-0.0950233,-0.141097)
  (-0.116756,-0.144345)
  (-0.138522,-0.149523)
  (-0.159973,-0.156509)
  (-0.180868,-0.164909)
  (-0.201382,-0.174161)
  (-0.222245,-0.183992)
  (-0.244362,-0.194879)
  (-0.268166,-0.208001)
   (-0.293282,-0.22475)
  (-0.318568,-0.246257)
  (-0.342289,-0.273045)
  (-0.362443,-0.304641)
  (-0.377547,-0.339353)
  (-0.387668,-0.374972)
  (-0.394302,-0.410486)
  (-0.398307,-0.446766)
   (-0.398359,-0.48448)
  (-0.392758,-0.521581)
  (-0.383083,-0.554358)
  (-0.374617,-0.582071)
  (-0.371685,-0.609432)
  (-0.373431,-0.643536)
  (-0.374022,-0.689543)
  (-0.364709,-0.748375)
  (-0.336262,-0.815086)
  (-0.283365,-0.878355)
  (-0.209553,-0.924551)
  (-0.126685,-0.945623)
 (-0.0476322,-0.942935)
  (0.0196805,-0.923598)
  (0.0727073,-0.895908)
   (0.113241,-0.866919)
    (0.14567,-0.840451)
   (0.174054,-0.817017)
   (0.201063,-0.796022)
    (0.22949,-0.776357)
   (0.261963,-0.754228)
   (0.296958,-0.723205)
   (0.326858,-0.679717)
    (0.34316,-0.627819)
   (0.343122,-0.576431)
   (0.330409,-0.533013)
   (0.311148,-0.500405)
   (0.290215,-0.477783)
   (0.270137,-0.463344)
   (0.252448,-0.456076)
   (0.239432,-0.455164)
   (0.233985,-0.458072)
    (0.23723,-0.459788)
   (0.246176,-0.455213)
   (0.255086,-0.443112)
   (0.260018,-0.426518)
   (0.260849,-0.408982)
   (0.259144,-0.391865)
   (0.255761,-0.374908)
   (0.250468,-0.357826)
   (0.242735,-0.341034)
    (0.232464,-0.32547)
   (0.220285,-0.312044)
   (0.207319,-0.300987)
   (0.194391,-0.291642)
   (0.181355,-0.283117)
    (0.167355,-0.27524)
   (0.151742,-0.268812)
   (0.134714,-0.265069)
   (0.117354,-0.265024)
   (0.101378,-0.268962)
  (0.0886259,-0.276085)
   (0.0803225,-0.28454)
  (0.0764871,-0.291933)
  (0.0757222,-0.296148)
  (0.0755922,-0.296269)
  (0.0737063,-0.293031)
   (0.0687697,-0.28821)
    (0.0606487,-0.2836)
  (0.0498628,-0.280634)
  (0.0373966,-0.280424)
  (0.0247409,-0.283582)
  (0.0136655,-0.289819)
 (0.00556132,-0.297716)
(0.000561628,-0.305134)
(-0.00276769,-0.310442)
(-0.00640227,-0.313577)
 (-0.0114901,-0.315598)
   (-0.018263,-0.31755)
 (-0.0266728,-0.320193)
 (-0.0365437,-0.324246)
 (-0.0474598,-0.330387)
  (-0.058772,-0.339151)
 (-0.0696102,-0.350832)
 (-0.0790418,-0.365336)
  (-0.0863272,-0.38229)
 (-0.0908445,-0.401294)
 (-0.0918461,-0.421797)
 (-0.0886214,-0.442721)
  (-0.081064,-0.462471)
   (-0.0700307,-0.4795)
   (-0.05715,-0.492971)
  (-0.044258,-0.503214)
 (-0.0324191,-0.511731)
 (-0.0211117,-0.520198)
(-0.00865718,-0.529037)
 (0.00625307,-0.536885)
   (0.023065,-0.541623)
  (0.0394442,-0.542509)
  (0.0535523,-0.541154)
  (0.0658323,-0.539595)
  (0.0777353,-0.538156)
  (0.0896874,-0.536065)
   (0.101254,-0.533104)
    (0.11236,-0.529649)
    (0.12341,-0.525768)
   (0.134559,-0.521054)
   (0.145466,-0.515268)
   (0.155914,-0.508705)
   (0.166387,-0.501593)
    (0.17758,-0.493164)
   (0.189066,-0.481759)
   (0.198652,-0.466375)
   (0.203641,-0.448193)
   (0.202933,-0.430178)
     (0.1977,-0.415118)
   (0.190254,-0.404252)
   (0.182723,-0.397387)
   (0.176583,-0.393596)
   (0.172723,-0.391597)
   (0.171379,-0.389874)
   (0.171948,-0.386978)
   (0.173072,-0.382142)
   (0.173365,-0.375682)
    (0.17218,-0.368567)
   (0.169633,-0.361641)
   (0.166123,-0.355334)
   (0.162053,-0.349754)
   (0.157708,-0.344795)
   (0.153153,-0.340258)
   (0.148251,-0.336083)
   (0.142912,-0.332457)
    (0.13731,-0.329619)
   (0.131801,-0.327582)
   (0.126634,-0.326066)
   (0.121745,-0.324718)
   (0.116855,-0.323389)
   (0.111703,-0.322155)
   (0.106097,-0.321219)
  (0.0999545,-0.320959)
  (0.0935173,-0.321844)
  (0.0873896,-0.324118)
  (0.0822772,-0.327566)
  (0.0786442,-0.331531)
  (0.0764532,-0.335175)
  (0.0751661,-0.337877)
  (0.0740643,-0.339474)
  (0.0725624,-0.340145)
    (0.0702102,-0.3402)
  (0.0665953,-0.340135)
  (0.0615354,-0.340802)
  (0.0554997,-0.343218)
  (0.0496848,-0.347907)
  (0.0453971,-0.354407)
   (0.0432461,-0.36152)
  (0.0429095,-0.368092)
  (0.0435618,-0.373567)
   (0.0444085,-0.37798)
  (0.0449107,-0.381701)
   (0.044805,-0.385264)
  (0.0441417,-0.389272)
  (0.0433327,-0.394232)
  (0.0430494,-0.400318)
  (0.0439618,-0.407276)
  (0.0464819,-0.414518)
   (0.0506313,-0.42135)
   (0.056098,-0.427227)
  (0.0624149,-0.431871)
   (0.0691501,-0.43527)
  (0.0760517,-0.437529)
  (0.0829795,-0.438653)
  (0.0896354,-0.438563)
   (0.0955135,-0.43743)
   (0.100286,-0.435877)
   (0.104227,-0.434661)
   (0.108151,-0.434071)
   (0.112821,-0.433621)
   (0.118333,-0.432357)
    (0.123977,-0.42957)
   (0.128749,-0.425328)
   (0.132069,-0.420364)
   (0.134043,-0.415433)
   (0.135073,-0.410866)
   (0.135433,-0.406699)
   (0.135282,-0.402967)
   (0.134827,-0.399662)
   (0.134197,-0.396595)
   (0.133255,-0.393587)
    (0.13173,-0.390715)
   (0.129494,-0.388328)
   (0.126734,-0.386851)
   (0.123926,-0.386505)
    (0.12158,-0.387176)
   (0.120039,-0.388539)
   (0.119473,-0.390179)
   (0.119845,-0.391656)
   (0.120936,-0.392639)
   (0.122496,-0.392961)
   (0.124319,-0.392482)
   (0.126113,-0.391023)
    (0.127386,-0.38853)
   (0.127605,-0.385273)
   (0.126456,-0.381811)
   (0.123971,-0.378779)
    (0.120493,-0.37669)
   (0.116564,-0.375781)
    (0.11271,-0.375946)
   (0.109226,-0.376834)
    (0.10609,-0.378093)
   (0.103099,-0.379575)
   (0.100085,-0.381366)
  (0.0970614,-0.383652)
  (0.0942097,-0.386554)
  (0.0917991,-0.390028)
  (0.0900358,-0.393806)
  (0.0888564,-0.397493)
  (0.0878744,-0.400851)
   (0.086611,-0.404039)
  (0.0848333,-0.407579)
   (0.082801,-0.412083)
  (0.0812224,-0.417807)
  (0.0808056,-0.424372)
   (0.0817178,-0.43101)
  (0.0835112,-0.437179)
  (0.0855873,-0.442932)
  (0.0877156,-0.448763)
   (0.0902229,-0.45515)
   (0.093786,-0.462118)
   (0.0989417,-0.46912)
   (0.105727,-0.475374)
   (0.113766,-0.480263)
   (0.122523,-0.483407)
   (0.131325,-0.484582)
     (0.1393,-0.483895)
   (0.145671,-0.482027)
   (0.150253,-0.480052)
   (0.153566,-0.478845)
     (0.1564,-0.478691)
   (0.159342,-0.479424)
   (0.162675,-0.480784)
   (0.166569,-0.482609)
    (0.171258,-0.48475)
   (0.177022,-0.486894)
   (0.183988,-0.488497)
   (0.191936,-0.488931)
   (0.200282,-0.487752)
   (0.208267,-0.484936)
   (0.215305,-0.480894)
    (0.22122,-0.476188)
   (0.226139,-0.471202)
   (0.230209,-0.466068)
    (0.233419,-0.46084)
   (0.235672,-0.455692)
    (0.23695,-0.450957)
    (0.237465,-0.44703)
    (0.237685,-0.44415)
   (0.238134,-0.442221)
   (0.239133,-0.440929)
   (0.240821,-0.439968)
   (0.243312,-0.439036)
     (0.246633,-0.4377)
   (0.250534,-0.435481)
     (0.2545,-0.432116)
   (0.257993,-0.427671)
   (0.260652,-0.422403)
   (0.262256,-0.416578)
   (0.262597,-0.410481)
   (0.261509,-0.404514)
   (0.258985,-0.399207)
   (0.255285,-0.395111)
   (0.250946,-0.392609)
      (0.2466,-0.39175)
   (0.242746,-0.392319)
   (0.239701,-0.394009)
   (0.237664,-0.396483)
    (0.236697,-0.39937)
   (0.236689,-0.402362)
   (0.237462,-0.405334)
   (0.238946,-0.408302)
   (0.241229,-0.411252)
   (0.244453,-0.414019)
   (0.248668,-0.416286)
   (0.253741,-0.417682)
    (0.259345,-0.41791)
   (0.265022,-0.416849)
   (0.270305,-0.414618)
   (0.274873,-0.411539)
     (0.27864,-0.40798)
   (0.281675,-0.404192)
     (0.284035,-0.4003)
   (0.285705,-0.396433)
   (0.286697,-0.392811)
   (0.287144,-0.389677)
   (0.287295,-0.387233)
   (0.287529,-0.385586)
   (0.288336,-0.384626)
   (0.290155,-0.383906)
   (0.293098,-0.382676)
   (0.296744,-0.380165)
   (0.300179,-0.375987)
   (0.302386,-0.370445)
   (0.302765,-0.364423)
   (0.301385,-0.358936)
   (0.298846,-0.354685)
   (0.295928,-0.351867)
   (0.293251,-0.350252)
   (0.291124,-0.349432)
   (0.289589,-0.349049)
    (0.28858,-0.348891)
    (0.28806,-0.348848)
   (0.288047,-0.348791)
   (0.288519,-0.348507)
   (0.289313,-0.347763)
   (0.290116,-0.346425)
    (0.290543,-0.34456)
    (0.29027,-0.342479)
   (0.289215,-0.340692)
   (0.287661,-0.339709)
   (0.286212,-0.339763)
   (0.285535,-0.340625)
      (0.286,-0.341647)
   (0.287463,-0.342088)
    (0.289354,-0.34148)
   (0.290982,-0.339812)
    (0.29184,-0.337449)
   (0.291744,-0.334886)
   (0.290754,-0.332543)
   (0.289027,-0.330732)
   (0.286777,-0.329702)
   (0.284297,-0.329658)
    (0.282006,-0.33071)
    (0.28042,-0.332741)
   (0.279961,-0.335319)
   (0.280736,-0.337809)
   (0.282483,-0.339621)
   (0.284661,-0.340403)
    (0.286625,-0.34015)
    (0.28784,-0.339209)
   (0.288044,-0.338148)
   (0.287314,-0.337582)
   (0.286038,-0.337987)
   (0.284789,-0.339544)
   (0.284104,-0.342094)
    (0.28428,-0.345263)
    (0.28534,-0.348694)
   (0.287183,-0.352225)
   (0.289819,-0.355844)
   (0.293435,-0.359472)
   (0.298244,-0.362799)
   (0.304255,-0.365297)
   (0.311116,-0.366426)
    (0.318165,-0.36593)
    (0.32472,-0.363987)
   (0.330359,-0.361085)
   (0.335005,-0.357787)
    (0.338874,-0.35454)
   (0.342353,-0.351543)
   (0.345805,-0.348708)
   (0.349415,-0.345754)
    (0.35312,-0.342368)
   (0.356669,-0.338359)
   (0.359741,-0.333716)
   (0.362049,-0.328605)
    (0.363416,-0.32331)
   (0.363792,-0.318173)
   (0.363272,-0.313553)
     (0.36213,-0.30977)
   (0.360807,-0.306971)
    (0.359766,-0.30502)
   (0.359276,-0.303549)
   (0.359338,-0.302163)
   (0.359773,-0.300586)
   (0.360327,-0.298683)
   (0.360719,-0.296458)
   (0.360696,-0.294066)
    (0.36011,-0.291799)
   (0.358998,-0.290026)
    (0.357606,-0.28908)
   (0.356369,-0.289155)
   (0.355849,-0.290198)
   (0.356578,-0.291794)
    (0.358773,-0.29319)
   (0.362112,-0.293605)
   (0.365852,-0.292642)
   (0.369231,-0.290447)
   (0.371815,-0.287515)
   (0.373543,-0.284364)
    (0.374574,-0.28135)
   (0.375111,-0.278657)
   (0.375323,-0.276389)
   (0.375386,-0.274647)
   (0.375549,-0.273496)
   (0.376123,-0.272886)
    (0.377418,-0.27259)
   (0.379615,-0.272189)
   (0.382629,-0.271159)
   (0.386054,-0.269082)
   (0.389289,-0.265848)
   (0.391794,-0.261709)
   (0.393284,-0.257136)
   (0.393765,-0.252608)
    (0.393418,-0.24848)
      (0.3925,-0.24498)
   (0.391312,-0.242234)
    (0.39019,-0.240241)
   (0.389438,-0.238843)
   (0.389238,-0.237756)
   (0.389596,-0.236652)
   (0.390348,-0.235282)
    (0.391256,-0.23354)
   (0.392104,-0.231458)
   (0.392745,-0.229138)
   (0.393091,-0.226708)
   (0.393084,-0.224332)
   (0.392749,-0.222232)
   (0.392276,-0.220628)
   (0.392003,-0.219585)
   (0.392278,-0.218921)
   (0.393263,-0.218244)
    (0.394835,-0.21713)
    (0.39662,-0.215322)
    (0.398163,-0.21287)
    (0.399173,-0.21011)
   (0.399664,-0.207457)
   (0.399916,-0.205176)
   (0.400271,-0.203259)
   (0.400943,-0.201493)
   (0.401942,-0.199612)
   (0.403119,-0.197436)
   (0.404277,-0.194942)
    (0.40529,-0.192226)
   (0.406157,-0.189404)
   (0.406954,-0.186501)
   (0.407715,-0.183433)
   (0.408338,-0.180087)
   (0.408609,-0.176476)
   (0.408348,-0.172794)
   (0.407544,-0.169333)
   (0.406369,-0.166338)
   (0.405097,-0.163907)
   (0.403982,-0.161979)
   (0.403192,-0.160405)
   (0.402811,-0.159013)
   (0.402867,-0.157628)
   (0.403329,-0.156066)
   (0.404085,-0.154154)
   (0.404935,-0.151786)
    (0.405641,-0.14899)
   (0.406042,-0.145926)
   (0.406119,-0.142792)
   (0.405962,-0.139716)
    (0.40568,-0.136724)
   (0.405338,-0.133782)
   (0.404951,-0.130853)
    (0.404525,-0.12792)
   (0.404071,-0.124954)
   (0.403581,-0.121898)
   (0.402985,-0.118698)
   (0.402164,-0.115355)
   (0.401003,-0.111967)
    (0.39947,-0.108707)
   (0.397656,-0.105736)
   (0.395727,-0.103126)
   (0.393846,-0.100834)
  (0.392101,-0.0987456)
  (0.390491,-0.0967405)
  (0.388954,-0.0947475)
  (0.387415,-0.0927619)
  (0.385833,-0.0908238)
  (0.384211,-0.0889839)
  (0.382586,-0.0872745)
  (0.381005,-0.0856926)
  (0.379494,-0.0842066)
  (0.378041,-0.0827926)
    (0.37663,-0.081472)
   (0.375299,-0.080295)
  (0.374154,-0.0792679)
  (0.373304,-0.0782989)
  (0.372781,-0.0772229)
  (0.372506,-0.0758821)
  (0.372334,-0.0741895)
  (0.372108,-0.0721389)
  (0.371694,-0.0697881)
  (0.371003,-0.0672383)
  (0.369999,-0.0646075)
  (0.368697,-0.0620042)
  (0.367144,-0.0595079)
  (0.365401,-0.0571665)
  (0.363526,-0.0550019)
  (0.361571,-0.0530202)
  (0.359582,-0.0512185)
  (0.357606,-0.0495817)
  (0.355679,-0.0480787)
   (0.35382,-0.0466648)
  (0.352023,-0.0452955)
  (0.350257,-0.0439438)
  (0.348489,-0.0426096)
  (0.346701,-0.0413137)
  (0.344893,-0.0400833)
   (0.34309,-0.0389363)
   (0.341321,-0.037869)
  (0.339607,-0.0368584)
  (0.337951,-0.0358755)
   (0.336338,-0.034899)
   (0.33475,-0.0339208)
   (0.33317,-0.0329424)
  (0.331589,-0.0319699)
  (0.329998,-0.0310118)
  (0.328394,-0.0300795)
  (0.326779,-0.0291863)
  (0.325166,-0.0283427)
  (0.323569,-0.0275517)
  (0.322006,-0.0268074)
  (0.320488,-0.0260961)
  (0.319023,-0.0253978)
  (0.317603,-0.0246888)
   (0.31621,-0.0239502)
  (0.314815,-0.0231777)
  (0.313393,-0.0223837)
  (0.311929,-0.0215902)
  (0.310422,-0.0208219)
  (0.308881,-0.0201011)
  (0.307326,-0.0194425)
  (0.305781,-0.0188484)
  (0.304264,-0.0183094)
  (0.302789,-0.0178081)
  (0.301354,-0.0173248)
  (0.299948,-0.0168459)
  (0.298555,-0.0163704)
   (0.297167,-0.015909)
   (0.29579,-0.0154731)
  (0.294436,-0.0150628)
  (0.293115,-0.0146655)
  (0.291821,-0.0142653)
  (0.290537,-0.0138563)
  (0.289249,-0.0134479)
  (0.287955,-0.0130555)
  (0.286666,-0.0126889)
  (0.285394,-0.0123473)
  (0.284146,-0.0120215)
   (0.282922,-0.011701)
  (0.281713,-0.0113801)
  (0.280512,-0.0110597)
  (0.279316,-0.0107445)
  (0.278124,-0.0104386)
  (0.276939,-0.0101435)
 (0.275763,-0.00985836)
 (0.274593,-0.00958292)
 (0.273431,-0.00931807)
 (0.272276,-0.00906535)
 (0.271129,-0.00882577)
 (0.269993,-0.00859948)
 (0.268869,-0.00838568)
 (0.267758,-0.00818243)
  (0.26666,-0.00798761)
 (0.265574,-0.00780035)
  (0.264498,-0.0076213)
 (0.263433,-0.00745137)
 (0.262379,-0.00729055)
 (0.261337,-0.00713833)
  (0.260307,-0.0069946)
 (0.259289,-0.00685979)
 (0.258285,-0.00673381)
 (0.257298,-0.00661506)
 (0.256327,-0.00650046)
 (0.255373,-0.00638647)
 (0.254431,-0.00627076)
 (0.253499,-0.00615327)
 (0.252574,-0.00603579)
 (0.251656,-0.00592046)
 (0.250745,-0.00580819)
 (0.249842,-0.00569871)
 (0.248947,-0.00559168)
 (0.248058,-0.00548758)
  (0.247175,-0.0053875)
   (0.2463,-0.00529233)
 (0.245433,-0.00520208)
 (0.244576,-0.00511587)
 (0.243727,-0.00503271)
 (0.242887,-0.00495209)
  (0.242055,-0.0048742)
 (0.241231,-0.00479934)
 (0.240416,-0.00472715)
  (0.23961,-0.00465653)
 (0.238813,-0.00458641)
 (0.238022,-0.00451643)
 (0.237238,-0.00444691)
 (0.236459,-0.00437851)
 (0.235686,-0.00431194)
 (0.234917,-0.00424777)
 (0.234155,-0.00418634)
 (0.233399,-0.00412774)
 (0.232649,-0.00407181)
 (0.231906,-0.00401824)
  (0.23117,-0.00396685)
 (0.230439,-0.00391762)
  (0.229716,-0.0038706)
 (0.228999,-0.00382568)
 (0.228289,-0.00378244)
 (0.227586,-0.00374042)
  (0.22689,-0.00369931)
     (0.2262,-0.003659)
 (0.225516,-0.00361939)
 (0.224838,-0.00358032)
 (0.224166,-0.00354158)
 (0.223499,-0.00350311)
  (0.222837,-0.0034651)
 (0.222179,-0.00342795)
 (0.221526,-0.00339199)
 (0.220878,-0.00335736)
 (0.220234,-0.00332399)
 (0.219596,-0.00329177)
 (0.218963,-0.00326064)
 (0.218335,-0.00323052)
 (0.217713,-0.00320129)
 (0.217095,-0.00317276)
 (0.216482,-0.00314478)
 (0.215874,-0.00311726)
 (0.215271,-0.00309027)
 (0.214671,-0.00306391)
 (0.214077,-0.00303826)
 (0.213487,-0.00301325)
 (0.212902,-0.00298872)
 (0.212321,-0.00296452)
 (0.211744,-0.00294061)
 (0.211171,-0.00291701)
 (0.210603,-0.00289377)
 (0.210038,-0.00287094)
  (0.209478,-0.0028485)
  (0.208921,-0.0028264)
 (0.208369,-0.00280455)
  (0.20782,-0.00278288)
 (0.207275,-0.00276138)
 (0.206734,-0.00274009)
 (0.206196,-0.00271911)
 (0.205661,-0.00269852)
  (0.20513,-0.00267837)
 (0.204602,-0.00265865)
 (0.204078,-0.00263933)
 (0.203557,-0.00262037)
  (0.20304,-0.00260175)
 (0.202526,-0.00258342)
  (0.202016,-0.0025654)
 (0.201508,-0.00254767)
 (0.201004,-0.00253023)
 (0.200503,-0.00251307)
 (0.200005,-0.00249622)
 (0.199511,-0.00247966)
 (0.199019,-0.00246338)
 (0.198531,-0.00244736)
  (0.198046,-0.0024316)
 (0.197563,-0.00241605)
 (0.197084,-0.00240073)
 (0.196608,-0.00238561)
 (0.196134,-0.00237068)
 (0.195664,-0.00235593)
 (0.195196,-0.00234136)
 (0.194731,-0.00232696)
 (0.194269,-0.00231273)
 (0.193809,-0.00229868)
 (0.193353,-0.00228481)
  (0.192898,-0.0022711)
 (0.192447,-0.00225754)
 (0.191998,-0.00224413)
 (0.191552,-0.00223087)
 (0.191109,-0.00221774)
 (0.190667,-0.00220476)
 (0.190229,-0.00219194)
 (0.189793,-0.00217926)
 (0.189359,-0.00216674)
 (0.188928,-0.00215437)
 (0.188499,-0.00214214)
 (0.188072,-0.00213005)
 (0.187648,-0.00211809)
 (0.187227,-0.00210627)
  (0.186807,-0.0020946)
  (0.18639,-0.00208306)
 (0.185975,-0.00207166)
 (0.185562,-0.00206038)
 (0.185152,-0.00204923)
 (0.184744,-0.00203818)
 (0.184338,-0.00202725)
 (0.183934,-0.00201642)
 (0.183532,-0.00200569)
 (0.183133,-0.00199507)
 (0.182735,-0.00198456)
  (0.18234,-0.00197414)
 (0.181946,-0.00196382)
  (0.181555,-0.0019536)
 (0.181166,-0.00194346)
 (0.180778,-0.00193342)
 (0.180393,-0.00192347)
  (0.18001,-0.00191361)
 (0.179628,-0.00190384)
 (0.179249,-0.00189416)
 (0.178871,-0.00188457)
 (0.178496,-0.00187506)
 (0.178122,-0.00186564)
  (0.17775,-0.00185631)
  (0.17738,-0.00184706)
 (0.177012,-0.00183789)
 (0.176645,-0.00182882)
 (0.176281,-0.00181982)
  (0.175918,-0.0018109)
 (0.175557,-0.00180207)
 (0.175197,-0.00179331)
  (0.17484,-0.00178463)
 (0.174484,-0.00177602)
  (0.17413,-0.00176749)
 (0.173777,-0.00175904)
 (0.173426,-0.00175066)
 (0.173077,-0.00174235)
  (0.17273,-0.00173411)
 (0.172384,-0.00172594)
  (0.17204,-0.00171783)
  (0.171697,-0.0017098)
 (0.171356,-0.00170183)
 (0.171017,-0.00169392)
 (0.170679,-0.00168608)
 (0.170342,-0.00167831)
 (0.170008,-0.00167059)
 (0.169674,-0.00166294)
 (0.169343,-0.00165535)
 (0.169013,-0.00164782)
 (0.168684,-0.00164035)
 (0.168357,-0.00163294)
 (0.168031,-0.00162558)
 (0.167707,-0.00161829)
 (0.167384,-0.00161105)
 (0.167062,-0.00160386)
 (0.166742,-0.00159673)
 (0.166424,-0.00158966)
 (0.166107,-0.00158264)
 (0.165791,-0.00157567)
 (0.165477,-0.00156876)
  (0.165164,-0.0015619)
 (0.164852,-0.00155509)
 (0.164542,-0.00154834)
 (0.164233,-0.00154163)
 (0.163925,-0.00153497)
 (0.163619,-0.00152837)
 (0.163314,-0.00152181)
  (0.163011,-0.0015153)
 (0.162708,-0.00150884)
 (0.162407,-0.00150242)
 (0.162107,-0.00149606)
 (0.161809,-0.00148973)
 (0.161512,-0.00148346)
 (0.161216,-0.00147723)
 (0.160921,-0.00147104)
  (0.160627,-0.0014649)
  (0.160335,-0.0014588)
 (0.160044,-0.00145275)
 (0.159754,-0.00144674)
 (0.159466,-0.00144077)
 (0.159178,-0.00143484)
 (0.158892,-0.00142895)
 (0.158607,-0.00142311)
  (0.158323,-0.0014173)
  (0.15804,-0.00141153)
 (0.157758,-0.00140581)
 (0.157478,-0.00140012)
 (0.157198,-0.00139448)
  (0.15692,-0.00138887)
  (0.156643,-0.0013833)
 (0.156367,-0.00137777)
 (0.156092,-0.00137227)
 (0.155818,-0.00136681)
 (0.155545,-0.00136139)
 (0.155274,-0.00135601)
 (0.155003,-0.00135066)
 (0.154733,-0.00134534)
 (0.154465,-0.00134007)
 (0.154197,-0.00133482)
 (0.153931,-0.00132961)
 (0.153666,-0.00132444)
  (0.153401,-0.0013193)
 (0.153138,-0.00131419)
 (0.152876,-0.00130912)