0.00124007
0.00124827
0.00125655
0.00126492
0.00127338
0.00128193
0.00129057
 0.0012993
0.00130812
0.00131704
0.00132606
0.00133518
0.00134439
0.00135371
0.00136312
0.00137265
0.00138227
0.00139201
0.00140185
0.00141181
0.00142187
0.00143205
0.00144235
0.00145276
 0.0014633
0.00147395
0.00148473
0.00149563
0.00150666
0.00151782
0.00152911
0.00154054
 0.0015521
0.00156379
0.00157563
0.00158761
0.00159974
0.00161201
0.00162443
  0.001637
0.00164973
0.00166262
0.00167566
0.00168887
0.00170224
0.00171579
 0.0017295
0.00174339
0.00175745
 0.0017717
0.00178613
0.00180074
0.00181555
0.00183055
0.00184574
0.00186114
0.00187674
0.00189255
0.00190857
0.00192481
0.00194126
0.00195794
0.00197485
0.00199199
0.00200937
0.00202698
0.00204485
0.00206296
0.00208133
0.00209995
0.00211885
0.00213801
0.00215745
0.00217717
0.00219718
0.00221748
0.00223807
0.00225897
0.00228019
0.00230171
0.00232357
0.00234575
0.00236827
0.00239113
0.00241434
0.00243791
0.00246185
0.00248616
0.00251085
0.00253593
0.00256141
 0.0025873
 0.0026136
0.00264033
0.00266749
 0.0026951
0.00272316
0.00275168
0.00278068
0.00281017
0.00284015
0.00287064
0.00290165
0.00293319
0.00296528
0.00299792
0.00303114
0.00306494
0.00309934
0.00313435
0.00316999
0.00320627
0.00324322
0.00328084
0.00331915
0.00335817
0.00339792
0.00343842
0.00347968
0.00352173
0.00356459
0.00360827
0.00365281
0.00369821
0.00374451
0.00379173
 0.0038399
0.00388903
0.00393916
0.00399032
0.00404253
0.00409582
0.00415023
0.00420578
0.00426252
0.00432046
0.00437965
0.00444013
0.00450193
0.00456509
0.00462965
0.00469566
0.00476317
 0.0048322
0.00490282
0.00497508
0.00504902
 0.0051247
0.00520217
0.00528149
0.00536273
0.00544595
 0.0055312
0.00561857
0.00570811
0.00579991
0.00589405
0.00599059
0.00608964
0.00619127
0.00629558
0.00640266
0.00651261
0.00662555
0.00674158
0.00686081
0.00698337
0.00710937
0.00723897
0.00737228
0.00750947
0.00765068
0.00779606
0.00794581
0.00810007
0.00825906
0.00842295
0.00859196
0.00876631
0.00894621
0.00913193
 0.0093237
0.00952181
0.00972653
0.00993816
  0.010157
 0.0103835
 0.0106178
 0.0108605
 0.0111118
 0.0113723
 0.0116424
 0.0119225
 0.0122131
 0.0125149
 0.0128284
 0.0131541
 0.0134928
 0.0138452
 0.0142119
 0.0145939
 0.0149919
 0.0154069
 0.0158398
 0.0162918
 0.0167639
 0.0172573
 0.0177735
 0.0183138
 0.0188796
 0.0194728
  0.020095
 0.0207483
 0.0214346
 0.0221564
  0.022916
 0.0237162
 0.0245599
 0.0254504
 0.0263911
 0.0273859
 0.0284391
 0.0295553
 0.0307396
 0.0319977
 0.0333359
 0.0347611
 0.0362809
  0.037904
 0.0396399
 0.0414993
 0.0434941
 0.0456378
 0.0479455
 0.0504343
 0.0531236
 0.0560354
 0.0591949
 0.0626307
 0.0663758
 0.0704682
 0.0749519
  0.079878
 0.0853061
 0.0913061
 0.0979601
  0.105366
  0.113639
  0.122919
  0.133372
  0.145203
  0.158657
  0.174041
  0.191731
  0.212198
  0.236036
  0.263998
  0.297052
  0.336446
   0.38381
  0.441289
  0.511718
  0.598858
  0.707682
  0.844666
   1.01793
   1.23676
   1.50952
   1.83788
   2.20502
   2.55951
   2.81151
   2.86976
   2.70972
   2.39568
   2.02602
   1.67362
   1.37141
   1.12541
  0.929692
  0.775003
  0.652491
  0.554822
  0.476277
  0.412502
  0.360213
  0.316935
  0.280789
  0.250342
  0.224491
  0.202379
  0.183335
   0.16683
  0.152439
  0.139822
  0.128705
  0.118862
  0.110109
  0.102292
 0.0952848
 0.0889805
 0.0832892
 0.0781351
 0.0734532
 0.0691885
 0.0652933
 0.0617268
 0.0584533
 0.0554422
 0.0526665
 0.0501027
   0.04773
 0.0455302
 0.0434872
 0.0415868
 0.0398162
 0.0381642
 0.0366206
 0.0351763
 0.0338234
 0.0325544
 0.0313627
 0.0302425
 0.0291884
 0.0281954
 0.0272591
 0.0263756
  0.025541
 0.0247522
 0.0240059
 0.0232995
 0.0226303
 0.0219959
 0.0213942
 0.0208232
 0.0202811
 0.0197661
 0.0192767
 0.0188114
 0.0183689
  0.017948
 0.0175474
 0.0171662
 0.0168033
 0.0164578
 0.0161289
 0.0158157
 0.0155176
 0.0152338
 0.0149637
 0.0147067
 0.0144622
 0.0142298
 0.0140089
 0.0137991
    0.0136
 0.0134112
 0.0132323
  0.013063
  0.012903
  0.012752
 0.0126098
 0.0124761
 0.0123506
 0.0122333
 0.0121238
 0.0120221
 0.0119279
 0.0118412
 0.0117618
 0.0116896
 0.0116246
 0.0115667
 0.0115158
 0.0114718
 0.0114349
 0.0114048
 0.0113817
 0.0113656
 0.0113565
 0.0113545
 0.0113595
 0.0113718
 0.0113914
 0.0114185
 0.0114531
 0.0114955
 0.0115458
 0.0116042
 0.0116709
 0.0117463
 0.0118305
 0.0119239
 0.0120269
 0.0121397
 0.0122628
 0.0123966
 0.0125417
 0.0126985
 0.0128677
 0.0130498
 0.0132455
 0.0134556
  0.013681
 0.0139224
  0.014181
 0.0144577
 0.0147537
 0.0150704
 0.0154092
 0.0157716
 0.0161593
 0.0165743
 0.0170186
 0.0174946
 0.0180048
 0.0185522
 0.0191397
 0.0197712
 0.0204503
 0.0211818
 0.0219704
 0.0228219
 0.0237426
 0.0247397
 0.0258214
 0.0269969
 0.0282769
 0.0296737
 0.0312013
  0.032876
 0.0347167
 0.0367455
 0.0389883
 0.0414756
 0.0442434
 0.0473347
 0.0508011
 0.0547046
 0.0591206
 0.0641412
 0.0698798
 0.0764772
 0.0841096
 0.0929995
   0.10343
  0.115766
  0.130478
  0.148185
  0.169699
  0.196094
  0.228786
  0.269626
  0.320947
  0.385491
   0.46592
  0.563418
  0.674681
  0.787493
  0.878745
  0.922912
  0.910835
  0.858808
  0.795096
   0.74125
   0.70456
  0.679119
   0.65073
  0.606171
  0.542995
  0.469856
  0.397903
  0.334163
  0.280915
  0.237664
  0.202877
   0.17489
  0.152251
  0.133792
  0.118608
  0.106009
  0.095468
 0.0865811
 0.0790387
 0.0726003
 0.0670784
 0.0623258
 0.0582263
 0.0546878
 0.0516377
 0.0490189
 0.0467873
 0.0449097
 0.0433632
 0.0421339
 0.0412172
 0.0406182
  0.040353
 0.0404505
 0.0409556
 0.0419334
 0.0434757
 0.0457088
 0.0488043
 0.0529899
 0.0585572
 0.0658509
 0.0752073
 0.0867719
  0.100102
   0.11356
  0.123966
  0.127617
  0.122824
   0.11141
 0.0970979
  0.083004
 0.0706983
 0.0605815
 0.0524885
 0.0460752
 0.0409928
 0.0369467
 0.0337051
 0.0310919
 0.0289745
 0.0272541
 0.0258573
 0.0247295
 0.0238311
 0.0231343
 0.0226208
 0.0222811
 0.0221138
 0.0221262
 0.0223341
 0.0227627
 0.0234445
 0.0244111
 0.0256725
 0.0271711
  0.028716
 0.0299546
 0.0304942
  0.030173
  0.029201
 0.0279827
 0.0268564
 0.0259968
 0.0254549
 0.0252222
  0.025273
 0.0255839
 0.0261409
 0.0269414
 0.0279951
 0.0293239
 0.0309638
 0.0329673
 0.0354068
 0.0383802
 0.0420174
 0.0464865
 0.0519956
 0.0587791
  0.067041
 0.0768123
 0.0876869
 0.0985416
  0.107687
  0.113909
  0.117697
  0.121138
  0.126636
  0.135992
  0.150241
  0.169585
  0.192854
  0.216534
  0.234443
  0.240099
  0.231413
  0.212547
  0.190363
   0.17017
   0.15452
     0.144
  0.138154
   0.13595
  0.136046
  0.137298
  0.139483
  0.143436
  0.150398
   0.16131
  0.176606
  0.196447
   0.22123
  0.251662
  0.287582
  0.325693
  0.357905
  0.373357
  0.365403
  0.337185
   0.29837
  0.257807
  0.220426
  0.188252
  0.161854
  0.141029
  0.125187
   0.11365
  0.105826
  0.101271
 0.0996368
  0.100535
  0.103306
  0.106831
  0.109733
  0.111088
   0.11092
  0.109831
  0.108459
  0.107367
  0.106903
  0.106736
  0.105581
  0.101865
 0.0950904
 0.0863418
 0.0773241
 0.0692831
   0.06275
 0.0577854
 0.0542545
 0.0519911
 0.0508736
 0.0508509
 0.0519416
 0.0542224
 0.0578067
 0.0627941
 0.0691663
 0.0766437
 0.0846436
 0.0925575
  0.100158
  0.107394
  0.113502
  0.116691
  0.115387
  0.109934
  0.102513
 0.0954775
 0.0901471
 0.0867161
 0.0847042
  0.083469
 0.0825247
  0.081599
 0.0806241
 0.0798456
 0.0798576
 0.0812812
 0.0842878
 0.0882779
 0.0919068
 0.0937348
 0.0932361
 0.0909735
 0.0876416
 0.0833822
 0.0781817
 0.0724713
 0.0670103
 0.0624215
 0.0590228
 0.0569123
 0.0560411
 0.0562303
 0.0572165
  0.058755
 0.0606971
 0.0629669
 0.0655398
 0.0685378
 0.0722736
 0.0770485
 0.0828738
 0.0894272
 0.0962543
  0.102867
  0.108601
  0.112712
  0.114778
  0.114835
  0.113372
  0.111401
  0.110038
  0.109757
  0.110141
  0.110423
  0.110287
  0.110203
   0.11113
   0.11403
  0.119656
  0.128606
  0.141263
  0.157276
  0.174684
  0.189396
  0.196403
  0.193146
  0.181761
  0.167158
  0.153565
  0.143121
  0.136306
  0.132637
  0.131184
  0.131236
  0.132985
  0.137498
  0.146019
  0.159279
  0.176894
  0.196546
  0.213318
  0.220843
  0.215232
  0.198345
  0.176063
  0.153951
  0.135074
  0.120313
  0.109351
  0.101331
 0.0951749
 0.0899071
 0.0850538
 0.0807283
 0.0772402
 0.0746954
 0.0729654
  0.071908
 0.0715064
 0.0718258
 0.0730028
 0.0752905
 0.0788999
 0.0836206
 0.0885447
 0.0922665
 0.0936376
 0.0924589
 0.0894791
 0.0858326
 0.0823464
 0.0791598
 0.0758993
 0.0722034
 0.0681125
  0.064013
 0.0603523
 0.0574362
  0.055375
 0.0541361
 0.0536014
 0.0536045
 0.0539912
 0.0546765
 0.0555991
 0.0565639
 0.0571813
 0.0570942
  0.056287
 0.0550796
 0.0538787
 0.0529895
 0.0525217
 0.0524097
 0.0526009
 0.0532276
 0.0545129
 0.0565432
 0.0592206
 0.0624478
 0.0662849
  0.070786
 0.0755653
 0.0795369
 0.0813335
 0.0803346
 0.0772723
 0.0736557
 0.0707714
 0.0692191
 0.0690111
 0.0698347
 0.0711656
 0.0722868
 0.0725719
 0.0719379
 0.0708668
 0.0699714
 0.0696457
 0.0700435
 0.0712699
 0.0735886
 0.0773773
 0.0827908
 0.0894204
 0.0962116
  0.101783
  0.105091
  0.106031
  0.105428
  0.104512
  0.104335
  0.105368
  0.107353
  0.109394
  0.110128
  0.108109
  0.102582
 0.0941575
 0.0844533
 0.0750117
 0.0666714
 0.0596359
 0.0537899
 0.0489511
 0.0449744
  0.041761
 0.0392309
 0.0372886
 0.0358074
  0.034627
 0.0335744
 0.0325324
 0.0315235
 0.0307095
 0.0302941
 0.0304225
 0.0311417
 0.0323876
 0.0339577
 0.0355107
 0.0366616
 0.0371437
 0.0369182
  0.036141
 0.0350524
 0.0339252
 0.0330151
 0.0324479
 0.0321776
 0.0321179
 0.0323119
 0.0329172
 0.0340248
 0.0355078
 0.0370222
  0.038185
 0.0388196
  0.039049
 0.0391683
 0.0394111
  0.039791
 0.0401417
  0.040272
 0.0400752
 0.0395747
 0.0389436
 0.0384188
 0.0381254
 0.0379999
 0.0378773
 0.0376145
 0.0371549
 0.0365789
 0.0361323
 0.0361101
 0.0366542
 0.0376654
 0.0388857
 0.0400334
 0.0409078
 0.0415112
 0.0420818
 0.0428679
 0.0438571
 0.0447853
 0.0454025
 0.0456348
 0.0454166
 0.0445193
 0.0427122
 0.0400379
 0.0368457
   0.03359
 0.0306217
 0.0280966
 0.0260123
 0.0243171
 0.0229905
 0.0220321
 0.0214042
 0.0210167
 0.0207764
 0.0206516
 0.0206925
 0.0209918
 0.0216168
 0.0225559
 0.0237189
  0.024988
 0.0262677
 0.0274952
 0.0286324
 0.0296411
 0.0304597
 0.0310343
 0.0313465
 0.0313287
 0.0307954
 0.0296137
 0.0279369
 0.0261216
 0.0244388
 0.0229501
 0.0215811
  0.020215
 0.0187596
 0.0172086
 0.0156448
 0.0141828
 0.0129188
 0.0119083
 0.0111625
 0.0106555
 0.0103382
 0.0101573
 0.0100738
 0.0100581
 0.0100586
 0.0099929
0.00979128
0.00945292
0.00903977
0.00862032
0.00823758
0.00791451
0.00766478
 0.0074965
0.00741185
0.00740709
0.00747149
0.00757822
0.00767601
0.00769843
0.00759296
0.00735193
0.00702121
0.00667791
0.00639342
0.00621103
0.00614631
 0.0061952
0.00633903
0.00654963
 0.0068012
0.00708332
0.00739921
0.00774239
0.00806536
0.00827475
0.00828154
0.00807061
0.00771087
  0.007303
 0.0069286
0.00662874
0.00640778
0.00625443
0.00616555
0.00615616
0.00625023
0.00646639
0.00681259
0.00728536
0.00785905
0.00846939
0.00902202
0.00943626
0.00967213
 0.0097081
0.00952783
0.00914167