0.00146095
0.00147172
0.00148262
0.00149365
0.00150481
 0.0015161
0.00152752
0.00153909
0.00155079
0.00156264
0.00157463
0.00158676
0.00159905
0.00161149
0.00162408
0.00163684
0.00164975
0.00166282
0.00167606
0.00168947
0.00170305
0.00171681
0.00173074
0.00174485
0.00175915
0.00177363
0.00178831
0.00180318
0.00181825
0.00183352
0.00184899
0.00186468
0.00188057
0.00189668
0.00191302
0.00192958
0.00194637
0.00196339
0.00198065
0.00199815
 0.0020159
 0.0020339
0.00205216
0.00207069
0.00208948
0.00210854
0.00212788
 0.0021475
0.00216742
0.00218763
0.00220814
0.00222896
 0.0022501
0.00227155
0.00229333
0.00231545
 0.0023379
0.00236071
0.00238387
 0.0024074
 0.0024313
0.00245557
0.00248024
 0.0025053
0.00253076
0.00255664
0.00258295
0.00260969
0.00263687
 0.0026645
0.00269259
0.00272116
0.00275022
0.00277977
0.00280983
0.00284041
0.00287152
0.00290318
0.00293539
0.00296818
0.00300155
0.00303552
0.00307011
0.00310532
0.00314119
0.00317771
0.00321491
0.00325281
0.00329143
0.00333077
0.00337087
0.00341174
 0.0034534
0.00349588
0.00353919
0.00358335
 0.0036284
0.00367435
0.00372123
0.00376907
0.00381789
0.00386771
0.00391858
0.00397051
0.00402354
 0.0040777
0.00413303
0.00418955
0.00424731
0.00430634
0.00436667
0.00442835
0.00449142
0.00455593
0.00462191
0.00468941
0.00475849
0.00482918
0.00490155
0.00497565
0.00505153
0.00512925
0.00520888
0.00529047
 0.0053741
0.00545983
0.00554774
 0.0056379
0.00573039
 0.0058253
 0.0059227
0.00602269
0.00612536
0.00623081
0.00633915
0.00645048
0.00656491
0.00668257
0.00680357
0.00692805
0.00705614
0.00718799
0.00732374
0.00746356
0.00760761
0.00775606
0.00790911
0.00806694
0.00822975
0.00839776
0.00857121
0.00875032
0.00893535
0.00912657
0.00932425
 0.0095287
0.00974024
0.00995919
 0.0101859
 0.0104208
 0.0106642
 0.0109166
 0.0111784
 0.0114501
 0.0117322
 0.0120253
 0.0123299
 0.0126467
 0.0129763
 0.0133193
 0.0136767
 0.0140491
 0.0144375
 0.0148428
 0.0152659
  0.015708
 0.0161702
 0.0166537
 0.0171599
 0.0176903
 0.0182463
 0.0188298
 0.0194425
 0.0200865
 0.0207638
 0.0214769
 0.0222283
 0.0230209
 0.0238576
  0.024742
 0.0256775
 0.0266684
 0.0277189
 0.0288341
 0.0300194
 0.0312807
 0.0326247
 0.0340587
  0.035591
 0.0372309
 0.0389884
 0.0408753
 0.0429044
 0.0450903
 0.0474497
 0.0500012
 0.0527663
 0.0557692
  0.059038
 0.0626048
 0.0665066
 0.0707865
 0.0754944
 0.0806889
 0.0864387
  0.092825
 0.0999439
   0.10791
  0.116863
  0.126967
  0.138426
  0.151488
   0.16646
  0.183721
  0.203749
  0.227147
  0.254684
   0.28735
   0.32643
  0.373607
  0.431099
  0.501847
  0.589749
  0.699936
  0.839001
   1.01496
   1.23633
   1.50901
   1.82875
    2.1679
   2.46265
   2.62324
   2.58594
   2.36654
   2.04603
   1.70862
   1.40433
   1.15054
  0.946578
  0.785008
  0.657293
   0.55589
  0.474754
  0.409232
  0.355803
  0.311813
  0.275257
  0.244609
  0.218702
  0.196633
  0.177699
  0.161346
  0.147136
  0.134716
  0.123804
  0.114169
  0.105622
 0.0980078
 0.0911975
 0.0850833
 0.0795749
 0.0745959
 0.0700815
 0.0659765
 0.0622336
  0.058812
 0.0556766
 0.0527969
 0.0501462
 0.0477015
 0.0454423
 0.0433507
  0.041411
 0.0396091
 0.0379327
 0.0363707
 0.0349134
 0.0335518
 0.0322781
 0.0310852
 0.0299668
 0.0289171
 0.0279309
 0.0270035
 0.0261306
 0.0253084
 0.0245332
  0.023802
 0.0231118
 0.0224598
 0.0218436
  0.021261
 0.0207099
 0.0201885
 0.0196949
 0.0192275
  0.018785
 0.0183658
 0.0179688
 0.0175928
 0.0172368
 0.0168996
 0.0165805
 0.0162786
 0.0159931
 0.0157232
 0.0154684
 0.0152279
 0.0150013
  0.014788
 0.0145875
 0.0143994
 0.0142232
 0.0140587
 0.0139054
 0.0137631
 0.0136315
 0.0135104
 0.0133994
 0.0132986
 0.0132076
 0.0131263
 0.0130547
 0.0129926
   0.01294
 0.0128969
 0.0128632
 0.0128389
 0.0128241
 0.0128189
 0.0128232
 0.0128374
 0.0128614
 0.0128955
 0.0129398
 0.0129947
 0.0130604
 0.0131371
 0.0132253
 0.0133253
 0.0134375
 0.0135625
 0.0137008
 0.0138529
 0.0140196
 0.0142014
 0.0143993
 0.0146141
 0.0148467
 0.0150982
 0.0153698
 0.0156628
 0.0159785
 0.0163186
 0.0166847
 0.0170788
 0.0175031
 0.0179598
 0.0184516
 0.0189815
 0.0195527
 0.0201688
  0.020834
  0.021553
 0.0223308
 0.0231734
 0.0240875
 0.0250807
 0.0261616
 0.0273402
 0.0286279
 0.0300378
 0.0315853
  0.033288
 0.0351668
 0.0372461
 0.0395547
 0.0421269
 0.0450037
 0.0482343
 0.0518785
 0.0560091
 0.0607158
 0.0661096
 0.0723294
 0.0795503
 0.0879952
 0.0979504
  0.109786
  0.123985
  0.141178
  0.162184
  0.188053
  0.220075
  0.259683
  0.308104
   0.36551
  0.429594
  0.494518
  0.552818
  0.601485
   0.64642
  0.698374
  0.763763
  0.837226
  0.898745
  0.920083
  0.883357
   0.79622
  0.684365
  0.572216
  0.473219
  0.391357
  0.325698
  0.273614
  0.232321
  0.199425
  0.173024
  0.151661
  0.134233
  0.119911
  0.108068
 0.0982288
  0.090033
 0.0832065
 0.0775417
 0.0728837
 0.0691205
  0.066177
 0.0640114
  0.062615
 0.0620133
 0.0622713
 0.0635004
 0.0658694
 0.0696157
 0.0750519
 0.0825523
 0.0924779
  0.104962
  0.119449
  0.134005
  0.144972
   0.14821
  0.141995
  0.128539
  0.112057
 0.0959745
 0.0819786
  0.070473
 0.0612527
 0.0539258
 0.0481011
 0.0434499
 0.0397152
 0.0367022
  0.034266
 0.0323002
 0.0307281
 0.0294964
  0.028571
 0.0279342
 0.0275827
 0.0275252
 0.0277759
 0.0283385
 0.0291724
 0.0301375
 0.0309543
 0.0312714
 0.0308812
 0.0298912
 0.0286292
 0.0274093
 0.0264116
 0.0256977
 0.0252674
 0.0251001
 0.0251753
 0.0254805
 0.0260147
 0.0267884
 0.0278257
 0.0291652
 0.0308629
 0.0329952
 0.0356602
 0.0389735
 0.0430458
 0.0479245
  0.053472
 0.0592089
 0.0642983
 0.0679583
 0.0701539
 0.0717764
 0.0740718
  0.078069
 0.0844423
 0.0935672
  0.105443
  0.119328
  0.133206
  0.143766
  0.147919
  0.145211
  0.138248
  0.130447
  0.123865
  0.118765
  0.114437
  0.110384
  0.106922
   0.10482
   0.10472
  0.107012
  0.112027
  0.120201
  0.132109
  0.148432
  0.169884
  0.197018
  0.229948
  0.268089
  0.309834
  0.351352
    0.3848
  0.399596
  0.389393
  0.358224
  0.317378
  0.277436
  0.244299
  0.219789
  0.203372
   0.19326
  0.186939
  0.181687
  0.175328
  0.166976
   0.15722
  0.147559
  0.139519
  0.133865
  0.130226
  0.127309
  0.123833
  0.119602
  0.115569
  0.112861
  0.111973
  0.112712
  0.114588
  0.117145
  0.119743
  0.121089
  0.119623
  0.114865
  0.107987
  0.100717
 0.0940564
 0.0880915
  0.082601
 0.0775471
 0.0730492
 0.0691904
 0.0659846
  0.063472
 0.0618022
 0.0612168
 0.0619682
 0.0642679
 0.0682717
 0.0740366
 0.0814009
 0.0898274
 0.0983681
  0.105885
  0.111379
  0.114285
  0.114704
  0.113283
  0.110841
   0.10805
  0.105079
  0.101431
 0.0964543
 0.0901751
 0.0834542
 0.0772975
 0.0722292
 0.0682559
  0.065176
 0.0628224
 0.0611134
 0.0600792
 0.0599071
 0.0608788
 0.0632126
 0.0669138
 0.0716437
 0.0766604
 0.0810352
 0.0841466
 0.0859665
 0.0868382
 0.0871237
 0.0870719
 0.0868543
 0.0866231
 0.0864557
 0.0861738
  0.085408
 0.0840662
 0.0826323
 0.0818902
 0.0824767
 0.0846312
 0.0881571
 0.0926012
 0.0976414
  0.103409
  0.110365
  0.118762
  0.128209
  0.137741
   0.14633
  0.153365
  0.158881
  0.163547
  0.168231
  0.173128
  0.177194
  0.178625
  0.176333
  0.171105
  0.165208
  0.161091
  0.160337
   0.16311
  0.167964
  0.172219
  0.173272
  0.170266
  0.164481
  0.158172
  0.153156
  0.150165
   0.14903
  0.149235
  0.150336
  0.152045
  0.154064
  0.155915
  0.156976
  0.156601
  0.154281
  0.149915
  0.143973
  0.137199
  0.130178
  0.123276
  0.116839
   0.11128
  0.106958
  0.103953
  0.101951
  0.100346
 0.0985932
  0.096539
 0.0944251
 0.0926347
 0.0914049
  0.090668
 0.0901326
 0.0895107
 0.0887264
 0.0880016
 0.0877224
 0.0881391
 0.0891599
  0.090373
 0.0912927
 0.0917355
 0.0919635
 0.0924359
 0.0935011
 0.0952499
 0.0974901
 0.0998117
  0.101711
  0.102666
  0.102211
  0.100194
 0.0970837
 0.0937969
 0.0911775
 0.0896934
 0.0894152
 0.0901014
 0.0913445
 0.0927607
 0.0941194
 0.0953583
 0.0965567
 0.0978604
 0.0993891
  0.101229
  0.103412
   0.10578
  0.107975
  0.109677
  0.110721
  0.110971
  0.110358
  0.109064
  0.107457
  0.105832
  0.104277
  0.102762
   0.10135
  0.100294
 0.0998962
   0.10029
  0.101428
  0.103231
  0.105664
  0.108637
  0.111848
  0.114834
  0.117271
  0.119153
  0.120605
  0.121585
  0.121854
  0.121193
  0.119546
  0.116983
  0.113663
  0.109872
   0.10598
  0.102263
 0.0988155
 0.0956684
 0.0928703
 0.0903996
  0.088081
 0.0856683
 0.0830226
 0.0802047
 0.0774098
 0.0748358
 0.0725763
 0.0705728
  0.068685
 0.0668454
 0.0651141
 0.0636031
  0.062417
 0.0616375
 0.0613149
 0.0614581
  0.061998
 0.0627515
 0.0634658
 0.0639269
 0.0640299
 0.0637832
 0.0632838
 0.0626635
 0.0620175
 0.0613819
 0.0607704
 0.0602135
 0.0597527
 0.0593862
  0.059036
 0.0586129
 0.0581096
 0.0576095
 0.0572374
 0.0571141
 0.0573015
 0.0577597
  0.058358
 0.0589295
 0.0593373
  0.059513
  0.059437
 0.0590994
  0.058504
 0.0577134
 0.0568633
  0.056106
 0.0555355
 0.0551731
 0.0550086
 0.0550434
  0.055293
 0.0557701
 0.0564841
 0.0574294
 0.0585532
 0.0597669
   0.06101
 0.0622829
 0.0636122
 0.0649778
 0.0662669
 0.0673114
 0.0679826
 0.0682414
 0.0681092
 0.0676454
 0.0669674
 0.0662354
 0.0655675
 0.0649671
 0.0643426
 0.0635919
 0.0626663
 0.0615814
 0.0603858
 0.0591022
 0.0577111
 0.0562245
 0.0547471
 0.0534211
 0.0523167
 0.0513843
 0.0504802
 0.0494329
 0.0481348
 0.0466085
  0.044984
 0.0434053
 0.0419602
 0.0406774
  0.039553
 0.0385661
 0.0376837
 0.0368718
 0.0361123
 0.0354124
  0.034794
 0.0342734
  0.033851
 0.0335124
 0.0332359
 0.0329992
 0.0327798
  0.032555
  0.032306
 0.0320152
 0.0316669
 0.0312583
 0.0308075
 0.0303414
 0.0298706
 0.0293802
 0.0288504
 0.0282846
 0.0277116
 0.0271622
 0.0266512
 0.0261862
  0.025781
 0.0254519
 0.0252066
 0.0250389
  0.024932
 0.0248682
 0.0248376
   0.02484
 0.0248795
 0.0249606
 0.0250837
  0.025242
 0.0254159
 0.0255663
 0.0256345
 0.0255662
 0.0253461
 0.0250028
 0.0245856
 0.0241417
 0.0237002
 0.0232606
 0.0227998
 0.0222933
 0.0217303
 0.0211156
 0.0204648
 0.0197928
 0.0191087
 0.0184284
 0.0177835
 0.0172084
 0.0167231
 0.0163276
 0.0160038
 0.0157198
 0.0154352
 0.0151131
 0.0147369
 0.0143172
 0.0138793
 0.0134475
 0.0130364
 0.0126505
 0.0122875
 0.0119449
 0.0116245
 0.0113322
 0.0110733
 0.0108462
  0.010637
 0.0104248
 0.0101966
0.00995775
0.00972552
0.00951565
0.00933552
0.00918416
0.00905324
0.00892903
0.00879733
0.00864919
0.00848227
0.00829794
0.00809906
0.00789074
0.00768131
0.00748049
0.00729602
0.00713159
0.00698728
0.00686175
0.00675448
0.00666575
0.00659504
0.00653982
0.00649491
0.00645364
0.00641049
0.00636314
0.00631222
0.00625905
0.00620283
 0.0061392
0.00606154
0.00596504
0.00584965
0.00571961
0.00558138
0.00544181
0.00530539
0.00517189
0.00503763
0.00489966
0.00475831
0.00461654
0.00447735
0.00434118
0.00420602
0.00407062
0.00393732
  0.003811
0.00369583
0.00359286
0.00350009
0.00341404
0.00333123
0.00324893
0.00316561
0.00308128
0.00299716
0.00291471
0.00283508
0.00275918
0.00268749
0.00261976
0.00255537
0.00249395
 0.0024356
 0.0023806
0.00232899
0.00228048
0.00223471
0.00219153
0.00215095