 0.00221167
 0.00223345
 0.00225557
 0.00227805
 0.00230089
 0.00232411
  0.0023477
 0.00237169
 0.00239607
 0.00242087
 0.00244608
 0.00247172
 0.00249779
 0.00252432
  0.0025513
 0.00257875
 0.00260668
 0.00263511
 0.00266403
 0.00269348
 0.00272346
 0.00275397
 0.00278505
 0.00281669
 0.00284892
 0.00288175
  0.0029152
 0.00294928
   0.002984
 0.00301939
 0.00305547
 0.00309224
 0.00312973
 0.00316797
 0.00320696
 0.00324674
 0.00328731
 0.00332871
 0.00337096
 0.00341408
  0.0034581
 0.00350304
 0.00354893
  0.0035958
 0.00364367
 0.00369258
 0.00374256
 0.00379363
 0.00384584
 0.00389921
 0.00395379
  0.0040096
  0.0040667
 0.00412511
 0.00418489
 0.00424608
 0.00430871
 0.00437285
 0.00443853
 0.00450582
 0.00457476
  0.0046454
 0.00471782
 0.00479207
 0.00486821
 0.00494631
 0.00502644
 0.00510868
 0.00519309
 0.00527976
 0.00536877
 0.00546021
 0.00555417
 0.00565074
 0.00575003
 0.00585215
 0.00595719
 0.00606528
 0.00617653
 0.00629109
 0.00640907
 0.00653062
  0.0066559
 0.00678505
 0.00691824
 0.00705565
 0.00719746
 0.00734386
 0.00749505
 0.00765126
 0.00781271
 0.00797964
  0.0081523
 0.00833098
 0.00851595
 0.00870751
   0.008906
 0.00911176
 0.00932514
 0.00954654
 0.00977637
  0.0100151
  0.0102631
   0.010521
  0.0107892
  0.0110684
  0.0113592
  0.0116621
   0.011978
  0.0123076
  0.0126516
   0.013011
  0.0133866
  0.0137796
  0.0141909
  0.0146218
  0.0150735
  0.0155475
  0.0160451
  0.0165681
  0.0171181
  0.0176972
  0.0183073
  0.0189508
  0.0196302
  0.0203482
  0.0211078
  0.0219123
  0.0227653
  0.0236708
  0.0246333
  0.0256576
  0.0267491
   0.027914
  0.0291588
  0.0304912
  0.0319195
  0.0334532
   0.035103
  0.0368807
  0.0387999
  0.0408762
   0.043127
  0.0455724
  0.0482354
  0.0511425
  0.0543243
  0.0578162
  0.0616597
  0.0659032
  0.0706037
  0.0758284
  0.0816574
  0.0881863
    0.09553
   0.103828
   0.113249
   0.124002
   0.136343
   0.150592
   0.167153
   0.186533
   0.209385
   0.236549
   0.269116
   0.308522
    0.35666
    0.41604
    0.48999
   0.582868
   0.700223
   0.848642
    1.03471
    1.26181
    1.52304
    1.78978
    2.00405
    2.09474
    2.02458
    1.82279
    1.55911
    1.29495
    1.06264
   0.871255
   0.718259
   0.597238
   0.501516
   0.425387
    0.36434
   0.314925
   0.274535
   0.241204
   0.213446
   0.190128
   0.170381
   0.153532
   0.139055
   0.126535
   0.115642
   0.106112
   0.097731
  0.0903256
  0.0837526
  0.0778943
  0.0726527
  0.0679461
  0.0637055
  0.0598729
  0.0563987
  0.0532409
  0.0503633
  0.0477346
  0.0453281
  0.0431202
  0.0410907
  0.0392217
  0.0374977
  0.0359048
  0.0344311
  0.0330656
  0.0317991
  0.0306229
  0.0295296
  0.0285124
  0.0275653
  0.0266829
  0.0258603
  0.0250932
  0.0243777
  0.0237102
  0.0230874
  0.0225066
   0.021965
  0.0214604
  0.0209905
  0.0205535
  0.0201475
  0.0197711
  0.0194227
  0.0191011
  0.0188051
  0.0185338
  0.0182862
  0.0180615
  0.0178589
   0.017678
  0.0175181
  0.0173789
    0.01726
  0.0171612
  0.0170822
   0.017023
  0.0169837
  0.0169642
  0.0169647
  0.0169856
   0.017027
  0.0170896
  0.0171738
  0.0172803
  0.0174099
  0.0175635
  0.0177421
   0.017947
  0.0181795
  0.0184412
  0.0187339
  0.0190595
  0.0194204
   0.019819
  0.0202585
  0.0207419
  0.0212732
  0.0218566
  0.0224968
  0.0231996
  0.0239713
  0.0248192
  0.0257517
  0.0267788
  0.0279118
  0.0291641
  0.0305514
  0.0320925
  0.0338095
  0.0357292
  0.0378837
  0.0403125
   0.043064
  0.0461981
  0.0497897
  0.0539324
  0.0587432
  0.0643659
  0.0709699
  0.0787357
  0.0878113
  0.0982263
   0.109798
   0.122185
   0.135265
   0.149627
   0.166609
   0.187903
   0.215289
   0.250686
   0.296308
   0.354656
   0.428044
   0.517148
   0.617924
   0.717176
   0.790873
    0.81317
   0.775113
    0.69267
    0.59296
   0.497077
   0.415041
   0.349086
   0.297884
   0.259095
   0.230498
   0.210362
   0.197501
   0.191236
   0.191293
    0.19763
   0.210072
    0.22757
   0.247044
    0.26256
   0.266831
    0.25584
   0.232202
   0.202724
   0.173519
   0.147831
    0.12657
   0.109473
  0.0958885
  0.0851424
  0.0766664
  0.0700191
  0.0648657
  0.0609372
  0.0579713
  0.0556436
  0.0535413
  0.0512702
  0.0486665
  0.0458746
  0.0431773
  0.0407949
  0.0388257
  0.0372846
  0.0361525
  0.0354074
  0.0350386
  0.0350521
   0.035472
   0.036337
  0.0376886
  0.0395388
  0.0418063
  0.0442335
  0.0463754
  0.0478124
  0.0485145
  0.0489391
  0.0497265
  0.0513786
  0.0541467
  0.0579962
  0.0625151
   0.066842
  0.0698933
  0.0709435
  0.0699711
  0.0674227
  0.0639333
  0.0602195
  0.0569019
  0.0543648
  0.0527774
  0.0521727
  0.0525072
  0.0537024
  0.0556931
  0.0584933
   0.062236
  0.0671405
  0.0734361
  0.0812742
  0.0906065
   0.101058
   0.111999
   0.123037
    0.13465
   0.148204
   0.165374
    0.18747
   0.214737
   0.245405
   0.274899
   0.296822
    0.30674
   0.305371
   0.296727
   0.284017
   0.268966
   0.253846
   0.241962
   0.236163
   0.237626
   0.245503
   0.256905
   0.267291
     0.2716
   0.266017
   0.250068
   0.227284
   0.202985
   0.181324
   0.164195
   0.151738
   0.143259
   0.137916
   0.134951
   0.133542
     0.1327
   0.131545
   0.129747
    0.12752
   0.125105
   0.122467
   0.119609
   0.116955
   0.115182
   0.114814
   0.115882
   0.117628
   0.118603
   0.117592
   0.114636
   0.110791
   0.106944
   0.103178
  0.0991218
  0.0946373
  0.0901409
  0.0863637
  0.0839006
  0.0828946
  0.0829649
  0.0833923
  0.0835406
   0.083218
  0.0826277
  0.0820371
  0.0815454
  0.0810863
  0.0805005
  0.0795873
  0.0782562
  0.0767082
  0.0754302
   0.075026
  0.0760481
  0.0788878
  0.0836793
  0.0901492
  0.0974471
   0.104221
   0.109179
    0.11173
   0.112029
   0.110644
    0.10836
   0.106019
   0.104265
   0.103385
   0.103357
   0.104042
   0.105277
   0.106848
   0.108563
   0.110469
   0.112902
   0.116283
   0.120891
   0.126736
   0.133582
   0.141002
   0.148318
    0.15475
   0.159832
   0.163541
   0.166141
   0.168047
   0.169751
   0.171658
   0.173787
   0.175569
   0.176101
   0.174829
   0.172059
   0.168747
   0.165712
   0.162994
    0.16001
   0.156306
   0.152009
    0.14765
   0.143776
   0.140669
   0.138195
   0.135844
   0.133004
   0.129292
   0.124736
   0.119791
   0.115217
   0.111718
   0.109601
   0.108722
   0.108699
    0.10914
   0.109755
   0.110351
   0.110797
   0.110994
   0.110825
   0.110209
   0.109228
   0.108201
   0.107507
   0.107264
   0.107212
   0.106945
   0.106195
     0.1049
   0.103202
   0.101403
  0.0998044
  0.0985833
  0.0977966
  0.0974237
  0.0974001
  0.0976409
  0.0980629
   0.098622
  0.0993446
   0.100305
   0.101565
    0.10312
   0.104876
   0.106659
   0.108317
   0.109843
   0.111321
   0.112727
   0.113854
   0.114563
   0.115069
    0.11593
   0.117731
   0.120792
   0.125069
    0.13018
   0.135452
   0.140062
   0.143368
   0.145234
   0.145957
   0.145925
   0.145455
   0.144836
   0.144374
   0.144357
   0.145014
   0.146436
   0.148487
   0.150809
   0.152998
   0.154808
   0.156173
   0.157074
    0.15749
   0.157472
   0.157133
   0.156475
   0.155343
   0.153618
   0.151413
   0.148995
   0.146602
   0.144362
   0.142315
   0.140458
    0.13878
   0.137284
   0.135983
    0.13487
   0.133941
   0.133209
   0.132691
   0.132356
   0.132089
   0.131701
   0.131012
   0.129989
   0.128792
   0.127657
   0.126728
   0.125984
    0.12527
     0.1244
   0.123304
   0.122106
   0.121068
   0.120453
   0.120401
   0.120861
   0.121615
   0.122386
   0.122945
   0.123165
   0.123031
   0.122631
   0.122108
   0.121577
   0.121111
   0.120765
   0.120578
   0.120556
   0.120673
   0.120903
   0.121234
    0.12166
   0.122192
   0.122888
   0.123843
   0.125094
    0.12654
   0.127973
   0.129199
   0.130101
   0.130644
   0.130826
   0.130654
   0.130159
   0.129409
    0.12847
   0.127359
   0.126055
   0.124558
   0.122925
    0.12125
   0.119601
   0.118032
   0.116604
   0.115366
   0.114296
   0.113264
   0.112084
   0.110632
   0.108923
   0.107097
    0.10532
   0.103676
    0.10214
   0.100644
  0.0991705
  0.0977921
  0.0966173
  0.0957186
  0.0950927
  0.0946576
  0.0942842
  0.0938527
  0.0932983
   0.092616
   0.091844
  0.0910595
  0.0903633
  0.0898379
    0.08951
  0.0893455
  0.0892719
  0.0892249
  0.0891899
  0.0891882
   0.089236
  0.0893374
   0.089489
  0.0896669
  0.0898395
  0.0900031
  0.0901832
  0.0904027
    0.09067
   0.091001
  0.0914281
  0.0919746
  0.0926321
  0.0933623
  0.0941057
  0.0947942
  0.0953739
  0.0958147
  0.0961083
  0.0962776
   0.096385
  0.0965102
    0.09671
  0.0969877
    0.09728
  0.0974711
  0.0974298
  0.0970622
  0.0963614
   0.095425
   0.094422
  0.0935253
  0.0928557
  0.0924572
  0.0922815
  0.0921923
  0.0920201
   0.091645
  0.0910397
  0.0902466
  0.0893167
  0.0882679
  0.0870957
  0.0858125
  0.0844549
  0.0830493
  0.0815943
  0.0800915
  0.0785753
  0.0771053
   0.075752
  0.0745893
  0.0736695
  0.0729993
  0.0725493
  0.0722851
  0.0721745
  0.0721721
  0.0722101
  0.0721998
  0.0720481
  0.0716915
  0.0711216
  0.0703764
  0.0695161
  0.0686083
  0.0677189
  0.0668959
  0.0661609
  0.0655257
  0.0650081
  0.0646272
  0.0643829
  0.0642353
  0.0641114
  0.0639404
  0.0636794
  0.0633095
  0.0628227
   0.062218
  0.0615059
  0.0607061
  0.0598479
  0.0589731
  0.0581297
  0.0573564
  0.0566657
  0.0560365
  0.0554222
  0.0547683
  0.0540298
   0.053189
  0.0522607
  0.0512826
  0.0502992
  0.0493492
  0.0484608
  0.0476505
  0.0469193
  0.0462511
  0.0456145
  0.0449693
  0.0442801
  0.0435295
  0.0427229
  0.0418841
  0.0410468
  0.0402481
  0.0395155
  0.0388558
  0.0382578
  0.0377106
   0.037213
   0.036765
    0.03636
  0.0359866
   0.035629
  0.0352617
  0.0348541
  0.0343894
  0.0338734
  0.0333271
  0.0327715
  0.0322212
  0.0316848
  0.0311632
  0.0306505
  0.0301411
  0.0296299
  0.0291053
  0.0285496
  0.0279491
   0.027305
  0.0266394
  0.0259888
  0.0253872
  0.0248472
  0.0243545
  0.0238791
   0.023394
  0.0228891
  0.0223679
  0.0218361
  0.0212976
  0.0207592
   0.020229
  0.0197112
  0.0192033
  0.0186952
  0.0181716
  0.0176186
  0.0170335
  0.0164294
  0.0158294
   0.015257
  0.0147275
  0.0142461
  0.0138119
  0.0134196
  0.0130642
   0.012743
   0.012455
  0.0121963
   0.011958
  0.0117277
  0.0114944
  0.0112532
  0.0110091
  0.0107721
  0.0105483
  0.0103338
  0.0101187
  0.0098953
 0.00966418
 0.00943274
 0.00920994
 0.00900253
 0.00881345
 0.00864085
 0.00847888
 0.00832043
 0.00815831
 0.00798513
 0.00779506
 0.00758684
  0.0073643
 0.00713437
 0.00690434
 0.00667959
 0.00646213
 0.00625005
 0.00603972
 0.00582994
 0.00562366
 0.00542571
 0.00523954
 0.00506626
 0.00490549
 0.00475641
 0.00461809
 0.00448945
 0.00436944
 0.00425734
 0.00415255
 0.00405408
 0.00396039
 0.00386975
 0.00378049
  0.0036911
 0.00360084
 0.00351015
 0.00342005
 0.00333148
 0.00324525
 0.00316237
 0.00308406
 0.00301119
 0.00294358
 0.00288002
 0.00281924
 0.00276066
  0.0027046
 0.00265184
   0.002603
 0.00255774
 0.00251445
 0.00247058
 0.00242353
 0.00237175
  0.0023155
 0.00225653
 0.00219716
 0.00213947
 0.00208489
 0.00203398
 0.00198676
 0.00194305
 0.00190283
 0.00186611
  0.0018327
 0.00180206
 0.00177358
 0.00174678
 0.00172123
  0.0016965
 0.00167209
 0.00164742
  0.0016217
 0.00159436
  0.0015655
  0.0015359
 0.00150653
 0.00147798
 0.00145035
  0.0014234
 0.00139692
 0.00137093
 0.00134569
 0.00132157
  0.0012989
 0.00127789
 0.00125858
 0.00124088
 0.00122455
 0.00120929
 0.00119481
 0.00118089
 0.00116743
 0.00115444
 0.00114198
    0.00113
  0.0011183
 0.00110662
 0.00109469
 0.00108236
 0.00106967
 0.00105679
 0.00104402
 0.00103164
 0.00101984
 0.00100867
0.000998093
0.000988013
0.000978319
0.000968905
0.000959699
0.000950651
0.000941739
0.000932957
0.000924305
 0.00091575
0.000907214
0.000898599
0.000889842
0.000880962
0.000872073
0.000863331
0.000854878
0.000846794
0.000839097
0.000831759
0.000824728
0.000817952
0.000811383
0.000804985
0.000798739
0.000792645
0.000786709