 0.00293079
 0.00296625
 0.00300241
 0.00303929
 0.00307693
 0.00311533
 0.00315452
 0.00319452
 0.00323535
 0.00327704
 0.00331962
 0.00336311
 0.00340753
 0.00345292
  0.0034993
 0.00354671
 0.00359517
 0.00364473
  0.0036954
 0.00374724
 0.00380027
 0.00385453
 0.00391007
 0.00396692
 0.00402513
 0.00408474
  0.0041458
 0.00420836
 0.00427247
 0.00433819
 0.00440556
 0.00447466
 0.00454552
 0.00461824
 0.00469285
 0.00476945
  0.0048481
 0.00492887
 0.00501185
 0.00509711
 0.00518476
 0.00527487
 0.00536755
 0.00546289
   0.005561
   0.005662
   0.005766
 0.00587312
 0.00598349
 0.00609726
 0.00621456
 0.00633554
 0.00646037
 0.00658922
 0.00672226
 0.00685968
 0.00700168
 0.00714847
 0.00730028
 0.00745733
 0.00761989
 0.00778822
  0.0079626
 0.00814333
 0.00833072
 0.00852512
 0.00872689
 0.00893641
 0.00915409
 0.00938038
 0.00961573
 0.00986065
  0.0101157
  0.0103814
  0.0106584
  0.0109473
  0.0112489
  0.0115639
  0.0118932
  0.0122376
  0.0125981
  0.0129757
  0.0133715
  0.0137868
  0.0142228
   0.014681
  0.0151629
  0.0156702
  0.0162048
  0.0167686
  0.0173638
  0.0179929
  0.0186585
  0.0193635
   0.020111
  0.0209047
  0.0217483
  0.0226463
  0.0236034
  0.0246249
  0.0257169
  0.0268858
  0.0281393
  0.0294856
  0.0309341
  0.0324956
   0.034182
   0.036007
  0.0379864
  0.0401378
  0.0424819
  0.0450423
  0.0478463
  0.0509256
  0.0543173
  0.0580648
  0.0622192
  0.0668411
  0.0720026
  0.0777898
  0.0843067
  0.0916793
   0.100061
   0.109642
   0.120654
   0.133392
   0.148222
   0.165613
   0.186163
   0.210648
   0.240076
   0.275778
   0.319508
   0.373598
    0.44113
   0.526118
   0.633601
   0.769366
    0.93867
    1.14272
     1.3714
    1.59323
     1.7526
    1.79214
    1.69523
    1.50094
    1.27063
    1.05034
     0.8611
   0.706944
   0.584263
   0.487306
   0.410533
   0.349347
    0.30016
   0.260239
   0.227524
   0.200459
   0.177866
   0.158847
    0.14271
   0.128916
   0.117045
   0.106765
  0.0978112
  0.0899696
   0.083068
  0.0769656
  0.0715468
  0.0667159
  0.0623934
  0.0585124
   0.055017
  0.0518595
  0.0489998
  0.0464031
  0.0440399
  0.0418848
  0.0399155
  0.0381131
  0.0364607
  0.0349438
  0.0335496
  0.0322669
  0.0310858
  0.0299975
  0.0289943
  0.0280694
  0.0272167
  0.0264307
  0.0257067
  0.0250403
  0.0244278
  0.0238659
  0.0233514
  0.0228817
  0.0224545
  0.0220677
  0.0217195
  0.0214083
  0.0211327
  0.0208918
  0.0206844
  0.0205099
  0.0203678
  0.0202576
  0.0201791
  0.0201325
  0.0201178
  0.0201354
  0.0201859
  0.0202701
   0.020389
  0.0205439
  0.0207363
   0.020968
  0.0212411
  0.0215582
  0.0219222
  0.0223365
   0.022805
  0.0233324
  0.0239238
  0.0245856
  0.0253248
  0.0261499
  0.0270708
   0.028099
  0.0292483
  0.0305353
  0.0319795
   0.033605
  0.0354408
  0.0375225
   0.039894
   0.042609
  0.0457321
  0.0493382
  0.0535054
  0.0582972
  0.0637321
  0.0697633
  0.0763306
  0.0835148
  0.0916641
   0.101345
   0.113217
   0.127998
   0.146528
   0.169863
   0.199354
   0.236661
   0.283608
   0.341605
   0.410236
   0.484616
   0.552532
   0.595628
   0.599303
   0.564812
   0.508403
   0.448743
   0.397971
   0.361271
   0.339837
   0.333267
   0.340443
    0.35905
   0.383999
   0.405936
   0.412881
   0.397003
   0.360768
    0.31431
    0.26763
   0.226395
    0.19239
    0.16533
   0.144166
   0.127691
   0.114702
   0.104049
  0.0947767
  0.0863596
  0.0787323
  0.0720368
  0.0663729
   0.061734
    0.05805
  0.0552402
  0.0532415
  0.0520153
  0.0515363
  0.0517575
  0.0525447
  0.0536007
   0.054482
  0.0548325
  0.0547006
  0.0545441
  0.0548958
  0.0560572
  0.0579639
  0.0601437
  0.0618122
  0.0622126
  0.0610183
  0.0584701
  0.0551989
   0.051889
  0.0490257
  0.0468451
   0.045397
  0.0446309
   0.044479
  0.0449126
  0.0459464
  0.0475945
  0.0498184
  0.0524921
  0.0554372
  0.0585664
  0.0620319
  0.0662089
  0.0715401
  0.0783859
  0.0869128
  0.0969701
   0.108019
   0.119357
   0.130662
    0.14221
   0.154214
   0.166024
   0.176457
   0.185279
   0.193988
   0.204844
   0.219489
   0.238216
   0.259451
    0.27959
   0.294294
   0.301001
   0.300145
    0.29399
   0.285176
   0.275948
   0.267523
   0.260063
   0.253381
   0.247121
   0.240078
   0.230203
   0.216361
   0.199842
   0.183485
   0.169665
   0.159286
   0.152085
    0.14749
   0.145177
   0.144886
    0.14581
   0.146352
   0.144891
   0.141037
   0.135755
   0.130176
   0.124731
   0.119337
   0.113902
   0.108558
   0.103605
   0.099332
  0.0958126
  0.0928375
  0.0901229
  0.0876147
  0.0855685
  0.0843771
  0.0843623
  0.0856148
  0.0878803
  0.0905693
  0.0929205
  0.0942611
  0.0942999
  0.0932707
  0.0917384
  0.0902738
  0.0893312
  0.0892643
  0.0902682
   0.092251
  0.0947613
  0.0971199
  0.0988113
  0.0998162
   0.100469
   0.101102
   0.101956
   0.103256
   0.105207
   0.107979
   0.111673
   0.116268
   0.121649
   0.127692
   0.134222
    0.14089
   0.147169
   0.152565
   0.156827
   0.160082
   0.162816
   0.165549
   0.168403
   0.170956
   0.172537
   0.172894
   0.172496
   0.171945
   0.171354
   0.170553
   0.169521
   0.168365
     0.1671
   0.165629
   0.163903
    0.16199
   0.159885
   0.157264
   0.153576
   0.148554
   0.142665
   0.136902
   0.132134
   0.128708
   0.126538
   0.125322
   0.124646
   0.124035
   0.123074
   0.121583
   0.119676
   0.117588
   0.115487
   0.113452
   0.111516
    0.10968
   0.107943
   0.106352
   0.105032
    0.10412
    0.10364
   0.103434
   0.103257
   0.102983
   0.102689
   0.102553
   0.102697
   0.103152
   0.103887
   0.104802
   0.105746
   0.106589
    0.10727
   0.107763
   0.108062
   0.108198
   0.108296
   0.108609
   0.109444
   0.110954
    0.11298
   0.115148
   0.117129
   0.118798
   0.120187
   0.121397
    0.12259
    0.12396
   0.125654
   0.127682
   0.129915
   0.132139
   0.134158
   0.135843
   0.137162
   0.138156
   0.138885
   0.139384
   0.139668
   0.139784
   0.139795
   0.139687
   0.139325
   0.138517
   0.137155
   0.135311
   0.133229
   0.131215
   0.129536
   0.128366
   0.127763
   0.127622
    0.12768
   0.127624
   0.127266
   0.126636
   0.125936
   0.125382
   0.125056
   0.124877
   0.124694
    0.12441
   0.124027
   0.123618
    0.12325
   0.122944
   0.122696
   0.122492
   0.122328
   0.122176
   0.121973
   0.121663
   0.121274
   0.120914
   0.120708
   0.120729
   0.120986
   0.121457
     0.1221
   0.122855
   0.123649
   0.124461
   0.125369
   0.126506
   0.127963
   0.129734
   0.131735
   0.133849
    0.13594
   0.137865
   0.139501
   0.140793
   0.141799
   0.142683
   0.143646
   0.144853
   0.146396
   0.148251
   0.150276
    0.15226
   0.154025
   0.155475
   0.156589
   0.157393
   0.157959
   0.158381
   0.158709
   0.158893
   0.158786
   0.158228
   0.157154
   0.155682
   0.154063
   0.152526
   0.151148
    0.14986
   0.148543
   0.147122
    0.14562
   0.144129
   0.142725
    0.14141
   0.140117
   0.138777
   0.137372
   0.135957
   0.134659
   0.133644
   0.133045
   0.132867
   0.132979
   0.133195
   0.133376
   0.133461
    0.13345
   0.133351
   0.133146
   0.132818
    0.13239
   0.131913
   0.131394
   0.130784
    0.13004
   0.129194
   0.128331
   0.127519
   0.126778
   0.126132
   0.125647
   0.125418
   0.125516
   0.125942
   0.126618
   0.127392
   0.128084
   0.128546
   0.128701
   0.128539
   0.128084
   0.127371
   0.126451
   0.125381
    0.12423
   0.123074
   0.121983
   0.121007
    0.12017
   0.119449
   0.118772
   0.118047
   0.117209
   0.116249
   0.115192
   0.114056
   0.112848
   0.111576
   0.110295
    0.10911
   0.108124
   0.107376
   0.106848
   0.106499
    0.10626
   0.106036
   0.105748
     0.1054
   0.105074
   0.104875
   0.104862
   0.105033
   0.105354
   0.105783
   0.106284
   0.106821
   0.107349
   0.107809
   0.108144
   0.108334
   0.108425
   0.108507
   0.108671
   0.108989
   0.109507
   0.110232
   0.111107
   0.112005
   0.112753
   0.113198
   0.113284
   0.113065
   0.112671
   0.112232
   0.111824
   0.111455
   0.111103
   0.110755
   0.110436
    0.11019
   0.110032
   0.109913
    0.10975
   0.109489
   0.109122
   0.108692
   0.108272
   0.107949
   0.107784
   0.107752
   0.107731
    0.10755
   0.107065
   0.106213
   0.105034
   0.103639
   0.102167
   0.100735
   0.099415
  0.0982402
  0.0972345
  0.0964107
  0.0957517
  0.0951955
  0.0946368
  0.0939609
   0.093099
  0.0920672
  0.0909675
  0.0899465
  0.0891269
  0.0885538
   0.088192
  0.0879662
  0.0878146
  0.0877198
  0.0876947
  0.0877421
  0.0878225
  0.0878572
  0.0877691
  0.0875264
  0.0871548
    0.08671
  0.0862375
  0.0857481
  0.0852194
  0.0846143
  0.0838986
  0.0830513
  0.0820721
  0.0809801
  0.0798079
  0.0785983
  0.0774083
  0.0763035
  0.0753321
  0.0744983
  0.0737653
  0.0730839
  0.0724091
  0.0716953
  0.0709058
  0.0700384
  0.0691412
  0.0683018
  0.0676135
  0.0671416
  0.0668996
   0.066836
  0.0668377
  0.0667654
   0.066513
  0.0660502
  0.0654119
  0.0646556
  0.0638297
  0.0629643
  0.0620797
  0.0612017
  0.0603655
  0.0596005
  0.0589091
  0.0582535
  0.0575641
   0.056768
  0.0558251
  0.0547462
  0.0535841
  0.0524049
  0.0512625
  0.0501929
   0.049219
  0.0483496
  0.0475711
  0.0468445
  0.0461182
  0.0453492
  0.0445186
  0.0436321
   0.042711
  0.0417815
  0.0408707
  0.0400063
  0.0392108
  0.0384887
  0.0378189
  0.0371599
  0.0364663
  0.0357066
  0.0348797
   0.034018
  0.0331716
  0.0323806
  0.0316556
  0.0309799
  0.0303256
  0.0296709
  0.0290104
  0.0283527
  0.0277069
  0.0270688
  0.0264218
  0.0257514
  0.0250597
  0.0243675
  0.0237039
  0.0230927
   0.022543
  0.0220478
    0.02159
  0.0211506
  0.0207115
  0.0202551
  0.0197667
  0.0192394
  0.0186806
    0.01811
  0.0175492
  0.0170109
  0.0164956
  0.0159951
  0.0155006
  0.0150063
  0.0145096
  0.0140084
  0.0135022
  0.0129958
  0.0125011
   0.012033
  0.0116025
  0.0112118
  0.0108542
  0.0105189
  0.0101964
 0.00988256
 0.00957925
 0.00929155
 0.00902388
 0.00877749
 0.00855003
 0.00833724
 0.00813607
 0.00794677
 0.00777121
 0.00760843
 0.00745183
 0.00729099
 0.00711654
 0.00692381
 0.00671329
  0.0064892
 0.00625778
 0.00602576
 0.00579928
 0.00558308
 0.00538014
 0.00519186
 0.00501854
 0.00485954
 0.00471316
 0.00457663
  0.0044466
 0.00432011
 0.00419574
 0.00407402
 0.00395688
 0.00384632
  0.0037433
 0.00364729
 0.00355664
 0.00346942
 0.00338415
 0.00330011
 0.00321718
 0.00313559
 0.00305588
 0.00297874
 0.00290491
 0.00283486
 0.00276867
 0.00270616
 0.00264678
  0.0025896
 0.00253335
 0.00247693
 0.00241995
 0.00236279
 0.00230635
 0.00225167
 0.00219971
  0.0021511
 0.00210597
 0.00206387
 0.00202401
 0.00198548
 0.00194765
 0.00191048
 0.00187439
 0.00183985
 0.00180687
 0.00177496
 0.00174354
  0.0017124
 0.00168189
 0.00165259
 0.00162481
 0.00159847
 0.00157314
 0.00154838
 0.00152393
 0.00149981
  0.0014762
 0.00145326
 0.00143102
 0.00140944
  0.0013885
 0.00136822
 0.00134868
 0.00132994
 0.00131199
  0.0012948
 0.00127827
 0.00126229
  0.0012468
 0.00123181
 0.00121732
 0.00120333
 0.00118981
 0.00117675
 0.00116414
 0.00115197
 0.00114018
 0.00112865
 0.00111726
 0.00110593
 0.00109466
 0.00108351
 0.00107255
 0.00106183
 0.00105134
 0.00104106
 0.00103102
 0.00102124
 0.00101173
  0.0010025
0.000993507
0.000984718
0.000976114
0.000967697
0.000959471
0.000951421
 0.00094351
0.000935702
0.000927986
0.000920368
0.000912865
0.000905496
0.000898275
0.000891209
  0.0008843
 0.00087754
0.000870919
0.000864431
0.000858074
 0.00085185
0.000845752
0.000839765
0.000833873
0.000828064
0.000822334
 0.00081668
0.000811095
0.000805575
0.000800117
0.000794726
0.000789412
0.000784183
0.000779042
0.000773987
0.000769012
0.000764116
0.000759294
0.000754543
0.000749855
0.000745225
0.000740651
0.000736133
0.000731673
0.000727272
0.000722928
0.000718636
0.000714391
0.000710191
0.000706037
0.000701928
0.000697866
 0.00069385
0.000689876
0.000685944
 0.00068205
0.000678193
0.000674375
0.000670597
 0.00066686
0.000663166
0.000659513
0.000655901
0.000652328
0.000648792
0.000645293
0.000641829
0.000638401
0.000635008
0.000631649
0.000628325
0.000625034
0.000621777
0.000618552
0.000615359
0.000612196
0.000609063
 0.00060596
0.000602885
0.000599838
0.000596819
0.000593827
0.000590862
0.000587924
0.000585012
0.000582127
0.000579266
0.000576431
0.000573619
0.000570833
 0.00056807
0.000565331
0.000562615
0.000559923
0.000557255
0.000554608
0.000551984
0.000549383
0.000546803
0.000544244
0.000541707
0.000539191
0.000536696
0.000534222
0.000531767
0.000529331
0.000526916
0.000524519
0.000522141
0.000519782
0.000517442
 0.00051512
0.000512815
0.000510529
 0.00050826
0.000506008
0.000503774
0.000501556
0.000499356
0.000497172
0.000495005
0.000492853
0.000490718
0.000488599
0.000486496
0.000484408
0.000482336
0.000480278
0.000478236
0.000476209
0.000474197
0.000472199
0.000470216
0.000468246
0.000466291
 0.00046435
0.000462423
0.000460509
0.000458609
0.000456722
0.000454848
0.000452987
 0.00045114
0.000449305
0.000447482
0.000445673
0.000443875
 0.00044209
0.000440317
0.000438556
0.000436807
 0.00043507
0.000433344
 0.00043163
0.000429928
0.000428236
0.000426556
0.000424887
0.000423229
0.000421582
0.000419946
 0.00041832
0.000416705