 0.00238279
 0.00241123
 0.00244025
 0.00246989
 0.00250015
 0.00253106
 0.00256264
  0.0025949
 0.00262787
 0.00266157
 0.00269602
 0.00273126
 0.00276729
 0.00280416
 0.00284189
  0.0028805
 0.00292003
 0.00296051
 0.00300197
 0.00304444
 0.00308796
 0.00313258
 0.00317832
 0.00322523
 0.00327336
 0.00332274
 0.00337342
 0.00342546
 0.00347891
 0.00353382
 0.00359024
 0.00364825
  0.0037079
 0.00376926
  0.0038324
 0.00389739
 0.00396432
 0.00403326
 0.00410431
 0.00417755
 0.00425309
 0.00433102
 0.00441146
 0.00449451
 0.00458031
 0.00466899
 0.00476067
 0.00485552
 0.00495368
 0.00505532
 0.00516061
 0.00526976
 0.00538294
  0.0055004
 0.00562234
 0.00574902
  0.0058807
 0.00601766
 0.00616021
 0.00630866
 0.00646338
 0.00662474
 0.00679314
 0.00696902
 0.00715285
 0.00734516
 0.00754649
 0.00775745
 0.00797869
 0.00821092
 0.00845493
 0.00871156
 0.00898173
 0.00926647
 0.00956687
 0.00988418
  0.0102197
   0.010575
  0.0109517
  0.0113515
  0.0117766
  0.0122291
  0.0127116
  0.0132268
  0.0137779
  0.0143685
  0.0150024
  0.0156843
  0.0164191
  0.0172126
  0.0180715
  0.0190033
  0.0200168
  0.0211218
    0.02233
   0.023655
  0.0251124
  0.0267207
  0.0285019
  0.0304819
  0.0326914
  0.0351677
  0.0379554
  0.0411091
  0.0446953
  0.0487962
  0.0535139
  0.0589765
  0.0653457
  0.0728277
   0.081688
  0.0922709
   0.105027
   0.120552
   0.139633
   0.163315
   0.192972
    0.23037
   0.277658
   0.337116
    0.41032
   0.496134
   0.587146
    0.66626
    0.70944
   0.699638
   0.641099
    0.55552
   0.465448
   0.384273
    0.31664
   0.262368
    0.21947
   0.185661
   0.158925
   0.137645
   0.120581
   0.106793
  0.0955756
  0.0863968
  0.0788548
  0.0726441
  0.0675317
  0.0633392
  0.0599305
  0.0572025
  0.0550784
  0.0535036
  0.0524423
  0.0518763
  0.0518042
  0.0522417
  0.0532232
  0.0548036
  0.0570586
  0.0600824
  0.0639745
    0.06881
  0.0745988
  0.0812865
  0.0888875
  0.0977204
     0.1085
   0.122176
   0.139718
   0.161948
   0.189313
   0.221497
   0.257072
   0.293296
   0.325923
   0.349038
   0.356082
   0.343527
   0.314597
   0.277589
   0.240331
   0.207013
   0.178729
   0.155202
   0.135837
   0.120045
   0.107314
  0.0972295
  0.0894296
  0.0835639
  0.0792812
  0.0762617
   0.074282
  0.0732553
  0.0731991
  0.0741866
  0.0763377
  0.0798156
  0.0847915
  0.0914054
  0.0997447
   0.109852
   0.121753
   0.135458
   0.150974
   0.168406
   0.187904
   0.209047
   0.229889
   0.246748
   0.255678
   0.254857
   0.245482
   0.230394
   0.212353
   0.193309
   0.174502
   0.156881
   0.141279
    0.12824
   0.117867
   0.109893
   0.103887
  0.0994482
   0.096311
  0.0943618
  0.0936254
  0.0942483
  0.0964495
   0.100439
   0.106352
   0.114222
   0.123993
   0.135555
   0.148731
   0.163182
    0.17833
   0.193385
    0.20734
     0.2188
   0.225892
   0.226753
   0.220627
   0.208607
   0.193116
   0.176689
   0.161128
   0.147302
   0.135368
   0.125115
     0.1163
   0.108812
   0.102671
  0.0979473
  0.0946947
  0.0929336
  0.0926496
  0.0938035
  0.0963573
   0.100309
   0.105718
   0.112715
    0.12149
   0.132296
   0.145434
   0.161192
   0.179673
   0.200424
   0.221892
   0.241139
   0.254511
   0.259305
   0.255194
   0.244034
   0.228425
   0.210526
   0.191782
   0.173164
   0.155425
   0.139189
    0.12491
   0.112818
   0.102919
  0.0950694
  0.0890545
  0.0846352
  0.0815605
  0.0795841
  0.0785013
  0.0781866
  0.0786043
  0.0797874
  0.0818075
  0.0847669
  0.0888144
  0.0941531
   0.101029
   0.109717
   0.120523
   0.133776
   0.149788
   0.168793
   0.190806
   0.215346
   0.241071
   0.265595
   0.285674
   0.297813
   0.299323
   0.289591
   0.270656
   0.246329
   0.220513
   0.196021
   0.174273
   0.155593
   0.139715
   0.126208
   0.114688
   0.104872
  0.0965719
  0.0896569
  0.0840122
  0.0795103
  0.0760097
  0.0733743
  0.0715001
   0.070328
  0.0698344
  0.0700159
   0.070886
  0.0724751
  0.0748177
   0.077935
   0.081839
  0.0865641
  0.0921943
  0.0988694
   0.106783
     0.1162
   0.127474
   0.141011
   0.157128
   0.175898
   0.197054
   0.219951
   0.243454
   0.265735
   0.284228
   0.296026
   0.298755
   0.291619
   0.275986
   0.254868
   0.231542
   0.208476
   0.187102
   0.168045
   0.151415
   0.137077
   0.124843
   0.114549
   0.106022
   0.099025
  0.0932567
  0.0884231
  0.0843026
  0.0807634
  0.0777493
  0.0752614
  0.0733405
  0.0720438
  0.0714065
  0.0714126
  0.0720059
  0.0731337
  0.0747836
  0.0770002
  0.0798795
  0.0835425
  0.0880976
   0.093616
   0.100129
   0.107643
   0.116164
   0.125721
   0.136363
   0.148127
   0.160971
   0.174674
   0.188805
   0.202778
   0.215971
   0.227826
    0.23786
   0.245598
   0.250502
   0.251917
   0.249099
   0.241551
   0.229605
    0.21458
    0.19823
   0.182049
   0.166983
   0.153484
   0.141635
   0.131254
   0.122057
   0.113837
   0.106534
   0.100164
  0.0947436
  0.0902487
  0.0866171
  0.0837567
  0.0815463
  0.0798366
  0.0784869
  0.0774192
    0.07663
  0.0761501
  0.0760058
  0.0762148
  0.0767977
  0.0777787
  0.0791672
   0.080949
  0.0831162
  0.0857165
  0.0888637
  0.0926941
  0.0973046
   0.102703
   0.108797
   0.115434
   0.122444
   0.129693
   0.137139
   0.144848
   0.152909
     0.1613
   0.169751
   0.177675
   0.184271
   0.188838
   0.191082
   0.191162
   0.189455
   0.186311
   0.181964
    0.17658
   0.170296
   0.163257
   0.155707
    0.14801
    0.14053
    0.13349
   0.126944
   0.120841
   0.115111
   0.109714
   0.104647
  0.0999529
  0.0957111
  0.0920098
  0.0888981
  0.0863601
  0.0843193
  0.0826727
  0.0813378
  0.0802732
   0.079467
  0.0789305
  0.0786984
  0.0788243
  0.0793632
  0.0803403
  0.0817284
  0.0834622
  0.0854807
  0.0877607
  0.0903207
  0.0932055
  0.0964646
   0.100141
   0.104269
   0.108864
   0.113914
   0.119383
   0.125238
   0.131487
   0.138216
   0.145574
   0.153723
    0.16277
    0.17273
   0.183454
   0.194501
   0.205066
   0.214049
   0.220303
   0.222993
   0.221866
   0.217298
   0.210165
   0.201585
   0.192583
   0.183794
   0.175427
   0.167499
    0.16007
   0.153261
   0.147174
   0.141848
   0.137272
   0.133378
    0.13006
   0.127201
   0.124704
   0.122508
   0.120602
   0.119034
   0.117904
   0.117317
   0.117326
    0.11791
   0.119003
   0.120551
   0.122498
   0.124749
   0.127191
   0.129741
   0.132372
   0.135095
   0.137913
   0.140798
   0.143704
   0.146594
   0.149408
   0.152027
   0.154308
   0.156166
   0.157613
   0.158718
   0.159541
   0.160116
   0.160477
    0.16067
    0.16072
   0.160615
   0.160355
   0.160004
   0.159662
   0.159401
   0.159207
   0.158997
   0.158678
   0.158199
    0.15754
   0.156733
   0.155868
   0.155034
    0.15422
   0.153299
   0.152159
    0.15081
   0.149368
    0.14791
   0.146404
   0.144767
   0.142971
   0.141086
   0.139214
   0.137446
   0.135857
   0.134505
   0.133405
   0.132502
   0.131694
   0.130894
   0.130072
   0.129268
   0.128564
   0.128067
   0.127892
    0.12812
   0.128737
   0.129609
    0.13054
   0.131359
   0.131989
   0.132491
   0.133029
   0.133772
    0.13483
   0.136248
   0.138005
   0.140033
   0.142225
   0.144439
   0.146514
   0.148317
   0.149791
   0.150975
   0.151994
   0.152986
   0.154037
   0.155159
   0.156314
   0.157417
   0.158322
   0.158846
   0.158852
   0.158368
   0.157604
   0.156845
   0.156277
   0.155906
   0.155593
    0.15516
   0.154463
    0.15341
   0.151949
   0.150087
   0.147912
   0.145578
   0.143252
   0.141078
   0.139156
   0.137539
   0.136216
   0.135109
   0.134085
   0.133001
   0.131769
   0.130393
   0.128978
   0.127695
   0.126726
   0.126213
   0.126197
   0.126595
   0.127236
   0.127934
   0.128558
   0.129087
     0.1296
    0.13023
   0.131115
   0.132351
   0.133943
   0.135798
   0.137761
   0.139655
   0.141323
   0.142691
   0.143818
   0.144859
    0.14599
   0.147305
   0.148757
   0.150166
   0.151298
   0.151938
   0.151967
   0.151428
   0.150532
   0.149573
   0.148801
   0.148305
   0.147966
   0.147546
   0.146826
   0.145676
   0.144055
   0.142036
    0.13981
   0.137654
   0.135837
    0.13449
   0.133524
   0.132682
   0.131687
   0.130357
   0.128632
   0.126591
   0.124463
   0.122598
   0.121344
   0.120896
   0.121232
   0.122143
   0.123318
   0.124431
   0.125216
   0.125552
   0.125546
   0.125509
   0.125819
    0.12674
   0.128327
   0.130447
   0.132837
   0.135148
   0.137041
   0.138343
   0.139167
   0.139861
   0.140789
   0.142101
   0.143655
   0.145122
   0.146127
   0.146378
   0.145771
   0.144467
   0.142837
   0.141264
   0.139946
   0.138824
   0.137676
   0.136273
   0.134477
   0.132289
   0.129881
    0.12756
   0.125599
   0.124074
   0.122837
   0.121631
   0.120261
   0.118669
   0.116927
     0.1152
   0.113738
   0.112838
   0.112696
   0.113258
   0.114224
   0.115243
   0.116093
   0.116749
   0.117318
   0.117963
   0.118856
   0.120154
   0.121878
   0.123807
   0.125503
   0.126534
     0.1267
   0.126085
   0.124903
   0.123367
    0.12165
   0.119896
    0.11816
   0.116357
   0.114298
   0.111798
   0.108774
   0.105286
   0.101514
  0.0976798
  0.0939376
  0.0903304
  0.0868374
  0.0834597
  0.0802594
  0.0773342
  0.0747655
  0.0725854
  0.0707787
  0.0692958
  0.0680527
  0.0669353
  0.0658282
  0.0646553
  0.0634084
  0.0621391
  0.0608939
  0.0596375
  0.0582458
  0.0565731
  0.0545279
  0.0521053
  0.0493729
  0.0464394
  0.0434287
  0.0404498
  0.0375699
  0.0348219
  0.0322341
  0.0298378
  0.0276504
  0.0256661
  0.0238625
  0.0222145
  0.0207056
  0.0193295
  0.0180841
   0.016968
  0.0159809
  0.0151194
  0.0143705
  0.0137112
  0.0131146
  0.0125566
  0.0120197
  0.0114946
  0.0109789
  0.0104772
 0.00999806
 0.00954767
 0.00912224
 0.00871047
 0.00830317
 0.00790037
 0.00751006
 0.00714163
 0.00680033
 0.00648644
 0.00619756
 0.00593106
 0.00568496
 0.00545813
 0.00524976
 0.00505881
 0.00488382
 0.00472311
 0.00457503
 0.00443812
 0.00431105
 0.00419262
 0.00408183
 0.00397795
 0.00388043
 0.00378874
 0.00370227
 0.00362038
 0.00354253
 0.00346825
 0.00339718
 0.00332897
 0.00326339
 0.00320039
 0.00313999
 0.00308213
 0.00302655
 0.00297294
 0.00292105
 0.00287077
 0.00282203
 0.00277478
 0.00272899
 0.00268467
 0.00264182
 0.00260043
 0.00256045
 0.00252182
 0.00248444
 0.00244826
 0.00241318
 0.00237916
 0.00234611
   0.002314
 0.00228276
 0.00225237
 0.00222278
 0.00219394
 0.00216584
 0.00213844
  0.0021117
 0.00208561
 0.00206013
 0.00203525
 0.00201094
 0.00198717
 0.00196394
 0.00194122
   0.001919
 0.00189725
 0.00187596
 0.00185512
 0.00183471
 0.00181471
 0.00179512
 0.00177592
  0.0017571
 0.00173865
 0.00172056
 0.00170281
  0.0016854
 0.00166831
 0.00165155
 0.00163508
 0.00161892
 0.00160305
 0.00158746
 0.00157215
 0.00155711
 0.00154233
  0.0015278
 0.00151352
 0.00149948
 0.00148568
  0.0014721
 0.00145875
 0.00144562
  0.0014327
 0.00141999
 0.00140748
 0.00139517
 0.00138305
 0.00137112
 0.00135937
 0.00134781
 0.00133641
 0.00132519
 0.00131414
 0.00130325
 0.00129253
 0.00128196
 0.00127154
 0.00126127
 0.00125115
 0.00124118
 0.00123134
 0.00122164
 0.00121208
 0.00120265
 0.00119335
 0.00118417
 0.00117512
 0.00116619
 0.00115738
 0.00114869
 0.00114011
 0.00113165
 0.00112329
 0.00111504
  0.0011069
 0.00109887
 0.00109093
  0.0010831
 0.00107536
 0.00106772
 0.00106017
 0.00105272
 0.00104536
 0.00103809
  0.0010309
  0.0010238
 0.00101679
 0.00100986
 0.00100301
0.000996248
 0.00098956
 0.00098295
0.000976416
0.000969957
0.000963573
0.000957261
 0.00095102
0.000944849
0.000938748
0.000932714
0.000926748
0.000920846
 0.00091501
0.000909237
0.000903527
0.000897879
0.000892291
0.000886762
0.000881293
0.000875881
0.000870526
0.000865228
0.000859984
0.000854795
 0.00084966
0.000844577
0.000839546
0.000834566
0.000829637
0.000824757
0.000819926
0.000815144
0.000810409
0.000805721
0.000801079
0.000796482
 0.00079193
0.000787423
0.000782959
0.000778538
0.000774159
0.000769822
0.000765527
0.000761272
0.000757057
0.000752881
0.000748745