 0.00124007
 0.00124909
 0.00125822
 0.00126745
 0.00127679
 0.00128624
 0.00129579
 0.00130547
 0.00131525
 0.00132515
 0.00133518
 0.00134532
 0.00135558
 0.00136597
 0.00137648
 0.00138713
  0.0013979
 0.00140881
 0.00141985
 0.00143103
 0.00144235
 0.00145381
 0.00146542
 0.00147717
 0.00148907
 0.00150113
 0.00151334
 0.00152571
 0.00153824
 0.00155093
 0.00156379
 0.00157682
 0.00159002
  0.0016034
 0.00161696
  0.0016307
 0.00164462
 0.00165873
 0.00167304
 0.00168754
 0.00170224
 0.00171715
 0.00173226
 0.00174759
 0.00176313
 0.00177889
 0.00179487
 0.00181109
 0.00182753
 0.00184421
 0.00186114
 0.00187831
 0.00189574
 0.00191342
 0.00193136
 0.00194957
 0.00196806
 0.00198682
 0.00200587
 0.00202521
 0.00204485
 0.00206478
 0.00208503
 0.00210559
 0.00212648
  0.0021477
 0.00216925
 0.00219114
 0.00221339
   0.002236
 0.00225897
 0.00228232
 0.00230606
 0.00233019
 0.00235471
 0.00237965
 0.00240501
  0.0024308
 0.00245703
 0.00248371
 0.00251085
 0.00253846
 0.00256656
 0.00259514
 0.00262424
 0.00265385
   0.002684
 0.00271469
 0.00274594
 0.00277776
 0.00281017
 0.00284317
  0.0028768
 0.00291105
 0.00294596
 0.00298153
 0.00301778
 0.00305474
 0.00309241
 0.00313082
 0.00316999
 0.00320994
 0.00325069
 0.00329226
 0.00333467
 0.00337795
 0.00342213
 0.00346722
 0.00351326
 0.00356027
 0.00360827
 0.00365731
  0.0037074
 0.00375858
 0.00381088
 0.00386434
 0.00391899
 0.00397487
   0.004032
 0.00409045
 0.00415023
  0.0042114
 0.00427401
 0.00433808
 0.00440368
 0.00447086
 0.00453966
 0.00461013
 0.00468234
 0.00475635
  0.0048322
 0.00490997
 0.00498973
 0.00507154
 0.00515547
  0.0052416
    0.00533
 0.00542077
 0.00551398
 0.00560973
 0.00570811
 0.00580922
 0.00591316
 0.00602004
 0.00612997
 0.00624308
 0.00635949
 0.00647932
 0.00660272
 0.00672983
 0.00686081
 0.00699581
   0.007135
 0.00727857
 0.00742669
 0.00757956
  0.0077374
 0.00790042
 0.00806885
 0.00824294
 0.00842295
 0.00860915
 0.00880183
 0.00900131
  0.0092079
 0.00942195
 0.00964383
 0.00987392
  0.0101127
  0.0103605
  0.0106178
  0.0108852
  0.0111632
  0.0114523
  0.0117532
  0.0120664
  0.0123928
  0.0127331
   0.013088
  0.0134584
  0.0138452
  0.0142494
  0.0146722
  0.0151146
  0.0155778
  0.0160634
  0.0165725
   0.017107
  0.0176684
  0.0182586
  0.0188796
  0.0195337
  0.0202231
  0.0209506
   0.021719
  0.0225313
  0.0233911
   0.024302
  0.0252684
  0.0262946
  0.0273859
  0.0285478
  0.0297865
   0.031109
   0.032523
  0.0340372
  0.0356611
  0.0374057
  0.0392832
  0.0413075
  0.0434941
  0.0458609
  0.0484282
  0.0512191
  0.0542603
  0.0575825
  0.0612212
  0.0652176
  0.0696199
  0.0744846
   0.079878
  0.0858791
  0.0925817
   0.100098
   0.108564
   0.118143
   0.129038
   0.141495
   0.155823
   0.172406
   0.191731
   0.214419
   0.241271
   0.273329
   0.311967
   0.359012
   0.416921
   0.489027
   0.579874
   0.695652
   0.844666
     1.0376
    1.28679
    1.60246
    1.98202
    2.38873
    2.72961
    2.87598
    2.75708
    2.43114
    2.02602
    1.64089
     1.3178
    1.06182
   0.863417
   0.710222
   0.591308
   0.498115
   0.424246
   0.365001
   0.316935
   0.277508
   0.244834
   0.217498
   0.194426
   0.174794
   0.157965
   0.143438
    0.13082
   0.119794
   0.110109
   0.101557
  0.0939708
  0.0872124
   0.081167
  0.0757388
  0.0708475
  0.0664256
  0.0624156
  0.0587684
  0.0554422
   0.052401
  0.0496134
  0.0470526
   0.044695
    0.04252
  0.0405096
   0.038648
  0.0369211
  0.0353165
  0.0338234
  0.0324318
  0.0311332
  0.0299196
  0.0287841
  0.0277204
  0.0267229
  0.0257865
  0.0249065
  0.0240787
  0.0232995
  0.0225653
   0.021873
  0.0212198
   0.020603
  0.0200203
  0.0194695
  0.0189485
  0.0184557
  0.0179891
  0.0175474
  0.0171291
  0.0167328
  0.0163574
  0.0160018
  0.0156648
  0.0153456
  0.0150433
  0.0147571
  0.0144861
  0.0142298
  0.0139874
  0.0137584
  0.0135423
  0.0133385
  0.0131465
  0.0129659
  0.0127964
  0.0126376
  0.0124891
  0.0123506
   0.012222
  0.0121028
   0.011993
  0.0118923
  0.0118006
  0.0117176
  0.0116434
  0.0115777
  0.0115206
  0.0114718
  0.0114315
  0.0113996
  0.0113762
  0.0113611
  0.0113546
  0.0113567
  0.0113674
  0.0113869
  0.0114155
  0.0114531
  0.0115002
  0.0115568
  0.0116233
     0.0117
  0.0117873
  0.0118855
   0.011995
  0.0121163
    0.01225
  0.0123967
  0.0125569
  0.0127314
  0.0129209
  0.0131264
  0.0133487
   0.013589
  0.0138483
  0.0141279
  0.0144292
  0.0147538
  0.0151034
  0.0154798
  0.0158853
   0.016322
  0.0167928
  0.0173004
  0.0178481
  0.0184397
  0.0190792
  0.0197713
  0.0205213
   0.021335
  0.0222193
  0.0231818
  0.0242315
  0.0253784
  0.0266342
  0.0280124
  0.0295289
  0.0312019
  0.0330529
  0.0351075
  0.0373956
  0.0399531
  0.0428232
  0.0460578
  0.0497201
  0.0538876
   0.058656
  0.0641442
  0.0705019
   0.077919
  0.0866385
  0.0969753
   0.109342
   0.124283
   0.142528
   0.165062
    0.19322
   0.228817
   0.274283
   0.332759
   0.407918
   0.502995
   0.617925
    0.74353
    0.85532
   0.918609
   0.914137
   0.858635
    0.78887
   0.732434
   0.696205
   0.668935
   0.630878
   0.570036
    0.49206
   0.411718
   0.340018
   0.280871
   0.233797
   0.196759
   0.167574
   0.144405
   0.125825
   0.110766
  0.0984337
  0.0882379
  0.0797376
  0.0726001
  0.0665724
  0.0614605
   0.057115
  0.0534203
  0.0502873
  0.0476481
  0.0454525
  0.0436652
   0.042265
  0.0412441
  0.0406089
  0.0403819
  0.0406052
  0.0413454
  0.0427016
  0.0448167
   0.047892
  0.0522056
  0.0581262
  0.0661052
  0.0765863
  0.0897126
   0.104654
   0.118653
   0.126978
   0.125623
   0.115046
  0.0996912
  0.0840396
  0.0704442
  0.0594882
  0.0509327
  0.0443121
  0.0391795
  0.0351743
  0.0320246
  0.0295307
  0.0275475
  0.0259703
  0.0247237
  0.0237545
  0.0230265
  0.0225178
  0.0222189
  0.0221326
  0.0222742
  0.0226725
  0.0233685
  0.0244059
  0.0258012
  0.0274751
  0.0291498
  0.0303277
  0.0305474
  0.0297919
  0.0285072
  0.0272058
  0.0261894
  0.0255562
  0.0253023
  0.0253948
  0.0258044
  0.0265164
  0.0275339
  0.0288787
  0.0305927
  0.0327417
  0.0354208
  0.0387628
  0.0429481
  0.0482121
  0.0548382
  0.0631022
  0.0731007
  0.0843889
  0.0955686
   0.104556
   0.110215
   0.113857
   0.118408
   0.126554
   0.139961
   0.159185
   0.183081
   0.207455
   0.224639
   0.227292
   0.214945
   0.194541
   0.174094
   0.158282
   0.148481
   0.144055
   0.143129
   0.143294
   0.143079
   0.143151
   0.145555
   0.152178
   0.164249
   0.182771
   0.208973
   0.243911
   0.286742
   0.331884
   0.367204
   0.378639
   0.361538
   0.324633
   0.280581
   0.237768
   0.200213
   0.169518
   0.145811
    0.12841
   0.116427
   0.109091
   0.105808
   0.105985
    0.10868
   0.112284
    0.11486
   0.115267
   0.113688
   0.110996
   0.108164
   0.105883
   0.104087
   0.101733
  0.0974652
  0.0910917
  0.0839976
  0.0779108
  0.0738825
  0.0722293
  0.0727679
  0.0749177
  0.0778051
  0.0806427
  0.0830307
  0.0845754
  0.0846327
  0.0830864
  0.0808057
  0.0786693
  0.0765797
  0.0738148
  0.0701883
  0.0664016
   0.063276
  0.0611577
  0.0599974
  0.0596524
  0.0601147
  0.0616222
  0.0646259
  0.0696216
  0.0769104
  0.0863109
  0.0968545
   0.106796
   0.114193
    0.11758
   0.116481
   0.111659
   0.104693
  0.0973113
  0.0907046
  0.0851677
  0.0805417
  0.0766738
  0.0732661
    0.06981
  0.0660838
  0.0624934
  0.0597213
  0.0582102
  0.0579854
  0.0587605
   0.060213
  0.0622746
  0.0651422
  0.0690865
  0.0743862
  0.0812126
  0.0891485
  0.0967312
   0.101946
   0.103766
   0.102918
   0.100993
  0.0994009
  0.0988333
   0.099201
    0.10009
   0.101309
    0.10299
   0.105285
   0.108238
   0.112051
   0.117281
   0.124584
   0.134415
   0.147081
   0.162446
   0.178958
   0.193535
   0.203466
   0.208467
   0.210065
   0.209154
   0.205303
   0.198552
   0.190522
   0.183185
   0.177505
    0.17314
   0.168589
   0.162117
    0.15305
   0.142262
   0.131581
     0.1227
    0.11646
   0.112751
   0.110643
   0.108532
   0.104861
  0.0993961
  0.0933652
  0.0881332
  0.0843349
  0.0821286
   0.081562
  0.0825158
  0.0845484
  0.0869541
  0.0890674
  0.0905206
  0.0912367
  0.0912757
  0.0905797
  0.0888962
  0.0860725
  0.0822979
  0.0780484
  0.0739187
  0.0704301
  0.0678737
   0.066283
  0.0654793
  0.0651632
  0.0650854
  0.0651019
  0.0651049
  0.0650652
  0.0651084
  0.0654946
  0.0665391
  0.0684754
   0.071184
  0.0739798
  0.0759609
  0.0767911
  0.0768446
  0.0766161
  0.0763632
  0.0761185
  0.0757086
  0.0748173
  0.0732426
  0.0710682
  0.0685983
  0.0662479
  0.0643525
  0.0629763
  0.0619499
  0.0611568
  0.0607515
  0.0609811
  0.0619052
  0.0634395
  0.0656163
  0.0685852
  0.0722336
  0.0760052
   0.079283
  0.0818273
  0.0837064
   0.085073
  0.0861812
  0.0873046
  0.0884791
  0.0895224
  0.0902371
  0.0903661
  0.0895539
  0.0876576
  0.0849275
  0.0817175
  0.0782179
  0.0745533
  0.0710084
  0.0679923
  0.0657657
  0.0643251
  0.0635356
  0.0632599
  0.0633663
  0.0636992
  0.0640802
  0.0644205
  0.0647785
  0.0652028
   0.065581
  0.0656779
  0.0652895
  0.0643471
  0.0628925
  0.0610328
  0.0589152
  0.0566315
  0.0541658
  0.0515084
  0.0487676
  0.0461162
  0.0437017
  0.0416543
  0.0400791
  0.0389884
  0.0382858
  0.0378495
  0.0376341
  0.0376719
  0.0379743
   0.038458
  0.0389678
  0.0393727
  0.0396469
  0.0398555
  0.0400614
  0.0402471
  0.0403286
  0.0402444
  0.0400088
  0.0396818
   0.039342
  0.0390772
  0.0389368
  0.0388695
  0.0387374
  0.0384195
   0.037885
  0.0371707
  0.0363506
  0.0355391
  0.0348541
  0.0343465
  0.0339889
  0.0337328
  0.0335706
  0.0335682
  0.0338464
  0.0345055
  0.0355363
  0.0368115
  0.0381727
  0.0394781
  0.0405735
  0.0413207
    0.04169
  0.0417653
  0.0416302
  0.0412643
  0.0405614
  0.0394533
  0.0380082
  0.0364165
  0.0348894
  0.0335743
  0.0325399
  0.0317879
  0.0312737
  0.0309377
  0.0307325
  0.0306262
  0.0305831
  0.0305486
  0.0304534
  0.0302401
  0.0298733
  0.0293291
  0.0285894
  0.0276412
   0.026494
  0.0252061
    0.02387
  0.0225614
  0.0213112
  0.0201288
   0.019033
  0.0180516
  0.0172093
  0.0165247
  0.0160095
  0.0156574
  0.0154287
  0.0152552
  0.0150721
  0.0148424
    0.01456
  0.0142377
  0.0138898
  0.0135257
  0.0131525
   0.012774
  0.0123903
  0.0120048
  0.0116339
   0.011309
  0.0110583
  0.0108849
  0.0107712
  0.0107035
  0.0106747
  0.0106664
  0.0106509
  0.0106149
  0.0105651
  0.0105126
  0.0104597
  0.0103991
   0.010318
  0.0102077
  0.0100762
 0.00995316
 0.00987846
 0.00987679
 0.00994271
   0.010047
  0.0101511
  0.0102175
  0.0102181
  0.0101434
  0.0100015
 0.00980318
 0.00955436
 0.00926391
  0.0089477
  0.0086245
 0.00831254
 0.00802567
 0.00776994
 0.00754549
 0.00735039
 0.00718359
 0.00704517
 0.00693378
 0.00684454
 0.00676931
 0.00669795
 0.00661906
 0.00652148
 0.00639562
 0.00623446
 0.00603684
 0.00580992
   0.005566
 0.00531646
 0.00506846
 0.00482552
 0.00459105
 0.00437042
  0.0041694
 0.00399244
 0.00384274
 0.00372221
 0.00362996
 0.00356079
 0.00350606
 0.00345688
  0.0034061
 0.00334917
 0.00328452
 0.00321293
 0.00313627
 0.00305688
 0.00297715
 0.00289851
   0.002821
 0.00274427
 0.00266908
 0.00259762
 0.00253163
 0.00247095
 0.00241463
 0.00236245
 0.00231467
 0.00227115
 0.00223143
 0.00219559
 0.00216473
 0.00213978
 0.00211973
 0.00210175
 0.00208334
  0.0020644
 0.00204688
 0.00203262
 0.00202184
 0.00201303
 0.00200396
 0.00199223
 0.00197567
 0.00195309
 0.00192473
 0.00189188
  0.0018559
 0.00181743
 0.00177641
  0.0017327
 0.00168693
 0.00164078
 0.00159633
 0.00155512
 0.00151791
 0.00148484
 0.00145556
 0.00142956
 0.00140663
  0.0013867
 0.00136941
 0.00135386
 0.00133864
 0.00132215
 0.00130322
 0.00128122
 0.00125598
 0.00122782
 0.00119766
 0.00116664
 0.00113571
  0.0011055
 0.00107644
 0.00104893
 0.00102338
 0.00100023
0.000979757
0.000962023
0.000946845
 0.00093387
0.000922621
0.000912531
0.000902982
0.000893408
0.000883435
 0.00087293
0.000861971
 0.00085077
0.000839573