0.00124007
0.00124827
0.00125655
0.00126492
0.00127338
0.00128193
0.00129057
 0.0012993
0.00130812
0.00131704
0.00132606
0.00133518
0.00134439
0.00135371
0.00136312
0.00137265
0.00138227
0.00139201
0.00140185
0.00141181
0.00142187
0.00143205
0.00144235
0.00145276
 0.0014633
0.00147395
0.00148473
0.00149563
0.00150666
0.00151782
0.00152911
0.00154054
 0.0015521
0.00156379
0.00157563
0.00158761
0.00159974
0.00161201
0.00162443
  0.001637
0.00164973
0.00166262
0.00167566
0.00168887
0.00170224
0.00171579
 0.0017295
0.00174339
0.00175745
 0.0017717
0.00178613
0.00180074
0.00181555
0.00183055
0.00184574
0.00186114
0.00187674
0.00189255
0.00190857
0.00192481
0.00194126
0.00195794
0.00197485
0.00199199
0.00200937
0.00202698
0.00204485
0.00206296
0.00208133
0.00209995
0.00211885
0.00213801
0.00215745
0.00217717
0.00219718
0.00221748
0.00223807
0.00225897
0.00228019
0.00230171
0.00232357
0.00234575
0.00236827
0.00239113
0.00241434
0.00243791
0.00246185
0.00248616
0.00251085
0.00253593
0.00256141
 0.0025873
 0.0026136
0.00264033
0.00266749
 0.0026951
0.00272316
0.00275168
0.00278068
0.00281017
0.00284015
0.00287064
0.00290165
0.00293319
0.00296528
0.00299792
0.00303114
0.00306494
0.00309934
0.00313435
0.00316999
0.00320627
0.00324322
0.00328084
0.00331915
0.00335817
0.00339792
0.00343842
0.00347968
0.00352173
0.00356459
0.00360827
0.00365281
0.00369821
0.00374451
0.00379173
 0.0038399
0.00388903
0.00393916
0.00399032
0.00404253
0.00409582
0.00415023
0.00420578
0.00426252
0.00432046
0.00437965
0.00444013
0.00450193
0.00456509
0.00462965
0.00469566
0.00476317
 0.0048322
0.00490282
0.00497508
0.00504902
 0.0051247
0.00520217
0.00528149
0.00536273
0.00544595
 0.0055312
0.00561857
0.00570811
0.00579991
0.00589405
0.00599059
0.00608964
0.00619127
0.00629558
0.00640266
0.00651261
0.00662555
0.00674158
0.00686081
0.00698337
0.00710937
0.00723897
0.00737228
0.00750947
0.00765068
0.00779606
0.00794581
0.00810007
0.00825906
0.00842295
0.00859196
0.00876631
0.00894621
0.00913193
 0.0093237
0.00952181
0.00972653
0.00993816
  0.010157
 0.0103835
 0.0106178
 0.0108605
 0.0111118
 0.0113723
 0.0116424
 0.0119225
 0.0122131
 0.0125149
 0.0128284
 0.0131541
 0.0134928
 0.0138452
 0.0142119
 0.0145939
 0.0149919
 0.0154069
 0.0158398
 0.0162918
 0.0167639
 0.0172573
 0.0177735
 0.0183138
 0.0188796
 0.0194728
  0.020095
 0.0207483
 0.0214346
 0.0221564
  0.022916
 0.0237162
 0.0245599
 0.0254504
 0.0263911
 0.0273859
 0.0284391
 0.0295553
 0.0307396
 0.0319977
 0.0333359
 0.0347611
 0.0362809
  0.037904
 0.0396399
 0.0414993
 0.0434941
 0.0456378
 0.0479455
 0.0504343
 0.0531236
 0.0560354
 0.0591949
 0.0626307
 0.0663758
 0.0704682
 0.0749519
  0.079878
 0.0853061
 0.0913061
 0.0979601
  0.105366
  0.113639
  0.122919
  0.133372
  0.145203
  0.158657
  0.174041
  0.191731
  0.212198
  0.236036
  0.263998
  0.297052
  0.336446
   0.38381
  0.441289
  0.511718
  0.598858
  0.707682
  0.844666
   1.01793
   1.23676
   1.50952
   1.83788
   2.20502
   2.55951
   2.81151
   2.86976
   2.70972
   2.39568
   2.02602
   1.67362
   1.37141
   1.12541
  0.929692
  0.775003
   0.65249
  0.554822
  0.476277
  0.412502
  0.360213
  0.316935
  0.280789
  0.250342
  0.224491
  0.202379
  0.183335
   0.16683
  0.152439
  0.139822
  0.128705
  0.118862
  0.110109
  0.102292
 0.0952848
 0.0889805
 0.0832892
 0.0781351
 0.0734532
 0.0691885
 0.0652933
 0.0617268
 0.0584533
 0.0554422
 0.0526665
 0.0501027
   0.04773
 0.0455302
 0.0434872
 0.0415868
 0.0398162
 0.0381642
 0.0366206
 0.0351763
 0.0338234
 0.0325544
 0.0313627
 0.0302425
 0.0291884
 0.0281954
 0.0272591
 0.0263756
  0.025541
 0.0247522
 0.0240059
 0.0232995
 0.0226303
 0.0219959
 0.0213942
 0.0208232
 0.0202811
 0.0197661
 0.0192767
 0.0188114
 0.0183689
  0.017948
 0.0175474
 0.0171662
 0.0168033
 0.0164578
 0.0161289
 0.0158157
 0.0155176
 0.0152338
 0.0149637
 0.0147067
 0.0144622
 0.0142298
 0.0140089
 0.0137991
    0.0136
 0.0134112
 0.0132323
  0.013063
  0.012903
  0.012752
 0.0126098
 0.0124761
 0.0123506
 0.0122333
 0.0121238
 0.0120221
 0.0119279
 0.0118412
 0.0117618
 0.0116896
 0.0116246
 0.0115667
 0.0115158
 0.0114718
 0.0114349
 0.0114048
 0.0113817
 0.0113656
 0.0113565
 0.0113545
 0.0113595
 0.0113718
 0.0113915
 0.0114185
 0.0114531
 0.0114955
 0.0115458
 0.0116042
 0.0116709
 0.0117463
 0.0118305
 0.0119239
 0.0120269
 0.0121397
 0.0122628
 0.0123967
 0.0125417
 0.0126986
 0.0128677
 0.0130498
 0.0132455
 0.0134557
  0.013681
 0.0139225
  0.014181
 0.0144577
 0.0147538
 0.0150705
 0.0154093
 0.0157717
 0.0161594
 0.0165744
 0.0170188
 0.0174947
  0.018005
 0.0185523
 0.0191399
 0.0197713
 0.0204506
  0.021182
 0.0219707
 0.0228222
 0.0237429
 0.0247401
 0.0258217
 0.0269973
 0.0282774
 0.0296742
 0.0312019
 0.0328767
 0.0347175
 0.0367464
 0.0389894
 0.0414768
 0.0442448
 0.0473363
 0.0508029
 0.0547068
 0.0591231
 0.0641442
 0.0698834
 0.0764815
 0.0841148
 0.0930057
  0.103438
  0.115775
   0.13049
    0.1482
  0.169717
  0.196117
  0.228817
  0.269664
  0.320997
  0.385554
  0.465999
  0.563509
  0.674773
  0.787562
  0.878755
  0.922839
  0.910692
  0.858635
  0.794933
  0.741118
  0.704461
  0.679044
  0.650662
    0.6061
  0.542921
  0.469784
  0.397839
  0.334109
  0.280871
  0.237628
  0.202848
  0.174867
  0.152233
  0.133777
  0.118597
  0.106001
  0.095462
 0.0865773
 0.0790367
 0.0726001
   0.06708
 0.0623291
 0.0582313
 0.0546946
 0.0516465
 0.0490298
 0.0468005
 0.0449257
 0.0433823
 0.0421566
 0.0412441
 0.0406502
 0.0403912
 0.0404964
  0.041011
 0.0420008
 0.0435584
 0.0458111
 0.0489319
 0.0531502
 0.0587593
 0.0661052
  0.075522
 0.0871465
  0.100513
  0.113943
  0.124223
  0.127662
  0.122658
  0.111114
 0.0967679
 0.0827003
 0.0704442
 0.0603786
 0.0523301
 0.0459527
 0.0408985
 0.0368743
   0.03365
 0.0310505
 0.0289442
 0.0272331
 0.0258443
 0.0247237
 0.0238322
 0.0231421
 0.0226355
 0.0223034
 0.0221448
 0.0221673
 0.0223874
 0.0228309
 0.0235306
 0.0245181
 0.0258012
 0.0273169
 0.0288658
 0.0300872
  0.030592
 0.0302345
 0.0292395
 0.0280146
 0.0268933
 0.0260451
 0.0255179
 0.0253023
  0.025373
 0.0257072
 0.0262924
 0.0271276
 0.0282247
 0.0296087
 0.0313195
 0.0334149
 0.0359745
 0.0391053
 0.0429481
 0.0476817
 0.0535187
 0.0606744
 0.0692752
 0.0791623
 0.0896056
 0.0991932
  0.106422
  0.110951
  0.114187
  0.118408
  0.125613
   0.13709
  0.153388
  0.174033
  0.196743
  0.216686
  0.227509
  0.225214
  0.211574
  0.192585
  0.174094
  0.159474
  0.149825
  0.144818
  0.143214
  0.143221
  0.143254
  0.142977
  0.143484
  0.146401
  0.153035
  0.164249
   0.18079
  0.203579
  0.233504
  0.270468
  0.311709
  0.350075
  0.374686
  0.376636
   0.35591
  0.320757
  0.280581
  0.241482
  0.206554
  0.177182
  0.153657
  0.135595
  0.122342
  0.113256
  0.107817
  0.105603
  0.106145
   0.10868
  0.111972
  0.114538
   0.11538
  0.114443
  0.112294
  0.109672
  0.107253
  0.105372
  0.103744
   0.10144
 0.0974652
 0.0917288
  0.085257
 0.0793955
 0.0750764
 0.0726884
 0.0722284
 0.0734053
  0.075671
 0.0783414
 0.0808823
 0.0830307
 0.0844872
 0.0847529
 0.0836297
 0.0816487
  0.079603
 0.0777555
 0.0756841
 0.0728938
 0.0694837
  0.066081
  0.063276
 0.0613084
 0.0601443
 0.0596701
 0.0598438
 0.0607822
 0.0627707
 0.0661894
 0.0713782
 0.0784789
 0.0872438
 0.0968545
   0.10597
  0.113113
  0.117104
  0.117376
  0.114222
   0.10865
  0.101975
  0.095405
 0.0896211
 0.0847122
 0.0805417
 0.0769997
 0.0738743
 0.0707812
 0.0674566
 0.0640641
 0.0610958
 0.0590158
 0.0580294
 0.0580629
  0.058868
  0.060213
 0.0620578
 0.0645487
 0.0678883
 0.0722852
 0.0779258
 0.0847447
 0.0920541
 0.0984628
  0.102529
  0.103778
  0.102918
  0.101171
 0.0996227
 0.0988805
 0.0989855
 0.0996431
    0.1006
  0.101856
  0.103552
  0.105772
  0.108543
   0.11205
  0.116728
  0.123079
  0.131463
  0.142136
  0.155182
  0.169971
  0.184661
  0.196769
   0.20471
  0.208731
  0.210067
  0.209349
  0.206241
  0.200609
   0.19345
   0.18634
  0.180385
  0.175822
  0.171996
  0.167594
  0.161397
  0.153051
  0.143271
  0.133433
  0.124881
  0.118415
  0.114166
   0.11168
  0.109972
  0.107728
  0.103979
 0.0988475
 0.0933654
 0.0885539
 0.0849089
 0.0825676
 0.0815788
 0.0819123
 0.0833433
  0.085418
 0.0875797
 0.0893849
 0.0906143
 0.0912354
 0.0912984
   0.09077
 0.0894667
 0.0872273
 0.0841075
 0.0803927
 0.0765051
 0.0728897
 0.0698944
 0.0676922
 0.0662836
 0.0655272
 0.0651965
 0.0650912
 0.0650914
 0.0651093
 0.0650878
 0.0650594
 0.0651664
 0.0656262
 0.0666763
 0.0684752
   0.07092
 0.0735091
 0.0755372
  0.076609
 0.0768814
 0.0767543
 0.0765205
 0.0762982
 0.0760642
 0.0756536
 0.0748218
 0.0734208
 0.0715025
 0.0692774
 0.0670527
 0.0651277
 0.0636486
 0.0625558
  0.061699
 0.0610452
  0.060751
 0.0609975
 0.0618206
 0.0631512
  0.064988
 0.0674425
 0.0705276
 0.0739533
 0.0772328
 0.0800051
 0.0821876
 0.0838451
 0.0850845
 0.0860971
 0.0871029
 0.0881685
  0.089176
 0.0899653
 0.0903775
 0.0901757
 0.0891228
 0.0872054
 0.0846542
 0.0817235
 0.0785506
 0.0752295
 0.0719542
 0.0690267
 0.0666996
 0.0650475
 0.0639973
 0.0634359
 0.0632613
 0.0633756
 0.0636627
 0.0639897
 0.0642857
 0.0645942
 0.0649826
 0.0654114
 0.0657131
 0.0656834
 0.0651939
 0.0642244
 0.0628193
 0.0610643
 0.0590828
 0.0569764
 0.0547636
 0.0524205
 0.0499772
 0.0475398
 0.0452261
 0.0431344
 0.0413603
 0.0399788
 0.0389955
 0.0383384
  0.037912
 0.0376678
 0.0376212
 0.0377986
 0.0381737
 0.0386508
 0.0391047
 0.0394477
 0.0396736
 0.0398436
 0.0400184
 0.0401993
 0.0403253
 0.0403274
 0.0401823
 0.0399169
 0.0395894
 0.0392741
 0.0390373
 0.0388993
 0.0388087
 0.0386617
 0.0383698
 0.0379139
 0.0373281
 0.0366673
 0.0359965
 0.0353771
 0.0348457
 0.0344132
 0.0340787
 0.0338345
 0.0336799
 0.0336477
 0.0338077
 0.0342358
 0.0349706
 0.0359805
 0.0371718
 0.0384263
 0.0396207
 0.0406259
 0.0413337
 0.0417102
 0.0418074
 0.0416985
  0.041396
 0.0408454
      0.04
 0.0388753
 0.0375495
 0.0361483
 0.0348137
 0.0336569
 0.0327254
 0.0320065
 0.0314612
 0.0310582
 0.0307833
 0.0306279
 0.0305699
 0.0305647
 0.0305506
  0.030466
 0.0302687
 0.0299351
 0.0294451
  0.028784
 0.0279557
 0.0269826
 0.0258977
 0.0247407
  0.023552
 0.0223664
 0.0212134
 0.0201214
 0.0191172
 0.0182186
 0.0174328
 0.0167639
 0.0162201
 0.0158097
 0.0155275
 0.0153416
 0.0151983
 0.0150433
 0.0148434
 0.0145933
 0.0143055
 0.0139948
 0.0136704
 0.0133362
  0.012994
 0.0126448
 0.0122897
 0.0119357
 0.0116008
 0.0113107
 0.0110852
  0.010924
 0.0108104
  0.010729
 0.0106752
 0.0106451
 0.0106275
 0.0106106
 0.0105918
 0.0105752
 0.0105589
 0.0105316
 0.0104778
 0.0103869
 0.0102616
 0.0101206
0.00999175
0.00990019
0.00985921
0.00986965
0.00992351
 0.0100048
 0.0100896
 0.0101512
 0.0101677
 0.0101313
 0.0100476
0.00992359
 0.0097583
0.00954675
0.00928827
0.00899158
 0.0086755
0.00836342
 0.0080746
0.00781946
0.00759985
0.00741186
0.00725002
0.00711099
0.00699431
0.00690009
0.00682658
0.00676868
0.00671711
0.00665884
0.00658022
0.00647142
0.00632851
 0.0061526
0.00594944
0.00572893
0.00550217
0.00527731