0.000586709
0.000590245
0.000593815
0.000597421
0.000601063
0.000604742
0.000608457
 0.00061221
0.000616001
 0.00061983
0.000623698
0.000627606
0.000631554
0.000635543
0.000639573
0.000643645
0.000647759
0.000651916
0.000656118
0.000660363
0.000664654
 0.00066899
0.000673373
0.000677803
0.000682281
0.000686807
0.000691382
0.000696007
0.000700683
 0.00070541
 0.00071019
0.000715022
0.000719909
 0.00072485
0.000729847
  0.0007349
0.000740011
0.000745179
0.000750407
0.000755695
0.000761044
0.000766455
0.000771928
0.000777466
0.000783069
0.000788738
0.000794474
0.000800278
0.000806152
0.000812096
0.000818112
0.000824201
0.000830364
0.000836603
0.000842918
0.000849311
0.000855783
0.000862336
0.000868971
0.000875689
0.000882492
0.000889382
 0.00089636
0.000903427
0.000910585
0.000917835
 0.00092518
0.000932621
 0.00094016
0.000947798
0.000955538
0.000963381
0.000971328
0.000979383
0.000987547
0.000995822
 0.00100421
 0.00101271
 0.00102133
 0.00103007
 0.00103894
 0.00104792
 0.00105704
 0.00106628
 0.00107565
 0.00108516
 0.00109481
 0.00110459
 0.00111452
 0.00112459
 0.00113481
 0.00114519
 0.00115571
  0.0011664
 0.00117724
 0.00118825
 0.00119943
 0.00121077
  0.0012223
   0.001234
 0.00124588
 0.00125795
  0.0012702
 0.00128266
 0.00129531
 0.00130816
 0.00132122
 0.00133449
 0.00134798
 0.00136169
 0.00137563
 0.00138979
  0.0014042
 0.00141884
 0.00143374
 0.00144888
 0.00146429
 0.00147996
  0.0014959
 0.00151212
 0.00152863
 0.00154543
 0.00156252
 0.00157993
 0.00159764
 0.00161568
 0.00163405
 0.00165275
  0.0016718
  0.0016912
 0.00171097
 0.00173111
 0.00175164
 0.00177255
 0.00179387
 0.00181561
 0.00183777
 0.00186036
  0.0018834
 0.00190691
 0.00193088
 0.00195534
  0.0019803
 0.00200577
 0.00203177
 0.00205831
 0.00208541
 0.00211308
 0.00214135
 0.00217022
 0.00219971
 0.00222985
 0.00226065
 0.00229214
 0.00232433
 0.00235724
 0.00239091
 0.00242534
 0.00246056
 0.00249661
  0.0025335
 0.00257127
 0.00260993
 0.00264953
 0.00269009
 0.00273164
 0.00277421
 0.00281785
 0.00286258
 0.00290845
 0.00295549
 0.00300374
 0.00305325
 0.00310407
 0.00315623
 0.00320978
 0.00326479
 0.00332129
 0.00337935
 0.00343903
 0.00350038
 0.00356348
 0.00362838
 0.00369516
 0.00376389
 0.00383465
 0.00390752
 0.00398259
 0.00405995
 0.00413969
 0.00422191
 0.00430672
 0.00439423
 0.00448455
 0.00457781
 0.00467414
 0.00477368
 0.00487656
 0.00498295
   0.005093
 0.00520689
  0.0053248
 0.00544692
 0.00557346
 0.00570464
 0.00584068
 0.00598183
 0.00612835
 0.00628052
 0.00643864
 0.00660302
   0.006774
 0.00695194
 0.00713722
 0.00733026
  0.0075315
 0.00774141
  0.0079605
 0.00818931
 0.00842844
 0.00867851
 0.00894021
 0.00921428
 0.00950149
 0.00980273
  0.0101189
   0.010451
  0.0108002
  0.0111677
  0.0115546
  0.0119626
   0.012393
  0.0128476
  0.0133283
  0.0138371
  0.0143761
   0.014948
  0.0155553
  0.0162012
  0.0168889
  0.0176221
   0.018405
  0.0192421
  0.0201386
  0.0211003
  0.0221336
  0.0232457
  0.0244451
   0.025741
  0.0271441
  0.0286664
  0.0303221
  0.0321271
  0.0340998
  0.0362618
  0.0386379
  0.0412576
  0.0441552
  0.0473713
  0.0509544
  0.0549625
  0.0594653
  0.0645477
  0.0703133
  0.0768899
  0.0844367
  0.0931536
   0.103295
   0.115187
   0.129255
   0.146061
   0.166361
   0.191185
   0.221972
   0.260775
     0.3106
   0.375978
   0.463979
   0.586078
   0.761752
     1.0258
    1.44392
    2.14618
    3.38938
    5.55958
    8.30185
    8.56127
    5.91996
    3.61284
    2.27067
    1.51581
    1.06987
   0.790329
   0.605529
   0.477764
   0.386084
   0.318224
    0.26667
   0.226628
   0.194931
   0.169426
   0.148607
   0.131398
   0.117014
   0.104871
  0.0945282
  0.0856478
  0.0779673
  0.0712806
  0.0654239
  0.0602657
  0.0556994
   0.051638
  0.0480101
  0.0447562
  0.0418268
  0.0391802
  0.0367814
  0.0346004
  0.0326117
  0.0307935
  0.0291269
  0.0275956
  0.0261853
  0.0248838
  0.0236802
   0.022565
  0.0215298
  0.0205672
  0.0196705
  0.0188341
  0.0180526
  0.0173214
  0.0166363
  0.0159936
  0.0153898
   0.014822
  0.0142875
  0.0137836
  0.0133082
  0.0128591
  0.0124346
  0.0120329
  0.0116524
  0.0112917
  0.0109496
  0.0106247
  0.0103161
  0.0100226
 0.00974339
 0.00947754
 0.00922427
 0.00898284
 0.00875256
  0.0085328
 0.00832296
 0.00812252
 0.00793094
 0.00774776
 0.00757254
 0.00740487
 0.00724435
 0.00709064
 0.00694339
 0.00680229
 0.00666705
  0.0065374
 0.00641307
 0.00629381
 0.00617942
 0.00606966
 0.00596435
 0.00586328
 0.00576629
 0.00567321
 0.00558388
 0.00549815
 0.00541588
 0.00533694
 0.00526121
 0.00518858
 0.00511892
 0.00505214
 0.00498815
 0.00492684
 0.00486814
 0.00481195
 0.00475821
 0.00470685
 0.00465779
 0.00461097
 0.00456633
 0.00452382
 0.00448338
 0.00444496
 0.00440853
 0.00437403
 0.00434142
 0.00431068
 0.00428177
 0.00425465
  0.0042293
 0.00420569
  0.0041838
 0.00416361
 0.00414511
 0.00412827
 0.00411308
 0.00409954
 0.00408763
 0.00407735
  0.0040687
 0.00406167
 0.00405627
  0.0040525
 0.00405037
 0.00404988
 0.00405105
 0.00405389
 0.00405842
 0.00406466
 0.00407263
 0.00408236
 0.00409387
  0.0041072
 0.00412239
 0.00413947
 0.00415848
 0.00417948
 0.00420251
 0.00422763
  0.0042549
 0.00428438
 0.00431616
 0.00435029
 0.00438687
 0.00442599
 0.00446774
 0.00451222
 0.00455955
 0.00460985
 0.00466326
  0.0047199
 0.00477994
 0.00484355
  0.0049109
 0.00498219
 0.00505762
 0.00513744
 0.00522189
 0.00531125
 0.00540582
 0.00550592
 0.00561192
 0.00572421
 0.00584324
  0.0059695
 0.00610352
 0.00624591
 0.00639736
 0.00655863
  0.0067306
 0.00691426
 0.00711077
 0.00732147
 0.00754792
 0.00779199
 0.00805592
 0.00834246
 0.00865502
  0.0089979
 0.00937672
  0.0097989
  0.0102746
  0.0108183
  0.0114509
  0.0122049
  0.0131318
  0.0143192
  0.0159234
  0.0182419
  0.0218646
   0.027917
  0.0376562
  0.0472146
  0.0447402
  0.0355216
  0.0292869
  0.0263246
  0.0252635
  0.0252842
  0.0259896
  0.0271956
  0.0288248
  0.0308583
  0.0333153
  0.0362449
  0.0397245
  0.0438647
  0.0488165
  0.0547864
  0.0620573
  0.0710234
  0.0822439
  0.0965311
   0.115098
   0.139815
   0.173676
   0.221684
   0.292624
   0.402776
   0.583944
   0.899717
    1.46193
    2.30577
    2.75704
    2.12067
    1.31886
   0.821423
   0.543696
   0.383395
   0.285573
   0.222799
   0.180924
    0.15227
   0.132479
   0.118995
   0.110314
   0.105597
   0.104488
   0.107038
   0.113748
   0.125704
   0.144922
   0.175021
   0.222663
   0.300613
   0.434341
   0.673815
    1.08866
    1.57578
    1.54866
    1.04899
   0.645214
   0.412894
   0.281531
   0.203242
   0.153724
   0.120712
  0.0977223
  0.0811323
  0.0688159
  0.0594715
  0.0522771
  0.0467056
  0.0424262
  0.0392554
  0.0371468
  0.0362257
  0.0368972
  0.0400935
   0.047609
  0.0609661
  0.0738057
  0.0708328
  0.0537035
  0.0388393
  0.0298177
  0.0244404
  0.0210266
  0.0187041
  0.0170298
  0.0157678
  0.0147854
  0.0140042
  0.0133759
  0.0128703
  0.0124687
  0.0121603
  0.0119404
  0.0118102
  0.0117767
  0.0118547
  0.0120693
  0.0124623
  0.0131018
  0.0141033
  0.0156688
  0.0181707
  0.0223307
  0.0295933
  0.0426171
  0.0633338
  0.0786669
  0.0662159
  0.0452356
  0.0316834
   0.024342
  0.0204603
  0.0185322
  0.0178637
  0.0181937
  0.0195413
  0.0222022
   0.026891
  0.0351121
   0.049795
  0.0745001
   0.100966
   0.100657
  0.0877512
  0.0894028
  0.0945458
  0.0773338
  0.0538486
  0.0395166
  0.0327065
  0.0281202
  0.0226778
  0.0183126
  0.0155536
   0.013876
  0.0128994
  0.0124644
  0.0125869
  0.0134382
  0.0149919
  0.0156241
  0.0140979
  0.0124778
  0.0116067
  0.0112904
  0.0113439
  0.0116997
  0.0123794
  0.0134935
  0.0152903
  0.0182822
  0.0234763
   0.032277
  0.0427954
  0.0440272
  0.0364672
  0.0306173
  0.0264655
   0.022758
  0.0206159
  0.0199239
   0.020242
  0.0213618
  0.0232852
  0.0261993
  0.0305324
  0.0371298
  0.0476486
  0.0652281
  0.0944135
   0.136453
    0.16941
   0.151631
    0.11794
  0.0998268
  0.0914366
  0.0923948
   0.107428
   0.142887
   0.210863
   0.310201
   0.350313
   0.270802
   0.186536
   0.141193
   0.125287
   0.128598
   0.137358
   0.140734
   0.140064
   0.139181
   0.149426
      0.182
   0.247621
   0.353518
   0.471981
   0.601394
   0.704926
   0.610784
   0.460388
   0.401956
   0.434571
   0.472703
    0.41384
   0.345176
   0.307193
   0.263417
   0.238969
    0.25847
   0.312807
    0.33686
   0.304925
   0.285745
   0.259522
   0.218431
   0.204344
   0.231224
   0.309752
   0.436604
   0.502737
    0.42594
   0.312846
    0.22242
   0.156459
   0.115095
  0.0915308
  0.0791339
  0.0748487
  0.0786064
  0.0926286
   0.115923
   0.130228
   0.122412
   0.107064
  0.0933118
  0.0853477
  0.0825434
  0.0829998
   0.091482
   0.114225
   0.160662
   0.237354
   0.305786
   0.278848
   0.195428
   0.135072
    0.10507
  0.0962914
    0.10398
   0.120468
   0.128769
   0.128177
   0.126729
   0.128324
   0.116315
   0.103696
   0.101823
  0.0984923
  0.0886708
  0.0746484
  0.0633126
  0.0603497
  0.0641064
  0.0681886
  0.0749988
  0.0883212
  0.0942101
  0.0861631
  0.0760994
  0.0652866
   0.056056
  0.0527709
  0.0511355
  0.0466851
  0.0413356
  0.0376365
  0.0379948
  0.0432039
  0.0539046
  0.0669256
  0.0774453
  0.0874729
  0.0987077
   0.109677
   0.122246
   0.134108
    0.13503
    0.11846
  0.0974665
  0.0839549
  0.0776486
  0.0773429
  0.0796296
  0.0760835
  0.0672114
  0.0601002
  0.0564107
  0.0544814
  0.0523237
  0.0524936
  0.0566034
  0.0632364
  0.0717163
  0.0832179
   0.103926
   0.136624
   0.145402
   0.116721
  0.0930093
  0.0826493
  0.0811703
  0.0871893
  0.0962622
  0.0997401
  0.0924116
  0.0828502
  0.0772342
  0.0791263
  0.0861081
   0.086396
  0.0768435
  0.0731409
  0.0774835
  0.0841704
  0.0939152
   0.106937
   0.115168
   0.109618
   0.103884
   0.105408
   0.112318
   0.120195
   0.133458
   0.156668
   0.175726
   0.175687
   0.178546
   0.190369
   0.200981
   0.211148
   0.212687
   0.184503
   0.159077
   0.156368
   0.158122
   0.154023
   0.160157
   0.175838
   0.188074
   0.204805
   0.239509
   0.275444
   0.260188
   0.207112
   0.160468
   0.136696
   0.134378
   0.150444
   0.179259
   0.203699
   0.216887
   0.210791
   0.193726
   0.181082
   0.174436
   0.171316
   0.170505
   0.174661
   0.190914
   0.213258
   0.214918
   0.191494
   0.171165
   0.163665
   0.161677
   0.160916
   0.164342
   0.172319
   0.192597
   0.215753
   0.211761
    0.18348
   0.154604
   0.130402
   0.115948
   0.109632
   0.105007
  0.0983342
  0.0967607
   0.101447
    0.10338
   0.104221
   0.107792
   0.111088
   0.113107
   0.116274
   0.120986
   0.126874
   0.135134
   0.151532
   0.159434
   0.142433
   0.127267
   0.119928
   0.114411
   0.108897
   0.108109
   0.106575
   0.102374
   0.100697
   0.100003
   0.102115
   0.104108
   0.101468
     0.1002
  0.0995766
   0.097167
  0.0941471
  0.0896793
  0.0884633
  0.0908507
  0.0890773
  0.0852554
  0.0886555
   0.101919
    0.11667
     0.1207
   0.115922
   0.108268
  0.0999699
  0.0930146
  0.0898077
   0.090289
  0.0932007
  0.0977595
    0.09881
  0.0952576
  0.0922868
  0.0937139
  0.0955032
  0.0944057
  0.0922679
  0.0917549
  0.0943693
  0.0976074
   0.101984
   0.105402
    0.10651
   0.105665
   0.104182
   0.105044
   0.109045
   0.111197
   0.112264
   0.115249
   0.115052
   0.108299
     0.0955
  0.0828667
  0.0779386
  0.0816909
  0.0920183
   0.104184
   0.115228
   0.124215
   0.126219
   0.122338
   0.117827
   0.115108
   0.115415
   0.116865
   0.119389
   0.120574
   0.121798
   0.123005
   0.123136
   0.122877
   0.121804
   0.120377
   0.119204
   0.121392
   0.127746
   0.130369
   0.128605
    0.12859
   0.132128
   0.139133
   0.146491
   0.149891
   0.150382
   0.150726
   0.146563
    0.14326
   0.142967
   0.143735
    0.14546
   0.148781
   0.152618
   0.154235
   0.153527
   0.154708
    0.15776
   0.158807
   0.160295
   0.159114
   0.152436
   0.145037
   0.138448
   0.137381
   0.140151
   0.139905
   0.136568
   0.130593
    0.12737
   0.131257
   0.138121
   0.139166
   0.133001
    0.12674
   0.122223
   0.119875
   0.119016
   0.121656
   0.128528
   0.135882
   0.139895
   0.143179
   0.148496
   0.154753
    0.16065
   0.162405
   0.154578
   0.141823
   0.131189
   0.122635
   0.117435
   0.118001
   0.118512
   0.116047
   0.118434
   0.121436
   0.114622
   0.102914
  0.0945231
     0.0911
  0.0900477
  0.0926416
  0.0996632
   0.110467
   0.126151
   0.138044
   0.138505
   0.133377
   0.129736
   0.126979
   0.124315
   0.122373
   0.121931
   0.120692
   0.117508
   0.116103
   0.120742
   0.127687
   0.132273
   0.134517
   0.134244
   0.128599
   0.119915
    0.11387
   0.110282
   0.109668
   0.110706
   0.110813
   0.111702
   0.114001
   0.116817
   0.118001
   0.117192
   0.116211
    0.11568
   0.116211
   0.115203
   0.112144
    0.10968
   0.109353
   0.112333
   0.117468
   0.121782
   0.123858
   0.123304
   0.122813
   0.125198
   0.131715
   0.140457
   0.147842
   0.152033
   0.155824
   0.156634
   0.153621
   0.149057
   0.143936
   0.138276
   0.133114
   0.132828
   0.136573
   0.136945
   0.131992
   0.127255
     0.1244
   0.122113
   0.120874
   0.120234
   0.120503
   0.122238
   0.125703
   0.133733
   0.147367
   0.160412
   0.166946
   0.167781
   0.169083
   0.175448
    0.18063
   0.182856
   0.186452
   0.189506
   0.191047
   0.192391
   0.191437
   0.187298
   0.182414
   0.179006
   0.177592
    0.17638
   0.174734
   0.176772
   0.179954
   0.179898
   0.178146
    0.17506
   0.174112
   0.174726
   0.172556
   0.168311
   0.163119
   0.156431
   0.149391
   0.145419
   0.143046
   0.139696
    0.13605
   0.133473
   0.132877
   0.135565
   0.139254
   0.139952
   0.139077
   0.140051
   0.141907
   0.144253
    0.14714
   0.148733
   0.147618
   0.146462
   0.148118
   0.153863
   0.159977
   0.161759
    0.15896
   0.154479
   0.152065
    0.14778
   0.140338
    0.13131
   0.122228
   0.116889
   0.113332
   0.110672
   0.110449
    0.11123
   0.112727
   0.116108
   0.122208
    0.13085
   0.139562
   0.145093
   0.147782
   0.150549
   0.152611
   0.154534
   0.152867
    0.14363
   0.135122
    0.13285
   0.135508
   0.141217
   0.146244
   0.145617
    0.14064
   0.136981
   0.135692
   0.133771
   0.132203
   0.133229
   0.134534
   0.132549
   0.127574
   0.123647
   0.122659
   0.123658
   0.126579
   0.130345
    0.13474
   0.140117
   0.144172
   0.143161
   0.138633
   0.133034
   0.128373
   0.126047
   0.123213
   0.119758
   0.116822
   0.114976
   0.115802
   0.119813
   0.124076
   0.124927
    0.12431
   0.124136
   0.123843
   0.123565
   0.123375
   0.121683
   0.118877
     0.1184
   0.121662
   0.128498
   0.137396
   0.143485
   0.145258
   0.146388
    0.14712
   0.144737
   0.140296
   0.135302
   0.129665
   0.124305
   0.119732
    0.11633
   0.114165
   0.111835
   0.109715
   0.109358
   0.111033
   0.112977
   0.115528
   0.120238
   0.124889
   0.127833
   0.129628
   0.131909
   0.135385
   0.137938
   0.135875
   0.129729
   0.123996
   0.122402
    0.12268
    0.12085
   0.117404
   0.115376
   0.116096
   0.117386
   0.117097
   0.113699
   0.108822
    0.10464
   0.101667
  0.0986235
  0.0963767
  0.0946607
  0.0929884
  0.0924324
  0.0922152
   0.092405
  0.0942557
  0.0971549
    0.10022
   0.103296
   0.106995
   0.110457
   0.111994
   0.112048
   0.110448
   0.107725
   0.104936
    0.10265
  0.0999596
  0.0976825
   0.096172
  0.0947654
  0.0933851
  0.0924795
  0.0917382
  0.0907607
  0.0906244
  0.0914986
  0.0933671
  0.0962717
  0.0989337
   0.102077
   0.107496
   0.113181
   0.115856
   0.115426
    0.11563
   0.118344
   0.121081
   0.121238
   0.118513
   0.116195
   0.115503
   0.115606
    0.11416
   0.110598
   0.106065
   0.103654
   0.104132
   0.106129
   0.108848
   0.110199
   0.110753
   0.113146
   0.117162
   0.121619
   0.129276
   0.139388
    0.14578
   0.146067
   0.141649
   0.133784
   0.123952
    0.11599
    0.11147
   0.109142
   0.107697
   0.106511
   0.104388
   0.102493
   0.102879
   0.106905
   0.111486
   0.111737
   0.109112
   0.107505
   0.108256
   0.109948
   0.111247
    0.11119
   0.111103
   0.112856
   0.116287
   0.120803
   0.125661
   0.129123
   0.129442
   0.127185
   0.123835
   0.118968
    0.11398
   0.110792
   0.107798
   0.103509
  0.0993999
  0.0985957
   0.100065
   0.100108
  0.0987358
  0.0977613
  0.0967974
  0.0957201
  0.0954946
  0.0968309
  0.0992176
   0.102157
   0.104512
   0.107105
   0.110109
   0.112605
   0.113815
   0.113172
   0.110577
   0.105732
   0.100841
  0.0971916
  0.0951547
  0.0951109
  0.0955352
  0.0961944
  0.0969397
  0.0969396
  0.0959459
  0.0952398
   0.095231
  0.0949376
   0.095074
   0.096892
  0.0988746
    0.10027
   0.101522
    0.10363
   0.106807
   0.108857
   0.109543
   0.109282
   0.107558
   0.103248
  0.0973721
  0.0918245
  0.0871865
  0.0834594
  0.0813282
  0.0813804
   0.082411
  0.0844764
   0.087934
   0.091148
  0.0929985
  0.0947068
  0.0968098
  0.0982794
   0.097429
  0.0940014
  0.0900499
  0.0867246
  0.0846759
   0.084113
  0.0844829
  0.0849689
  0.0856055
  0.0867412
  0.0880402
  0.0886184
   0.087339
  0.0842907
  0.0801666
  0.0763995
  0.0730186
  0.0701712
  0.0683274
  0.0670279
  0.0665542
   0.067638
  0.0702821
  0.0739114
  0.0770843
  0.0790212
  0.0803512
  0.0819681
  0.0840111
  0.0858768
  0.0873781
  0.0886583
  0.0901737
  0.0921262
  0.0940313
  0.0948716
  0.0943727
  0.0921021
  0.0882813
  0.0841459
  0.0810218
   0.079343
  0.0788752
  0.0781552
  0.0771077
  0.0763676
  0.0767664
  0.0778567
  0.0785324
  0.0788197
  0.0784398
  0.0773776
  0.0761022
  0.0748768
  0.0744677
  0.0745658
  0.0750495
  0.0752525
  0.0749123
  0.0742067
  0.0725436
  0.0694076
  0.0653026
  0.0614068
  0.0581404
   0.056022
  0.0556701
  0.0563438
   0.057292
   0.058367
   0.059636
  0.0608278
  0.0616681
  0.0621297
   0.062127
  0.0617206
  0.0605034
  0.0591533
  0.0582976
  0.0572668
  0.0559413
  0.0552853
  0.0550589
  0.0550085
  0.0551679
  0.0554226
  0.0558162
  0.0571912
  0.0590934
  0.0606276
  0.0614101
   0.060404
  0.0581992
  0.0560447
  0.0544587
  0.0541024
  0.0554352
  0.0577399
  0.0604593
  0.0630961
  0.0650003
  0.0661681
  0.0667054
  0.0667415
  0.0665147
  0.0660784
  0.0651824
  0.0640605
  0.0631477
  0.0621142
  0.0607887
  0.0590965
  0.0564822
  0.0532733
  0.0503093
  0.0478906
  0.0460058
  0.0445226
  0.0431693
  0.0421467
  0.0416854
  0.0413224
  0.0406216
  0.0396336
  0.0388083
  0.0383723
  0.0381904
  0.0380845
  0.0379584
  0.0380373
   0.038602
   0.039288
  0.0396907
  0.0393478
  0.0385235
  0.0375324
  0.0366153
  0.0357842
   0.034623
  0.0330379
  0.0316417
  0.0308452
  0.0302633
   0.029713
   0.029683
  0.0300323
  0.0304326
   0.030779
  0.0312673
  0.0319057
   0.032501
  0.0327329
   0.032499
  0.0320015
  0.0314019
  0.0307613
   0.030142
  0.0296214
  0.0292317
  0.0288687
  0.0284072
  0.0276804
  0.0268869
  0.0264417
  0.0262625
   0.026143
  0.0259568
  0.0256452
  0.0253532
  0.0252944
   0.025231
  0.0251089
  0.0253209
  0.0260386
  0.0268544
  0.0275119
  0.0276372
  0.0274215
   0.026872
  0.0255752
  0.0240748
  0.0229259
  0.0221201
  0.0215922
  0.0210964
  0.0201884
  0.0191158
  0.0183318
  0.0178135
  0.0174667
  0.0172784
  0.0171092
   0.016897
  0.0168171
  0.0169209
  0.0172085
   0.017393
  0.0172794
  0.0171805
  0.0172487
  0.0169247
  0.0160161
  0.0149434
  0.0141313
  0.0137163
  0.0136499
  0.0137968
  0.0139918
  0.0142964
  0.0149107
  0.0155436
  0.0156045
  0.0148448
  0.0137151
   0.012692
  0.0119477
  0.0113876
  0.0108946
  0.0105347
  0.0104575
  0.0106239
   0.010863
  0.0110915
  0.0113331
  0.0114801
  0.0113268
  0.0109522
  0.0105016
  0.0100072
 0.00951708
 0.00913774
 0.00890479
 0.00873397
 0.00859064
  0.0084766
 0.00839957
   0.008298
 0.00809605
 0.00780346
 0.00747588
 0.00713786
 0.00684062
 0.00666838
 0.00660347
  0.0064907
 0.00629755
 0.00607221
 0.00586139
    0.00573
 0.00567898
 0.00568509
 0.00572645
 0.00573854
 0.00568434
 0.00556545
 0.00535273
 0.00509869
 0.00490898
 0.00480082
 0.00477102
 0.00477744
 0.00476309
 0.00472456
 0.00464555
  0.0044699
 0.00427169
 0.00413211
 0.00406333
 0.00405638
 0.00407723
 0.00410423
 0.00416142
 0.00427825
 0.00442286
 0.00452326
 0.00452732
 0.00447014
 0.00439659
 0.00429445
 0.00408005
 0.00376671
 0.00351566
 0.00339764
 0.00336729
 0.00338684
 0.00341265
 0.00337383
 0.00328863
 0.00321767
 0.00313013
 0.00298163
 0.00281636
 0.00268129
 0.00256965
 0.00249264
 0.00245315
  0.0024379
 0.00242463
 0.00240245
 0.00238474
 0.00237763
 0.00237534
  0.0023578
 0.00227545
 0.00215039
 0.00205553
  0.0020042
 0.00197486
 0.00197736
  0.0020141
 0.00205576
 0.00205606
 0.00200603
 0.00194149
 0.00189183
 0.00184604
 0.00178589
 0.00171755
 0.00165684
 0.00160187
 0.00153947
 0.00147067
  0.0014045
 0.00135784
 0.00132048
 0.00128454
 0.00125074
 0.00122573
 0.00121332
 0.00120735
 0.00119883
 0.00118164
 0.00115294
  0.0011089
 0.00106063
 0.00101897
0.000989553
0.000975761
 0.00098045
0.000995111
 0.00101302
 0.00102524
 0.00102533
 0.00100839
0.000979727
0.000951409
 0.00093105
  0.0009157
0.000900775
0.000885849
0.000877752
0.000877634
0.000882336
0.000883087
0.000864628
0.000828047
 0.00078882
0.000750395
0.000711883
0.000676188
0.000649667
0.000635233
0.000631855
0.000634236
0.000633432
 0.00062381
0.000605429
0.000588262
0.000577012
0.000568277
0.000559838
0.000555237
0.000556689
0.000561411
0.000566052
0.000567226
0.000562323
0.000557441
0.000552162
0.000539527
0.000520007
0.000499078
0.000481254
0.000468983
 0.00046427
0.000466917
0.000474703
0.000482551
0.000485305
0.000482575
 0.00047779
0.000472755
0.000465109
0.000454114
0.000445184
 0.00043858
0.000430046
0.000421552
0.000416308
0.000414148
0.000413939
0.000412504
0.000408519
0.000405022
0.000403739
0.000403274
0.000400959
 0.00039648
0.000391112
0.000382475
0.000370422
0.000357881
0.000345632
0.000334719
0.000326593
0.000320788
0.000317051
0.000315294
0.000313306
 0.00030988
0.000306722
0.000304704
0.000302296
0.000299197
0.000296742
0.000294186
0.000289679
0.000284372
0.000279828
 0.00027676
0.000274768
0.000272658
0.000269937
0.000266419
0.000262435
0.000258779
0.000255229
0.000252159
0.000249865
 0.00024823
0.000247108
0.000245729
 0.00024389
0.000242397
0.000241576
0.000240786
0.000239624
0.000238136
0.000236321
0.000234857
0.000233799
 0.00023276
0.000231599
0.000230086
 0.00022851
0.000227004
0.000225958
0.000225579
0.000224661
0.000222154
0.000218918
0.000215938
0.000213655
0.000212456
0.000212196
0.000212183
0.000211794
0.000211252
0.000210678
0.000209536
 0.00020763
0.000205279
0.000203191
0.000201897
0.000201114
0.000200011
0.000198427
0.000196823
0.000195127
0.000193263
0.000191538
0.000190053
0.000188894
0.000188171
0.000187853
0.000187639
 0.00018717
0.000186225
0.000184805
0.000183166
0.000181592
0.000180197
0.000178964
0.000177895
0.000177008
0.000176375
0.000175948
0.000175563
0.000175056
0.000174383
0.000173749
0.000173288
0.000172932
0.000172643
0.000172401
0.000172033
0.000171379
0.000170444
0.000169458
0.000168666
0.000168055
0.000167474
0.000166867
0.000166232
0.000165648
0.000165164
0.000164707
0.000164168
0.000163525
 0.00016294
0.000162516
0.000162146
0.000161604
0.000160863
 0.00016002
0.000159142
0.000158296
0.000157538
0.000156879
0.000156305
 0.00015575
0.000155272
0.000154895
0.000154504
0.000153933
0.000153179
0.000152458
0.000151825
 0.00015119
0.000150512
0.000149842
0.000149196
 0.00014857
0.000147979
0.000147425
0.000146915
0.000146432
0.000145958
 0.00014547
0.000144972
0.000144483
0.000144018
 0.00014356
0.000143089
0.000142603
0.000142121
0.000141649
0.000141175
0.000140697
 0.00014023
 0.00013979
0.000139377
0.000138993
0.000138632
 0.00013826
0.000137862
0.000137453
0.000137047
0.000136648
0.000136259
0.000135876
0.000135488
 0.00013509
 0.00013469
0.000134307
0.000133941
0.000133569
0.000133164
0.000132747
0.000132361
0.000132021
0.000131706