 0.00269308
 0.00272303
 0.00275352
 0.00278457
 0.00281619
 0.00284839
 0.00288119
 0.00291461
 0.00294866
 0.00298336
 0.00301873
 0.00305478
 0.00309153
   0.003129
 0.00316721
 0.00320618
 0.00324593
 0.00328648
 0.00332786
 0.00337009
  0.0034132
  0.0034572
 0.00350212
   0.003548
 0.00359485
 0.00364271
 0.00369161
 0.00374158
 0.00379265
 0.00384486
 0.00389823
 0.00395281
 0.00400864
 0.00406575
 0.00412418
 0.00418398
 0.00424518
 0.00430785
 0.00437202
 0.00443775
 0.00450508
 0.00457407
 0.00464478
 0.00471727
 0.00479159
 0.00486782
 0.00494602
 0.00502626
 0.00510861
 0.00519315
 0.00527997
 0.00536914
 0.00546075
  0.0055549
 0.00565168
  0.0057512
 0.00585356
 0.00595887
 0.00606725
 0.00617883
 0.00629373
 0.00641209
 0.00653405
 0.00665976
  0.0067894
 0.00692311
 0.00706108
 0.00720349
 0.00735055
 0.00750246
 0.00765944
 0.00782172
 0.00798955
  0.0081632
 0.00834293
 0.00852904
 0.00872184
 0.00892167
 0.00912887
 0.00934381
  0.0095669
 0.00979857
  0.0100392
  0.0102894
  0.0105496
  0.0108204
  0.0111023
  0.0113961
  0.0117022
  0.0120216
   0.012355
  0.0127031
   0.013067
  0.0134475
  0.0138458
  0.0142629
  0.0147001
  0.0151587
  0.0156402
   0.016146
  0.0166779
  0.0172378
  0.0178276
  0.0184496
  0.0191061
  0.0197997
  0.0205334
  0.0213102
  0.0221338
  0.0230078
  0.0239366
  0.0249248
  0.0259777
   0.027101
  0.0283012
  0.0295854
  0.0309617
  0.0324393
  0.0340281
  0.0357398
  0.0375872
  0.0395852
  0.0417505
  0.0441023
  0.0466625
  0.0494565
  0.0525135
  0.0558673
  0.0595575
  0.0636301
  0.0681394
  0.0731496
  0.0787368
  0.0849921
  0.0920246
  0.0999666
   0.108979
   0.119259
    0.13105
   0.144656
   0.160457
   0.178936
   0.200706
   0.226562
   0.257533
   0.294972
   0.340662
   0.396967
   0.467021
   0.554939
   0.665977
   0.806441
   0.982797
    1.19887
     1.4494
    1.70929
    1.92505
    2.02735
    1.97468
    1.78914
    1.53665
    1.27898
    1.05025
   0.860953
   0.709333
   0.589346
   0.494473
   0.419074
   0.358669
   0.309822
   0.269937
   0.237056
   0.209699
   0.186739
   0.167313
   0.150751
   0.136533
   0.124246
   0.113565
   0.104228
  0.0960221
  0.0887771
  0.0823515
  0.0766291
  0.0715133
  0.0669235
  0.0627919
  0.0590612
   0.055683
  0.0526156
  0.0498237
  0.0472766
  0.0449478
  0.0428146
  0.0408569
  0.0390573
  0.0374007
  0.0358734
  0.0344638
  0.0331614
   0.031957
  0.0308423
    0.02981
  0.0288537
  0.0279676
  0.0271463
  0.0263854
  0.0256807
  0.0250284
  0.0244252
  0.0238682
  0.0233546
   0.022882
  0.0224485
  0.0220519
  0.0216908
  0.0213636
   0.021069
  0.0208059
  0.0205734
  0.0203707
  0.0201972
  0.0200524
  0.0199359
  0.0198475
  0.0197873
  0.0197553
  0.0197516
  0.0197769
  0.0198314
  0.0199161
  0.0200318
  0.0201796
  0.0203609
   0.020577
    0.02083
  0.0211217
  0.0214547
  0.0218316
  0.0222557
  0.0227304
  0.0232599
   0.023849
  0.0245029
   0.025228
  0.0260313
  0.0269209
  0.0279065
  0.0289989
  0.0302109
  0.0315575
  0.0330562
  0.0347275
   0.036596
  0.0386907
  0.0410465
  0.0437054
  0.0467182
   0.050147
  0.0540676
  0.0585725
  0.0637744
  0.0698089
  0.0768375
  0.0850565
  0.0947224
   0.106196
   0.119988
   0.136781
   0.157464
    0.18319
   0.215454
   0.256153
   0.307543
   0.371894
   0.450426
   0.540915
   0.633847
   0.709743
   0.744498
   0.725279
   0.661855
   0.578073
   0.495246
   0.424919
   0.370793
   0.332687
   0.309138
   0.298411
   0.298377
   0.305553
   0.313924
   0.315326
   0.303246
    0.27753
    0.24402
   0.209574
   0.178496
   0.152329
   0.131014
   0.113871
    0.10011
  0.0890177
  0.0800062
  0.0725956
  0.0664047
  0.0611566
  0.0566782
   0.052867
  0.0496502
   0.046965
  0.0447571
  0.0429848
   0.041621
  0.0406547
  0.0400895
  0.0399402
  0.0402213
  0.0409196
  0.0419462
  0.0430886
  0.0440436
  0.0446076
  0.0448827
   0.045228
  0.0460007
  0.0473451
  0.0490948
  0.0507586
  0.0516818
  0.0514236
  0.0500653
  0.0481201
  0.0461606
  0.0445375
  0.0433576
  0.0426113
  0.0422816
  0.0423703
   0.042895
  0.0438913
  0.0454082
  0.0474976
  0.0502108
   0.053607
  0.0577779
  0.0628822
  0.0691541
  0.0768619
   0.086221
  0.0972654
   0.109721
   0.123084
     0.1371
   0.152266
   0.169582
   0.189647
   0.211808
   0.233868
   0.253135
   0.268838
   0.283312
   0.299982
   0.320316
   0.342022
   0.359098
   0.364891
   0.357244
   0.340225
   0.320088
     0.3009
   0.283923
   0.268852
   0.254588
   0.239795
     0.2236
   0.205905
   0.187273
   0.168751
   0.151669
   0.137238
    0.12619
   0.118747
   0.114776
   0.113915
   0.115567
   0.118742
   0.121856
   0.123003
   0.121018
   0.116327
    0.11036
   0.104282
   0.098499
  0.0930226
  0.0879074
  0.0833112
  0.0793606
  0.0761214
   0.073619
  0.0717664
  0.0703198
  0.0690358
  0.0679019
  0.0671698
  0.0671947
  0.0682553
  0.0704079
  0.0733619
  0.0764692
  0.0789409
  0.0802415
  0.0804245
  0.0801157
  0.0800957
  0.0808857
  0.0826766
  0.0854869
  0.0892739
  0.0938944
  0.0989638
   0.103719
   0.107216
   0.109036
   0.109743
   0.110379
   0.111754
   0.114313
   0.118327
    0.12389
     0.1308
    0.13868
   0.147255
   0.156369
   0.165801
   0.175176
   0.183871
   0.190819
   0.194852
    0.19572
   0.194507
   0.192615
   0.190488
   0.187495
   0.182975
   0.177284
   0.171657
   0.167127
   0.163856
   0.161403
   0.159256
   0.157038
   0.154433
   0.151183
   0.147182
   0.142445
   0.137002
   0.130919
   0.124455
   0.118126
    0.11259
   0.108431
   0.105952
   0.105058
   0.105312
   0.106083
   0.106708
   0.106657
   0.105724
   0.104081
   0.102088
    0.10005
  0.0981258
  0.0963537
  0.0947238
  0.0932561
  0.0920424
  0.0912209
  0.0908998
  0.0910838
  0.0916327
  0.0923084
  0.0929262
  0.0934934
  0.0941632
  0.0950538
  0.0961816
  0.0975307
  0.0990608
   0.100654
    0.10216
   0.103525
   0.104843
    0.10631
   0.108113
   0.110332
   0.112944
   0.115874
   0.118955
    0.12183
   0.124079
   0.125531
   0.126352
   0.126862
   0.127348
    0.12802
   0.129026
   0.130438
     0.1322
    0.13411
   0.135901
   0.137348
   0.138325
   0.138777
   0.138686
   0.138078
   0.137002
   0.135507
   0.133629
   0.131463
   0.129206
   0.127054
   0.125041
   0.123068
   0.121046
   0.119003
   0.117086
   0.115495
   0.114352
   0.113561
   0.112843
   0.111922
   0.110677
   0.109167
   0.107562
   0.106037
   0.104718
   0.103738
   0.103258
   0.103369
   0.104001
   0.104936
   0.105943
   0.106874
   0.107638
   0.108138
   0.108292
   0.108118
   0.107736
   0.107313
   0.107003
   0.106913
     0.1071
    0.10756
   0.108238
   0.109076
   0.110041
   0.111119
   0.112311
   0.113634
   0.115131
   0.116857
   0.118829
   0.120966
   0.123078
   0.124969
   0.126571
   0.127976
   0.129331
   0.130735
    0.13225
   0.133942
   0.135879
   0.138051
   0.140307
   0.142365
   0.143924
   0.144807
   0.145022
   0.144659
   0.143794
   0.142518
   0.141013
   0.139532
   0.138287
   0.137378
    0.13679
   0.136444
   0.136214
   0.135949
   0.135495
   0.134752
   0.133747
   0.132641
   0.131624
   0.130813
   0.130205
   0.129718
   0.129268
   0.128792
   0.128233
    0.12757
   0.126856
   0.126243
   0.125912
   0.125943
   0.126245
   0.126614
   0.126857
   0.126886
   0.126721
   0.126424
    0.12604
   0.125609
   0.125184
   0.124812
   0.124503
   0.124233
   0.123976
   0.123737
   0.123548
   0.123435
    0.12341
   0.123477
   0.123641
    0.12393
   0.124395
   0.125076
   0.125919
   0.126747
   0.127334
   0.127508
   0.127191
   0.126404
   0.125247
   0.123854
   0.122324
   0.120679
   0.118894
   0.116959
   0.114963
   0.113097
   0.111543
   0.110344
   0.109362
   0.108364
   0.107156
    0.10568
   0.104047
   0.102467
   0.101108
   0.100011
  0.0991036
  0.0982537
  0.0973318
  0.0962901
  0.0952023
  0.0942137
  0.0934537
  0.0929804
  0.0927691
  0.0927419
  0.0928146
  0.0929303
  0.0930752
  0.0932748
  0.0935667
  0.0939665
  0.0944518
   0.094964
  0.0954239
  0.0957705
  0.0959985
  0.0961412
  0.0962158
  0.0962056
  0.0960868
  0.0958533
  0.0955296
   0.095183
  0.0949046
  0.0947411
  0.0946358
  0.0944558
  0.0940988
  0.0935802
  0.0930229
  0.0925746
  0.0923297
  0.0922883
   0.092368
   0.092461
  0.0924934
  0.0924463
  0.0923532
  0.0922906
  0.0923541
  0.0926128
  0.0930609
  0.0936062
  0.0941198
  0.0945059
  0.0947328
  0.0948153
  0.0947736
   0.094595
  0.0942256
  0.0935983
  0.0926677
  0.0914354
  0.0899664
  0.0883838
  0.0868305
  0.0854126
   0.084171
  0.0831002
  0.0821853
  0.0814293
   0.080853
  0.0804617
  0.0802085
  0.0799985
  0.0797512
  0.0794673
  0.0792302
  0.0791449
  0.0792704
  0.0795669
  0.0798749
   0.079975
   0.079719
  0.0791172
  0.0783045
  0.0774486
  0.0766867
  0.0760937
  0.0756591
   0.075288
  0.0748503
  0.0742499
  0.0734472
  0.0724338
  0.0712158
  0.0698264
  0.0683323
   0.066815
  0.0653475
  0.0639899
   0.062792
  0.0617861
  0.0609738
  0.0603227
    0.05978
  0.0592943
  0.0588361
  0.0584023
  0.0580019
  0.0576322
  0.0572617
   0.056843
  0.0563515
  0.0558158
  0.0553058
  0.0548837
  0.0545581
  0.0542818
  0.0539869
  0.0536218
  0.0531759
  0.0526912
  0.0522438
  0.0518936
  0.0516344
  0.0513898
  0.0510577
  0.0505604
  0.0498656
   0.048986
  0.0479658
  0.0468537
  0.0456861
  0.0444983
  0.0433451
  0.0422962
  0.0414072
  0.0406933
  0.0401307
    0.03968
  0.0393068
  0.0389812
  0.0386711
  0.0383417
  0.0379598
  0.0374948
  0.0369183
  0.0362088
  0.0353633
  0.0344106
  0.0334114
  0.0324398
  0.0315528
  0.0307697
  0.0300698
  0.0294094
  0.0287496
  0.0280782
  0.0274121
  0.0267798
  0.0262011
  0.0256742
  0.0251706
  0.0246456
  0.0240659
  0.0234332
  0.0227822
  0.0221552
  0.0215805
  0.0210682
  0.0206151
   0.020211
  0.0198485
  0.0195283
  0.0192525
  0.0190124
  0.0187826
  0.0185289
  0.0182221
  0.0178463
  0.0173979
  0.0168831
  0.0163177
  0.0157233
  0.0151192
   0.014517
  0.0139235
  0.0133474
  0.0128027
  0.0123067
  0.0118719
  0.0114988
  0.0111754
  0.0108847
  0.0106138
  0.0103583
  0.0101189
 0.00989413
 0.00967622
 0.00945363
 0.00921723
 0.00896397
 0.00869618
 0.00842003
 0.00814432
 0.00787838
 0.00762913
 0.00739937
 0.00718844
 0.00699352
 0.00681066
 0.00663577
   0.006466
 0.00630017
 0.00613781
 0.00597749
 0.00581619
 0.00565092
 0.00548099
 0.00530822
 0.00513572
 0.00496677
 0.00480399
 0.00464889
 0.00450198
 0.00436349
 0.00423378
 0.00411305
 0.00400097
 0.00389625
 0.00379617
 0.00369722
 0.00359709
  0.0034962
 0.00339689
 0.00330133
 0.00320994
  0.0031216
 0.00303514
 0.00295055
 0.00286884
 0.00279123
 0.00271867
  0.0026516
 0.00258985
 0.00253265
 0.00247859
 0.00242579
 0.00237256
 0.00231816
 0.00226306
 0.00220848
 0.00215579
 0.00210617
 0.00206044
 0.00201875
 0.00198057
 0.00194476
 0.00191001
 0.00187521
 0.00183985
  0.0018042
 0.00176903
 0.00173518
 0.00170317
 0.00167305
 0.00164446
 0.00161682
 0.00158947
 0.00156198
 0.00153423
 0.00150643
 0.00147899
 0.00145235
 0.00142689
 0.00140281
 0.00138014
 0.00135885
 0.00133884
 0.00131997
 0.00130201
 0.00128466
 0.00126763
 0.00125069
  0.0012337
  0.0012166
 0.00119944
 0.00118239
 0.00116573
 0.00114975
 0.00113459
 0.00112026
  0.0011067
 0.00109385
 0.00108163
 0.00106994
 0.00105867
 0.00104774
 0.00103706
  0.0010266
 0.00101636
 0.00100636
0.000996607
0.000987094
0.000977786
0.000968635
0.000959583
0.000950587
0.000941644
0.000932804
0.000924147
0.000915739
0.000907605
0.000899725
0.000892066
0.000884604
0.000877326
0.000870222
0.000863266
0.000856427
0.000849684
0.000843037
0.000836501
0.000830093
0.000823822
0.000817684
0.000811667
0.000805762
0.000799965
 0.00079427
0.000788654
0.000783096
0.000777581
0.000772109
0.000766682
0.000761307
0.000756002
0.000750782
0.000745663
0.000740649
0.000735738
0.000730924
0.000726196
0.000721546
0.000716966
0.000712451
0.000707999
0.000703609
0.000699282
0.000695018
0.000690817
0.000686673
0.000682582