 0.00293079
 0.00296625
 0.00300241
 0.00303929
 0.00307693
 0.00311533
 0.00315452
 0.00319452
 0.00323535
 0.00327704
 0.00331962
 0.00336311
 0.00340753
 0.00345292
  0.0034993
 0.00354671
 0.00359517
 0.00364473
  0.0036954
 0.00374724
 0.00380027
 0.00385453
 0.00391007
 0.00396692
 0.00402513
 0.00408474
  0.0041458
 0.00420836
 0.00427247
 0.00433819
 0.00440556
 0.00447466
 0.00454552
 0.00461824
 0.00469285
 0.00476945
  0.0048481
 0.00492887
 0.00501185
 0.00509711
 0.00518476
 0.00527487
 0.00536755
 0.00546289
   0.005561
   0.005662
   0.005766
 0.00587312
 0.00598349
 0.00609726
 0.00621456
 0.00633554
 0.00646037
 0.00658922
 0.00672226
 0.00685968
 0.00700168
 0.00714847
 0.00730028
 0.00745733
 0.00761989
 0.00778822
  0.0079626
 0.00814333
 0.00833072
 0.00852512
 0.00872689
 0.00893641
 0.00915409
 0.00938038
 0.00961573
 0.00986065
  0.0101157
  0.0103814
  0.0106584
  0.0109473
  0.0112489
  0.0115639
  0.0118932
  0.0122376
  0.0125981
  0.0129757
  0.0133715
  0.0137868
  0.0142228
   0.014681
  0.0151629
  0.0156702
  0.0162048
  0.0167686
  0.0173638
  0.0179929
  0.0186585
  0.0193635
   0.020111
  0.0209047
  0.0217483
  0.0226463
  0.0236034
  0.0246249
  0.0257169
  0.0268858
  0.0281393
  0.0294856
  0.0309341
  0.0324956
   0.034182
   0.036007
  0.0379864
  0.0401378
  0.0424819
  0.0450423
  0.0478463
  0.0509256
  0.0543173
  0.0580648
  0.0622192
  0.0668411
  0.0720026
  0.0777898
  0.0843067
  0.0916793
   0.100061
   0.109642
   0.120654
   0.133392
   0.148222
   0.165613
   0.186163
   0.210648
   0.240076
   0.275778
   0.319508
   0.373598
    0.44113
   0.526118
   0.633601
   0.769366
    0.93867
    1.14272
     1.3714
    1.59323
     1.7526
    1.79214
    1.69523
    1.50094
    1.27063
    1.05034
     0.8611
   0.706944
   0.584263
   0.487306
   0.410533
   0.349347
    0.30016
   0.260239
   0.227524
   0.200459
   0.177866
   0.158847
    0.14271
   0.128916
   0.117045
   0.106765
  0.0978112
  0.0899696
   0.083068
  0.0769656
  0.0715468
  0.0667159
  0.0623934
  0.0585124
   0.055017
  0.0518595
  0.0489998
  0.0464031
  0.0440399
  0.0418848
  0.0399155
  0.0381131
  0.0364607
  0.0349438
  0.0335496
  0.0322669
  0.0310858
  0.0299975
  0.0289943
  0.0280694
  0.0272167
  0.0264307
  0.0257067
  0.0250403
  0.0244278
  0.0238659
  0.0233514
  0.0228817
  0.0224545
  0.0220677
  0.0217195
  0.0214083
  0.0211327
  0.0208918
  0.0206844
  0.0205099
  0.0203678
  0.0202576
  0.0201791
  0.0201325
  0.0201178
  0.0201354
  0.0201859
  0.0202701
   0.020389
  0.0205439
  0.0207363
   0.020968
  0.0212411
  0.0215582
  0.0219222
  0.0223365
   0.022805
  0.0233324
  0.0239238
  0.0245856
  0.0253248
  0.0261499
  0.0270708
   0.028099
  0.0292483
  0.0305353
  0.0319795
   0.033605
  0.0354408
  0.0375225
   0.039894
   0.042609
  0.0457321
  0.0493382
  0.0535054
  0.0582972
  0.0637321
  0.0697633
  0.0763306
  0.0835148
  0.0916641
   0.101345
   0.113217
   0.127998
   0.146528
   0.169863
   0.199354
   0.236661
   0.283608
   0.341605
   0.410236
   0.484616
   0.552532
   0.595628
   0.599303
   0.564812
   0.508403
   0.448743
   0.397971
   0.361271
   0.339837
   0.333267
   0.340443
    0.35905
   0.383999
   0.405936
   0.412881
   0.397003
   0.360768
    0.31431
    0.26763
   0.226395
    0.19239
    0.16533
   0.144166
   0.127691
   0.114702
   0.104049
  0.0947767
  0.0863596
  0.0787323
  0.0720368
  0.0663729
   0.061734
    0.05805
  0.0552402
  0.0532415
  0.0520153
  0.0515363
  0.0517575
  0.0525447
  0.0536007
   0.054482
  0.0548325
  0.0547006
  0.0545441
  0.0548958
  0.0560572
  0.0579639
  0.0601437
  0.0618122
  0.0622126
  0.0610183
  0.0584701
  0.0551989
   0.051889
  0.0490257
  0.0468451
   0.045397
  0.0446309
   0.044479
  0.0449126
  0.0459463
  0.0475945
  0.0498183
   0.052492
  0.0554372
  0.0585663
  0.0620318
  0.0662088
  0.0715399
  0.0783858
  0.0869127
  0.0969702
    0.10802
   0.119358
   0.130663
   0.142211
   0.154216
   0.166027
    0.17646
    0.18528
   0.193988
   0.204841
   0.219484
    0.23821
   0.259444
   0.279584
   0.294291
   0.301001
   0.300146
   0.293992
   0.285179
   0.275952
   0.267528
    0.26007
   0.253387
   0.247125
   0.240079
   0.230202
   0.216359
   0.199838
   0.183479
   0.169657
   0.159276
   0.152073
   0.147475
   0.145159
   0.144868
   0.145802
   0.146366
    0.14493
   0.141089
   0.135807
   0.130216
   0.124753
   0.119342
   0.113894
   0.108544
   0.103586
  0.0993093
  0.0957882
  0.0928147
  0.0901039
  0.0875985
  0.0855526
  0.0843603
  0.0843455
  0.0856021
  0.0878773
  0.0905791
  0.0929415
  0.0942885
  0.0943273
  0.0932913
  0.0917471
  0.0902694
  0.0893177
  0.0892485
  0.0902567
    0.09225
  0.0947766
  0.0971494
  0.0988371
  0.0998159
   0.100435
   0.101034
   0.101851
   0.103113
   0.105051
   0.107849
   0.111592
    0.11622
   0.121605
   0.127663
   0.134271
   0.141082
    0.14753
   0.153053
   0.157341
   0.160515
   0.163114
   0.165722
    0.16847
   0.170878
   0.172221
   0.172251
    0.17156
   0.170969
   0.170704
   0.170427
   0.169861
   0.169038
   0.168018
   0.166663
   0.164788
   0.162435
   0.159757
   0.156663
   0.152774
   0.147848
   0.142218
    0.13668
   0.131996
   0.128552
   0.126354
   0.125155
   0.124573
   0.124141
   0.123369
   0.121925
   0.119821
    0.11736
   0.114882
   0.112606
   0.110608
   0.108878
   0.107403
   0.106222
   0.105415
   0.105027
   0.104977
   0.105021
   0.104887
   0.104493
   0.103987
   0.103566
   0.103329
   0.103301
   0.103496
   0.103937
   0.104615
   0.105459
   0.106351
   0.107173
    0.10784
   0.108302
   0.108599
   0.108948
   0.109679
   0.110989
    0.11275
   0.114636
   0.116399
   0.117999
   0.119501
   0.120966
   0.122436
   0.123969
   0.125639
   0.127487
   0.129493
   0.131567
   0.133565
   0.135335
   0.136807
    0.13802
   0.139034
   0.139836
   0.140336
   0.140415
   0.139999
   0.139111
   0.137902
   0.136573
   0.135285
   0.134134
   0.133161
   0.132393
   0.131905
   0.131793
   0.132031
    0.13239
   0.132497
    0.13199
   0.130696
   0.128743
   0.126475
   0.124226
   0.122201
   0.120545
    0.11946
   0.119153
   0.119631
   0.120596
   0.121591
   0.122292
   0.122645
   0.122775
   0.122822
   0.122824
   0.122701
   0.122347
   0.121778
   0.121172
   0.120733
   0.120566
   0.120658
   0.120948
   0.121412
   0.122093
    0.12308
    0.12445
     0.1262
    0.12825
   0.130464
   0.132631
   0.134472
   0.135749
    0.13641
   0.136609
    0.13661
   0.136671
   0.137025
   0.137916
   0.139566
   0.142087
   0.145387
   0.149156
   0.152978
   0.156483
   0.159411
   0.161593
   0.162952
   0.163527
   0.163463
   0.162936
   0.162048
   0.160806
   0.159166
   0.157107
   0.154688
   0.152067
   0.149487
   0.147203
   0.145401
    0.14415
   0.143401
   0.143028
   0.142881
   0.142798
   0.142614
   0.142153
   0.141232
   0.139749
   0.137787
    0.13564
   0.133722
   0.132427
   0.131976
   0.132355
   0.133315
   0.134462
   0.135405
   0.135904
   0.135938
    0.13564
   0.135148
   0.134503
   0.133714
   0.132831
   0.131938
   0.131122
   0.130463
   0.130011
   0.129702
    0.12936
   0.128794
   0.127946
   0.126933
   0.125964
   0.125221
    0.12478
   0.124605
   0.124622
   0.124798
    0.12515
   0.125686
    0.12631
   0.126785
    0.12683
   0.126283
   0.125189
   0.123779
   0.122365
   0.121222
    0.12052
   0.120277
    0.12036
   0.120531
   0.120524
   0.120135
   0.119286
   0.118036
   0.116509
   0.114807
    0.11299
   0.111102
   0.109232
   0.107528
   0.106146
   0.105196
   0.104705
   0.104595
   0.104694
   0.104783
   0.104683
   0.104325
   0.103775
   0.103183
   0.102721
   0.102541
   0.102752
   0.103405
    0.10447
   0.105821
   0.107263
   0.108588
   0.109645
   0.110366
   0.110772
   0.110967
   0.111118
    0.11141
   0.111985
   0.112878
    0.11399
   0.115094
   0.115858
   0.115977
   0.115356
   0.114194
   0.112848
   0.111638
   0.110745
   0.110209
   0.109975
   0.109967
   0.110132
   0.110417
   0.110728
   0.110906
   0.110753
   0.110121
    0.10901
   0.107578
   0.106056
   0.104651
   0.103496
   0.102651
   0.102129
     0.1019
   0.101865
    0.10186
   0.101698
   0.101255
   0.100536
   0.099673
  0.0988332
  0.0981303
  0.0976018
  0.0972465
  0.0970495
  0.0969702
  0.0969199
   0.096761
  0.0963394
  0.0955484
  0.0944039
  0.0930701
  0.0917947
  0.0907821
  0.0900938
  0.0896347
  0.0892223
   0.088687
  0.0879527
  0.0870566
  0.0860906
  0.0851114
  0.0841044
  0.0830217
  0.0818598
  0.0807118
  0.0797475
   0.079136
  0.0789659
  0.0792092
  0.0797422
  0.0804039
  0.0810395
   0.081511
   0.081698
  0.0815138
  0.0809431
   0.080067
  0.0790308
  0.0779697
  0.0769559
  0.0759932
  0.0750406
  0.0740494
  0.0729866
  0.0718294
  0.0705515
  0.0691386
  0.0676281
  0.0661275
  0.0647757
   0.063668
  0.0628082
  0.0621233
  0.0615163
  0.0609175
  0.0603111
  0.0597293
  0.0592241
  0.0588365
  0.0585746
  0.0584086
  0.0582863
   0.058172
  0.0580788
   0.058049
  0.0580894
  0.0581287
   0.058043
  0.0577145
  0.0570717
  0.0560943
  0.0548031
  0.0532524
  0.0515308
  0.0497508
  0.0480213
   0.046418
  0.0449753
  0.0436982
   0.042576
  0.0415859
  0.0406896
  0.0398356
  0.0389736
  0.0380767
  0.0371538
   0.036244
  0.0353986
  0.0346585
  0.0340351
  0.0335061
  0.0330254
   0.032542
  0.0320198
  0.0314484
  0.0308382
  0.0302098
   0.029585
  0.0289848
  0.0284244
  0.0279104
  0.0274396
  0.0269969
  0.0265513
  0.0260588
  0.0254787
  0.0247973
  0.0240349
  0.0232326
  0.0224328
   0.021671
  0.0209719
  0.0203446
  0.0197823
  0.0192647
  0.0187667
  0.0182688
  0.0177676
  0.0172767
   0.016813
  0.0163774
  0.0159503
  0.0155048
    0.01503
   0.014541
  0.0140663
  0.0136268
  0.0132237
  0.0128405
  0.0124568
  0.0120613
  0.0116562
  0.0112514
  0.0108549
   0.010469
  0.0100929
 0.00972692
 0.00937464
 0.00904063
 0.00872792
  0.0084377
 0.00816914
 0.00791872
 0.00768135
 0.00745363
 0.00723571
 0.00702943
 0.00683562
  0.0066541
 0.00648566
 0.00633218
 0.00619386
 0.00606678
   0.005943
 0.00581339
 0.00567185
 0.00551821
 0.00535755
 0.00519619
 0.00503748
 0.00488147
 0.00472771
 0.00457755
 0.00443394
 0.00429947
 0.00417471
 0.00405818
 0.00394753
 0.00384115
 0.00373886
 0.00364107
 0.00354719
 0.00345515
 0.00336277
 0.00326907
 0.00317452
 0.00308053
 0.00298886
 0.00290122
 0.00281877
 0.00274189
 0.00267019
 0.00260296
 0.00253978
 0.00248081
  0.0024263
 0.00237589
 0.00232845
 0.00228261
 0.00223754
   0.002193
 0.00214897
 0.00210517
 0.00206117
 0.00201675
  0.0019724
 0.00192918
 0.00188814
  0.0018498
 0.00181411
 0.00178086
 0.00174986
 0.00172091
 0.00169362
  0.0016674
 0.00164174
 0.00161643
 0.00159169
 0.00156794
 0.00154545
 0.00152408
 0.00150341
 0.00148302
 0.00146276
 0.00144273
 0.00142309
 0.00140395
 0.00138527
 0.00136688
 0.00134855
 0.00133008
 0.00131142
 0.00129274
 0.00127436
 0.00125661
 0.00123967
 0.00122354
 0.00120812
 0.00119326
 0.00117887
 0.00116488
 0.00115129
  0.0011381
 0.00112531
 0.00111295
 0.00110105
 0.00108961
 0.00107864
 0.00106807
 0.00105787
 0.00104796
  0.0010383
 0.00102885
 0.00101957
 0.00101045
 0.00100147
0.000992611
0.000983906
0.000975385
0.000967053
0.000958879
0.000950818
0.000942845
0.000934962
0.000927185
0.000919529
0.000912015
0.000904664
0.000897484
0.000890464
 0.00088358
0.000876822
0.000870196
0.000863725
0.000857422
0.000851284
0.000845296
0.000839438
0.000833685
0.000828015
0.000822415
 0.00081688
0.000811415
0.000806021
0.000800698
0.000795439
0.000790236
0.000785082
0.000779972
0.000774907
0.000769895
0.000764943
0.000760053
 0.00075522
0.000750439
0.000745708
 0.00074103
0.000736411
0.000731855
0.000727365
 0.00072294
0.000718579
0.000714277
0.000710034
0.000705845
0.000701712
0.000697633
0.000693609
0.000689636
0.000685712
0.000681834
   0.000678
0.000674208
0.000670457
0.000666746
0.000663073
 0.00065944
0.000655843
0.000652283
0.000648758
0.000645268
0.000641815
0.000638398
0.000635016
0.000631666
0.000628347
0.000625057
0.000621796
0.000618564
0.000615362
0.000612191
0.000609051
0.000605943
0.000602865
0.000599816
0.000596797
0.000593806
0.000590843
0.000587906
0.000584996
0.000582112
0.000579254
0.000576421
0.000573613
 0.00057083
0.000568071
0.000565335
0.000562624
0.000559936
 0.00055727
0.000554627
0.000552006
0.000549405
0.000546826
0.000544267
0.000541729
 0.00053921
0.000536713
0.000534235
0.000531777
0.000529339
0.000526921
0.000524522
0.000522143
0.000519782
0.000517441
0.000515117
0.000512812
0.000510525
0.000508255
0.000506004
0.000503769
0.000501552
0.000499352
0.000497168
0.000495001
0.000492851
0.000490716
0.000488598
0.000486495
0.000484407
0.000482335
0.000480278
0.000478236
0.000476209
0.000474197
0.000472199
0.000470216
0.000468247
0.000466291
 0.00046435
0.000462423
0.000460509
0.000458609
0.000456722
0.000454848
0.000452987
0.000451139
0.000449304
0.000447482
0.000445672
0.000443875
 0.00044209
0.000440317
0.000438556
0.000436807
0.000435069
0.000433344
 0.00043163
0.000429927
0.000428236
0.000426556
0.000424887
0.000423229
0.000421582
0.000419946
 0.00041832
0.000416705