0.00107248
0.00107893
0.00108544
0.00109202
0.00109865
0.00110535
0.00111212
0.00111895
0.00112585
0.00113281
0.00113984
0.00114695
0.00115412
0.00116136
0.00116867
0.00117606
0.00118352
0.00119105
0.00119866
0.00120635
0.00121411
0.00122196
0.00122988
0.00123788
0.00124597
0.00125414
0.00126239
0.00127074
0.00127916
0.00128768
0.00129628
0.00130498
0.00131377
0.00132265
0.00133163
 0.0013407
0.00134987
0.00135914
0.00136851
0.00137798
0.00138756
0.00139724
0.00140703
0.00141692
0.00142693
0.00143704
0.00144728
0.00145762
0.00146808
0.00147867
0.00148937
0.00150019
0.00151114
0.00152221
0.00153342
0.00154475
0.00155622
0.00156782
0.00157956
0.00159143
0.00160345
0.00161561
0.00162792
0.00164037
0.00165298
0.00166573
0.00167865
0.00169172
0.00170495
0.00171835
0.00173191
0.00174565
0.00175955
0.00177363
0.00178789
0.00180233
0.00181695
0.00183176
0.00184676
0.00186196
0.00187735
0.00189295
0.00190875
0.00192476
0.00194098
0.00195742
0.00197407
0.00199096
0.00200807
0.00202541
0.00204299
0.00206081
0.00207887
0.00209719
0.00211576
0.00213459
0.00215369
0.00217306
 0.0021927
0.00221262
0.00223283
0.00225333
0.00227413
0.00229523
0.00231664
0.00233837
0.00236042
 0.0023828
0.00240551
0.00242857
0.00245197
0.00247573
0.00249986
0.00252436
0.00254923
 0.0025745
0.00260016
0.00262622
 0.0026527
 0.0026796
0.00270693
 0.0027347
0.00276292
 0.0027916
0.00282075
0.00285038
0.00288051
0.00291114
0.00294228
0.00297395
0.00300615
0.00303891
0.00307223
0.00310613
0.00314062
0.00317571
0.00321142
0.00324777
0.00328476
0.00332243
0.00336077
0.00339981
0.00343957
0.00348006
 0.0035213
0.00356332
0.00360612
0.00364974
0.00369419
0.00373949
0.00378567
0.00383275
0.00388075
 0.0039297
0.00397963
0.00403055
0.00408251
0.00413551
0.00418961
0.00424481
0.00430117
 0.0043587
0.00441744
0.00447744
0.00453871
0.00460131
0.00466527
0.00473062
0.00479742
 0.0048657
0.00493552
0.00500691
0.00507992
0.00515461
0.00523103
0.00530923
0.00538926
 0.0054712
0.00555509
0.00564101
0.00572902
0.00581918
0.00591158
0.00600627
0.00610336
 0.0062029
  0.006305
0.00640974
 0.0065172
 0.0066275
0.00674073
0.00685699
 0.0069764
0.00709907
0.00722512
0.00735468
0.00748789
0.00762488
0.00776579
0.00791079
0.00806003
0.00821368
0.00837191
0.00853492
 0.0087029
0.00887606
 0.0090546
0.00923877
0.00942879
0.00962493
0.00982745
 0.0100366
 0.0102528
 0.0104762
 0.0107072
 0.0109462
 0.0111935
 0.0114495
 0.0117147
 0.0119895
 0.0122743
 0.0125697
 0.0128761
 0.0131943
 0.0135246
 0.0138679
 0.0142247
 0.0145959
 0.0149821
 0.0153843
 0.0158033
   0.01624
 0.0166955
 0.0171709
 0.0176673
 0.0181861
 0.0187286
 0.0192962
 0.0198906
 0.0205134
 0.0211665
  0.021852
 0.0225719
 0.0233286
 0.0241247
  0.024963
 0.0258465
 0.0267786
 0.0277627
  0.028803
 0.0299037
 0.0310697
 0.0323062
 0.0336189
 0.0350143
 0.0364994
 0.0380822
 0.0397712
 0.0415764
 0.0435084
 0.0455795
 0.0478033
  0.050195
 0.0527721
  0.055554
 0.0585629
 0.0618241
 0.0653665
  0.069223
 0.0734316
 0.0780364
  0.083088
 0.0886458
  0.094779
  0.101569
  0.109112
  0.117521
  0.126933
  0.137512
  0.149454
     0.163
  0.178445
   0.19615
  0.216567
  0.240263
  0.267952
  0.300548
  0.339226
   0.38551
  0.441401
  0.509532
  0.593397
  0.697628
  0.828315
   0.99328
   1.20201
   1.46451
   1.78754
   2.16555
   2.56487
   2.90903
   3.09209
   3.04108
   2.77754
   2.39807
   2.00107
   1.64417
   1.34696
   1.10826
  0.919212
  0.769764
  0.651081
  0.556092
   0.47936
   0.41677
  0.365221
   0.32237
  0.286434
  0.256048
  0.230156
  0.207936
   0.18874
  0.172055
  0.157468
  0.144647
  0.133324
  0.123277
  0.114324
  0.106313
 0.0991192
 0.0926356
 0.0867731
 0.0814555
 0.0766181
 0.0722055
 0.0681699
 0.0644699
 0.0610698
 0.0579383
 0.0550483
 0.0523758
 0.0498999
 0.0476019
 0.0454654
 0.0434758
 0.0416203
 0.0398872
 0.0382661
 0.0367479
 0.0353241
 0.0339872
 0.0327305
 0.0315479
 0.0304337
  0.029383
 0.0283912
 0.0274541
 0.0265679
 0.0257291
 0.0249346
 0.0241813
 0.0234668
 0.0227884
  0.022144
 0.0215314
 0.0209488
 0.0203943
 0.0198662
 0.0193632
 0.0188838
 0.0184266
 0.0179904
 0.0175742
 0.0171769
 0.0167975
 0.0164351
 0.0160888
 0.0157579
 0.0154416
 0.0151392
 0.0148501
 0.0145737
 0.0143094
 0.0140567
 0.0138151
 0.0135842
 0.0133634
 0.0131525
  0.012951
 0.0127586
 0.0125748
 0.0123996
 0.0122324
 0.0120731
 0.0119214
 0.0117771
   0.01164
 0.0115097
 0.0113863
 0.0112694
 0.0111589
 0.0110546
 0.0109565
 0.0108644
 0.0107781
 0.0106976
 0.0106228
 0.0105536
 0.0104899
 0.0104316
 0.0103787
 0.0103312
  0.010289
 0.0102521
 0.0102204
  0.010194
 0.0101729
 0.0101571
 0.0101465
 0.0101413
 0.0101415
 0.0101471
 0.0101583
  0.010175
 0.0101974
 0.0102255
 0.0102595
 0.0102996
 0.0103458
 0.0103983
 0.0104573
 0.0105229
 0.0105955
 0.0106751
 0.0107621
 0.0108568
 0.0109593
 0.0110701
 0.0111894
 0.0113177
 0.0114554
 0.0116028
 0.0117605
  0.011929
 0.0121089
 0.0123007
 0.0125051
 0.0127228
 0.0129547
 0.0132015
 0.0134643
 0.0137439
 0.0140415
 0.0143584
 0.0146958
 0.0150551
 0.0154381
 0.0158463
 0.0162818
 0.0167466
 0.0172431
 0.0177739
 0.0183418
 0.0189501
 0.0196022
 0.0203022
 0.0210545
  0.021864
 0.0227363
 0.0236778
 0.0246954
 0.0257974
 0.0269927
  0.028292
 0.0297071
 0.0312518
 0.0329419
 0.0347957
 0.0368347
 0.0390836
 0.0415718
 0.0443335
 0.0474098
 0.0508491
 0.0547099
 0.0590625
 0.0639923
 0.0696039
  0.076026
 0.0834184
 0.0919811
  0.101967
  0.113697
  0.127585
  0.144167
  0.164144
  0.188438
  0.218273
  0.255269
  0.301558
  0.359883
  0.433594
  0.526282
   0.64054
  0.774923
  0.918491
   1.04532
   1.11812
   1.10926
    1.0239
  0.895396
  0.759622
  0.638528
  0.540267
   0.46525
  0.410872
  0.373686
  0.349741
   0.33398
  0.319915
  0.301238
  0.275225
  0.244072
  0.212205
  0.183036
  0.158012
  0.137219
  0.120141
  0.106122
 0.0945512
 0.0849268
  0.076851
  0.070016
 0.0641841
 0.0591714
 0.0548348
 0.0510617
 0.0477633
 0.0448687
 0.0423209
  0.040074
 0.0380908
 0.0363409
 0.0348001
 0.0334486
 0.0322711
 0.0312556
 0.0303937
   0.02968
 0.0291122
 0.0286914
 0.0284221
 0.0283129
 0.0283772
 0.0286345
 0.0291116
  0.029845
  0.030884
 0.0322946
 0.0341657
 0.0366161
 0.0398046
 0.0439403
 0.0492916
 0.0561799
 0.0649344
  0.075746
 0.0883338
  0.101393
  0.112166
  0.117103
  0.114117
  0.104384
 0.0912919
 0.0779869
 0.0661945
 0.0564398
 0.0486271
  0.042446
 0.0375631
  0.033691
 0.0306016
 0.0281204
 0.0261159
 0.0244894
  0.023167
 0.0220929
 0.0212254
 0.0205333
 0.0199935
 0.0195896
 0.0193104
 0.0191502
 0.0191074
 0.0191855
 0.0193934
 0.0197462
 0.0202666
 0.0209862
 0.0219462
  0.023195
 0.0247774
 0.0267052
 0.0288966
 0.0310931
 0.0328357
 0.0336448
 0.0333638
 0.0322983
 0.0309646
 0.0297743
 0.0289338
 0.0285012
 0.0284656
 0.0287978
 0.0294732
 0.0304803
 0.0318229
 0.0335214
 0.0356136
 0.0381569
 0.0412326
 0.0449513
 0.0494614
 0.0549608
 0.0617107
 0.0700502
 0.0804045
 0.0932649
  0.109094
  0.128063
  0.149532
  0.171383
  0.190007
  0.202143
  0.207782
  0.210732
  0.215991
  0.227097
  0.245042
  0.267676
  0.289074
   0.30056
  0.295426
  0.274242
  0.244116
  0.212994
  0.185828
  0.164503
  0.149183
  0.139403
  0.134606
  0.134283
  0.137834
  0.144241
  0.151766
  0.158264
   0.16251
  0.165422
  0.169548
  0.177468
  0.190767
  0.209723
  0.233167
  0.258314
  0.280548
  0.293422
  0.290824
  0.271596
  0.241175
  0.207443
  0.176131
  0.149734
  0.128574
  0.111992
 0.0990741
  0.089022
  0.081299
 0.0756022
 0.0717655
 0.0697033
 0.0693965
 0.0708794
 0.0741825
 0.0791863
 0.0853492
  0.091409
 0.0954921
 0.0961101
 0.0933881
 0.0889519
  0.084564
 0.0811176
 0.0786126
 0.0766464
 0.0748021
 0.0726612
 0.0697767
 0.0659491
 0.0615057
 0.0571416
 0.0535013
 0.0509567
 0.0496536
 0.0496359
  0.050928
 0.0535485
 0.0574556
 0.0624308
 0.0679757
 0.0734088
 0.0782143
 0.0821977
 0.0851376
 0.0865989
 0.0863773
 0.0847346
 0.0819162
 0.0778995
 0.0728864
 0.0676273
 0.0630343
 0.0597082
 0.0578383
 0.0573253
 0.0579314
 0.0594016
 0.0615427
 0.0642831
 0.0677342
 0.0721812
 0.0779576
  0.085178
 0.0933279
  0.100993
  0.106315
  0.108275
  0.107418
  0.104939
  0.101446
 0.0969658
 0.0916204
 0.0858108
 0.0800511
  0.074921
 0.0709186
 0.0682022
 0.0665283
 0.0654798
 0.0648036
 0.0645056
 0.0645842
 0.0647929
 0.0647988
 0.0645752
 0.0645429
 0.0653232
 0.0674106
 0.0710028
 0.0759574
 0.0818364
  0.088143
 0.0947145
  0.101818
  0.109681
   0.11796
  0.125646
  0.131307
  0.133571
  0.132065
  0.127969
  0.123269
   0.11975
  0.118713
  0.120972
  0.126737
  0.135414
  0.145515
  0.155081
  0.162713
  0.168343
  0.172897
  0.177229
  0.181327
   0.18443
  0.185848
  0.185373
  0.182833
  0.177899
  0.170557
  0.161113
  0.149823
  0.137109
  0.123878
  0.111321
  0.100497
 0.0919787
 0.0857232
  0.081184
 0.0775996
 0.0743821
 0.0713619
 0.0686776
  0.066424
 0.0644438
 0.0624541
 0.0602608
 0.0578277
  0.055279
 0.0528401
 0.0506922
 0.0489055
 0.0475063
 0.0465425
 0.0460595
 0.0460218
 0.0462755
 0.0465703
 0.0466247
 0.0462656
 0.0455775
 0.0448735
  0.044482
 0.0445884
 0.0452439
 0.0464114
 0.0479996
 0.0499371
 0.0521793
 0.0545892
 0.0568642
 0.0586204
 0.0595641
 0.0596238
  0.058948
 0.0577895
 0.0563577
  0.054725
 0.0528632
 0.0507934
 0.0486635
 0.0466804
 0.0450363
 0.0438896
 0.0433534
 0.0434683
 0.0441617
   0.04523
 0.0463959
 0.0474242
 0.0482197
 0.0488163
 0.0492722
 0.0495908
 0.0497548
  0.049836
 0.0500363
 0.0505158
  0.051127
 0.0513722
 0.0507397
 0.0491632
 0.0470896
  0.045105
 0.0435931
 0.0426663
 0.0422312
 0.0420907
 0.0420729
 0.0421185
 0.0422938
 0.0427647
 0.0437156
 0.0452145
 0.0471385
 0.0492717
 0.0515093
  0.053941
 0.0567208
 0.0598847
 0.0633102
 0.0667967
 0.0700567
 0.0725679
 0.0736164
 0.0727842
 0.0703791
 0.0672019
 0.0639651
 0.0609867
 0.0582649
 0.0557224
 0.0533461
 0.0511521
 0.0491438
 0.0473343
 0.0457478
 0.0443734
 0.0431244
 0.0418885
 0.0406303
 0.0393919
 0.0381878
 0.0369404
  0.035554
 0.0340553
 0.0326189
 0.0314538
 0.0306902
 0.0303353
 0.0302844
  0.030366
  0.030407
 0.0302941
  0.030024
 0.0297258
 0.0295756
 0.0296412
 0.0298267
 0.0299652
 0.0299344
 0.0296907
 0.0292522
 0.0286915
 0.0281094
 0.0275718
 0.0270702
 0.0265455
 0.0259447
 0.0252527
 0.0244965
 0.0237255
 0.0229755
 0.0222512
 0.0215456
 0.0208668
 0.0202511
 0.0197557
 0.0194291
 0.0192841
 0.0193024
 0.0194642
 0.0197635
 0.0201858
 0.0206768
 0.0211454
 0.0215115
 0.0217531
 0.0218922
 0.0219298
 0.0218125
 0.0214799
 0.0209406
 0.0202833
 0.0196183
 0.0190285
 0.0185571
 0.0182041
   0.01793
 0.0176813
 0.0174285
 0.0171834
 0.0169829
 0.0168585
 0.0168178
  0.016852
 0.0169519
 0.0171156
 0.0173389
 0.0176045
 0.0178972
 0.0182335
 0.0186538
 0.0191712
 0.0197282
 0.0202014
 0.0204622
 0.0204622
 0.0202528
 0.0199168
 0.0194947
 0.0189742
 0.0183418
 0.0176335
 0.0169164
 0.0162226
  0.015528
 0.0147966
 0.0140278
 0.0132589
 0.0125326
 0.0118682
 0.0112606
 0.0106997
 0.0101869
0.00973226
0.00933833
0.00899322
0.00867933
0.00838806
0.00812578