  0.0017653
 0.00178161
 0.00179816
 0.00181496
 0.00183202
 0.00184933
  0.0018669
 0.00188475
 0.00190287
 0.00192127
 0.00193996
 0.00195894
 0.00197822
  0.0019978
  0.0020177
 0.00203792
 0.00205847
 0.00207935
 0.00210057
 0.00212214
 0.00214407
 0.00216636
 0.00218903
 0.00221208
 0.00223553
 0.00225937
 0.00228362
  0.0023083
  0.0023334
 0.00235894
 0.00238494
  0.0024114
 0.00243833
 0.00246575
 0.00249366
 0.00252209
 0.00255103
 0.00258052
 0.00261055
 0.00264115
 0.00267232
 0.00270409
 0.00273647
 0.00276947
 0.00280312
 0.00283742
 0.00287241
 0.00290809
 0.00294448
 0.00298161
 0.00301949
 0.00305815
 0.00309761
 0.00313789
 0.00317901
   0.003221
 0.00326389
 0.00330769
 0.00335245
 0.00339818
 0.00344492
 0.00349269
 0.00354153
 0.00359147
 0.00364254
 0.00369479
 0.00374824
 0.00380294
 0.00385892
 0.00391623
 0.00397491
 0.00403501
 0.00409656
 0.00415963
 0.00422427
 0.00429052
 0.00435844
 0.00442808
 0.00449952
 0.00457282
 0.00464803
 0.00472523
 0.00480449
 0.00488589
  0.0049695
 0.00505542
 0.00514371
 0.00523449
 0.00532784
 0.00542385
 0.00552265
 0.00562433
 0.00572901
 0.00583682
 0.00594789
 0.00606234
 0.00618031
 0.00630197
 0.00642747
 0.00655696
 0.00669063
 0.00682866
 0.00697125
 0.00711861
 0.00727094
 0.00742848
 0.00759148
 0.00776019
  0.0079349
 0.00811588
 0.00830345
 0.00849794
  0.0086997
 0.00890909
 0.00912652
 0.00935241
  0.0095872
 0.00983138
  0.0100855
    0.01035
  0.0106255
  0.0109128
  0.0112124
   0.011525
  0.0118515
  0.0121927
  0.0125494
  0.0129228
  0.0133137
  0.0137234
   0.014153
   0.014604
  0.0150777
  0.0155758
  0.0160999
  0.0166518
  0.0172337
  0.0178477
  0.0184962
   0.019182
  0.0199079
  0.0206771
  0.0214932
    0.02236
  0.0232819
  0.0242637
  0.0253106
  0.0264287
  0.0276244
  0.0289052
  0.0302793
   0.031756
  0.0333458
  0.0350607
  0.0369139
  0.0389207
  0.0410988
  0.0434678
   0.046051
  0.0488746
  0.0519695
  0.0553712
  0.0591215
  0.0632694
  0.0678726
  0.0729998
  0.0787326
  0.0851694
  0.0924287
   0.100655
   0.110025
   0.120757
   0.133123
   0.147463
   0.164212
   0.183921
   0.207308
   0.235308
   0.269157
   0.310505
   0.361578
   0.425403
   0.506106
   0.609293
   0.742421
    0.91486
    1.13676
    1.41463
    1.73989
    2.06915
    2.31183
     2.3665
    2.20595
    1.90548
    1.56991
    1.26614
    1.01709
   0.821651
   0.670562
   0.553794
   0.462916
   0.391456
    0.33461
   0.288857
   0.251611
   0.220962
   0.195489
    0.17412
   0.156041
   0.140623
    0.12738
   0.115928
   0.105965
  0.0972472
  0.0895787
  0.0828005
  0.0767821
  0.0714159
  0.0666125
  0.0622972
  0.0584072
  0.0548896
  0.0516993
  0.0487977
   0.046152
  0.0437337
  0.0415182
  0.0394843
  0.0376133
   0.035889
  0.0342971
  0.0328251
  0.0314619
  0.0301978
  0.0290239
  0.0279326
   0.026917
  0.0259709
  0.0250887
  0.0242656
   0.023497
   0.022779
  0.0221079
  0.0214804
  0.0208936
  0.0203448
  0.0198316
  0.0193518
  0.0189033
  0.0184844
  0.0180935
  0.0177289
  0.0173894
  0.0170738
  0.0167809
  0.0165098
  0.0162594
  0.0160292
  0.0158182
  0.0156259
  0.0154517
  0.0152951
  0.0151558
  0.0150333
  0.0149274
  0.0148379
  0.0147646
  0.0147074
  0.0146663
  0.0146414
  0.0146327
  0.0146404
  0.0146648
  0.0147061
  0.0147648
  0.0148413
  0.0149363
  0.0150502
   0.015184
  0.0153384
  0.0155144
  0.0157132
   0.015936
  0.0161842
  0.0164595
  0.0167635
  0.0170985
  0.0174667
  0.0178705
  0.0183131
  0.0187976
  0.0193279
   0.019908
   0.020543
  0.0212382
      0.022
  0.0228355
  0.0237532
  0.0247625
  0.0258748
   0.027103
  0.0284624
   0.029971
  0.0316501
  0.0335251
  0.0356267
  0.0379917
  0.0406651
  0.0437023
  0.0471718
  0.0511598
   0.055775
  0.0611566
  0.0674845
   0.074993
  0.0839892
  0.0948742
   0.108162
   0.124477
   0.144475
     0.1686
   0.196599
   0.227122
   0.258536
   0.291425
   0.330127
   0.381082
   0.450399
   0.542257
   0.656163
   0.780812
   0.887183
   0.934253
   0.898039
   0.795327
   0.666349
   0.543149
   0.439645
    0.35772
   0.294431
    0.24586
   0.208528
   0.179717
   0.157416
   0.140178
   0.126979
   0.117122
    0.11016
   0.105861
   0.104182
   0.105269
   0.109452
   0.117209
   0.129008
   0.144837
   0.163195
   0.179803
   0.187932
   0.182635
   0.165475
   0.142867
   0.120622
    0.10155
  0.0862158
  0.0742031
  0.0648576
  0.0575764
  0.0518833
  0.0474263
  0.0439556
  0.0413005
  0.0393505
  0.0380365
  0.0373046
  0.0370658
  0.0371148
  0.0370731
   0.036507
  0.0352485
  0.0335434
  0.0317993
  0.0303008
  0.0291585
  0.0283818
  0.0279471
  0.0278319
  0.0280285
  0.0285484
  0.0294249
  0.0307152
  0.0325005
  0.0348769
  0.0379209
  0.0415987
  0.0456083
  0.0492784
  0.0518627
  0.0532457
  0.0542003
  0.0558075
  0.0588903
  0.0639063
  0.0709521
   0.079541
  0.0882044
  0.0945993
  0.0969365
  0.0955104
  0.0919555
  0.0874513
  0.0825219
   0.077796
  0.0740413
    0.07178
  0.0712557
  0.0725929
  0.0758864
  0.0812273
  0.0887118
  0.0984983
   0.111001
   0.127091
   0.147984
   0.174743
   0.207379
   0.243429
   0.276915
   0.300695
   0.312653
   0.317982
   0.323235
   0.329923
   0.333349
    0.32615
   0.305015
   0.274618
   0.243286
   0.216671
   0.196244
   0.181216
   0.170508
   0.163409
   0.159676
   0.159685
   0.163989
   0.172109
   0.181243
    0.18635
   0.183169
   0.171842
    0.15608
   0.139506
   0.124087
   0.110606
  0.0993337
  0.0904331
  0.0840505
  0.0802297
  0.0788817
  0.0797965
   0.082628
  0.0868957
  0.0920135
  0.0972525
   0.101766
   0.104951
   0.106938
   0.108534
   0.110366
   0.112167
   0.113032
   0.112238
   0.109627
   0.105458
   0.100139
  0.0939596
  0.0872201
   0.080675
  0.0753556
  0.0719672
  0.0706335
  0.0709548
   0.072179
  0.0735431
  0.0746824
   0.075746
  0.0770813
  0.0788235
  0.0807873
   0.082584
  0.0836635
  0.0834846
  0.0821005
  0.0802796
  0.0787493
   0.077672
   0.076911
  0.0765195
  0.0768022
   0.077997
  0.0801504
  0.0833196
  0.0876792
  0.0934229
   0.100784
   0.109949
   0.120492
   0.130747
   0.137981
   0.139991
   0.137023
   0.131665
   0.126833
   0.124171
   0.123835
   0.125009
   0.126726
   0.128567
   0.130612
   0.133031
   0.135999
   0.139759
   0.144553
   0.150502
   0.157536
   0.165312
   0.173161
   0.180343
   0.186179
    0.18969
   0.189511
   0.184775
   0.176481
    0.16736
   0.159822
   0.154593
   0.151228
   0.149132
   0.147748
   0.146132
   0.143047
   0.137887
   0.131338
   0.124859
   0.119538
   0.115574
   0.112656
   0.110396
   0.108452
   0.106648
    0.10497
   0.103427
   0.102075
   0.101083
   0.100491
   0.100031
  0.0995162
    0.09909
  0.0989032
  0.0989098
    0.09903
  0.0993837
   0.100286
   0.101947
   0.104185
   0.106442
   0.108237
   0.109616
   0.110853
   0.111971
   0.112815
   0.113335
   0.113587
   0.113526
   0.112948
   0.111789
   0.110251
   0.108586
   0.106951
    0.10546
   0.104288
   0.103688
   0.103855
   0.104826
   0.106564
   0.109071
   0.112336
   0.116157
   0.120151
   0.124007
   0.127608
    0.13083
   0.133518
   0.135757
   0.137923
   0.140392
   0.143325
   0.146654
    0.15006
   0.152997
   0.154936
   0.155828
   0.156201
   0.156754
   0.157914
   0.159472
   0.160469
   0.159779
   0.156976
   0.152433
   0.146744
   0.140507
   0.134366
   0.128802
   0.123957
    0.11979
   0.116279
   0.113473
   0.111416
   0.110079
    0.10941
   0.109304
    0.10948
   0.109564
   0.109319
   0.108705
    0.10775
   0.106503
   0.105046
   0.103445
   0.101727
  0.0998923
  0.0979552
   0.095964
  0.0939905
  0.0921047
  0.0903769
   0.088875
  0.0876297
  0.0866188
  0.0857989
  0.0851068
  0.0844651
  0.0838689
  0.0833863
  0.0830396
  0.0827454
  0.0823792
  0.0818818
  0.0812941
  0.0807151
  0.0802682
  0.0800958
   0.080308
  0.0808851
  0.0816649
  0.0824353
  0.0830174
  0.0833243
  0.0834406
  0.0836294
  0.0841687
  0.0851476
  0.0864504
  0.0879179
  0.0894538
  0.0909944
    0.09246
  0.0937149
  0.0945366
   0.094682
  0.0940604
  0.0928433
  0.0913547
  0.0898703
  0.0885312
  0.0873687
  0.0863626
  0.0855001
  0.0848101
  0.0843515
  0.0841623
  0.0842159
  0.0844042
  0.0845479
  0.0844708
  0.0841016
  0.0834872
  0.0827088
  0.0817931
  0.0806913
  0.0793312
  0.0777004
  0.0758786
  0.0740124
  0.0722814
  0.0708374
  0.0697281
  0.0688878
  0.0682018
  0.0675593
  0.0668647
  0.0660466
  0.0650929
  0.0640718
  0.0630892
  0.0622291
  0.0615344
  0.0610149
  0.0606483
  0.0604028
  0.0602664
  0.0602256
  0.0602311
  0.0602297
  0.0602192
  0.0602407
  0.0603316
  0.0605189
  0.0608352
  0.0612839
  0.0617933
  0.0622528
  0.0625929
  0.0628006
  0.0628682
  0.0627508
  0.0623878
  0.0617612
  0.0609241
  0.0599658
  0.0589623
  0.0579594
  0.0569762
  0.0560241
  0.0551255
  0.0543132
   0.053613
  0.0530245
  0.0525119
  0.0520219
  0.0515148
  0.0509738
  0.0503792
  0.0496806
  0.0488144
  0.0477473
   0.046492
  0.0450873
  0.0435805
  0.0420367
   0.040543
  0.0391769
  0.0379734
  0.0369242
  0.0359926
  0.0351278
  0.0342841
  0.0334382
  0.0325955
  0.0317846
  0.0310392
  0.0303779
  0.0298014
  0.0292994
  0.0288493
  0.0284195
  0.0279832
  0.0275327
  0.0270847
  0.0266737
  0.0263301
  0.0260615
  0.0258568
  0.0257034
  0.0255881
  0.0254889
  0.0253808
  0.0252526
  0.0251033
  0.0249229
  0.0246906
  0.0243898
  0.0240186
  0.0235902
  0.0231283
  0.0226577
  0.0221929
  0.0217385
  0.0212988
  0.0208802
  0.0204855
  0.0201106
  0.0197469
  0.0193847
  0.0190194
  0.0186486
  0.0182668
  0.0178671
  0.0174421
  0.0169834
  0.0164851
  0.0159502
  0.0153895
  0.0148191
  0.0142593
  0.0137278
  0.0132312
  0.0127655
  0.0123262
  0.0119117
  0.0115179
  0.0111362
  0.0107595
  0.0103887
  0.0100301
 0.00969215
 0.00938039
 0.00909455
 0.00882989
 0.00858268
  0.0083532
  0.0081429
 0.00795073
 0.00777278
 0.00760342
 0.00743756
 0.00727374
  0.0071157
 0.00697067
 0.00684416
 0.00673506
  0.0066363
 0.00653943
 0.00643788
  0.0063273
  0.0062052
  0.0060707
 0.00592485
 0.00577108
 0.00561511
 0.00546276
 0.00531762
 0.00518056
 0.00505046
 0.00492566
 0.00480541
 0.00469011
 0.00458013
 0.00447453
 0.00437096
 0.00426706
 0.00416173
 0.00405475
 0.00394544
 0.00383279
 0.00371722
 0.00360086
 0.00348577
 0.00337268
 0.00326185
 0.00315452
 0.00305265
 0.00295748
 0.00286868
 0.00278492
 0.00270464
 0.00262679
 0.00255123
 0.00247891
  0.0024114
 0.00234992
 0.00229429
 0.00224298
 0.00219421
  0.0021469
 0.00210074
 0.00205563
  0.0020115
 0.00196879
 0.00192851
 0.00189175
 0.00185895
 0.00182968
 0.00180276
 0.00177661
 0.00174983
 0.00172176
  0.0016926
 0.00166285
 0.00163279
 0.00160248
 0.00157195
  0.0015414
 0.00151117
 0.00148152
 0.00145278
 0.00142525
 0.00139925
 0.00137501
  0.0013526
 0.00133182
 0.00131222
 0.00129315
   0.001274
 0.00125451
 0.00123483
 0.00121522
 0.00119584
 0.00117661
 0.00115734
 0.00113793
 0.00111842
 0.00109894
 0.00107976
  0.0010613
 0.00104396
 0.00102788
 0.00101291
0.000998719
 0.00098497
0.000971466
0.000958183
0.000945218
 0.00093272
0.000920831
0.000909611
0.000898961
0.000888666
0.000878548
0.000868608
0.000858989
0.000849855
0.000841286
0.000833265
0.000825674
0.000818323
0.000811007
0.000803611
0.000796178
0.000788854
0.000781776
0.000774978
0.000768389
0.000761907
0.000755469
0.000749055
0.000742657
0.000736246
0.000729807
 0.00072337
0.000716998
0.000710747
0.000704644
0.000698693
0.000692896
0.000687249
0.000681736
0.000676338
0.000671045
0.000665861
0.000660784
0.000655802
0.000650896
0.000646042
0.000641231
0.000636462
0.000631747
  0.0006271
0.000622535
0.000618067
  0.0006137
0.000609435
 0.00060527
0.000601198
 0.00059721
0.000593291
0.000589431
0.000585624
0.000581874
0.000578186
0.000574565
0.000571008
0.000567507
0.000564057
 0.00056066
0.000557318
0.000554033
0.000550806
0.000547635
0.000544516
 0.00054144
  0.0005384
0.000535394
0.000532423
0.000529485
0.000526578
0.000523697
0.000520838
   0.000518
0.000515183