0.000445712
0.000447385
0.000449067
 0.00045076
0.000452463
0.000454176
0.000455899
0.000457633
0.000459377
0.000461132
0.000462897
0.000464673
 0.00046646
0.000468258
0.000470067
0.000471886
0.000473718
 0.00047556
0.000477414
0.000479279
0.000481156
0.000483045
0.000484945
0.000486857
0.000488782
0.000490718
0.000492667
0.000494628
0.000496601
0.000498587
0.000500585
0.000502597
0.000504621
0.000506658
0.000508708
0.000510772
0.000512849
0.000514939
0.000517043
 0.00051916
0.000521292
0.000523437
0.000525596
 0.00052777
0.000529958
 0.00053216
0.000534378
0.000536609
0.000538856
0.000541118
0.000543394
0.000545687
0.000547994
0.000550317
0.000552656
0.000555011
0.000557382
0.000559769
0.000562172
0.000564592
0.000567028
0.000569481
0.000571952
0.000574439
0.000576944
0.000579466
0.000582006
0.000584563
0.000587139
0.000589732
0.000592344
0.000594975
0.000597624
0.000600292
 0.00060298
0.000605686
0.000608412
0.000611158
0.000613923
0.000616709
0.000619515
0.000622341
0.000625188
0.000628056
0.000630944
0.000633855
0.000636786
 0.00063974
0.000642715
0.000645713
0.000648733
0.000651776
0.000654842
0.000657931
0.000661043
0.000664179
0.000667339
0.000670523
0.000673731
0.000676964
0.000680222
0.000683505
0.000686814
0.000690148
0.000693509
0.000696895
0.000700309
0.000703749
0.000707217
0.000710712
0.000714234
0.000717785
0.000721364
0.000724972
0.000728609
0.000732276
0.000735972
0.000739698
0.000743455
0.000747242
0.000751061
0.000754911
0.000758793
0.000762707
0.000766653
0.000770633
0.000774645
0.000778692
0.000782773
0.000786888
0.000791038
0.000795223
0.000799444
0.000803702
0.000807996
0.000812327
0.000816695
0.000821101
0.000825546
 0.00083003
0.000834553
0.000839116
 0.00084372
0.000848364
0.000853049
0.000857777
0.000862547
0.000867359
0.000872216
0.000877116
0.000882061
0.000887051
0.000892086
0.000897168
0.000902297
0.000907473
0.000912698
0.000917971
0.000923294
0.000928666
 0.00093409
0.000939564
0.000945091
 0.00095067
0.000956303
 0.00096199
0.000967732
 0.00097353
0.000979384
0.000985295
0.000991264
0.000997292
 0.00100338
 0.00100953
 0.00101574
 0.00102201
 0.00102834
 0.00103474
  0.0010412
 0.00104773
 0.00105432
 0.00106099
 0.00106772
 0.00107452
 0.00108139
 0.00108833
 0.00109534
 0.00110243
 0.00110959
 0.00111683
 0.00112415
 0.00113154
 0.00113902
 0.00114657
  0.0011542
 0.00116192
 0.00116972
 0.00117761
 0.00118558
 0.00119365
  0.0012018
 0.00121004
 0.00121838
  0.0012268
 0.00123533
 0.00124395
 0.00125267
 0.00126148
  0.0012704
 0.00127943
 0.00128855
 0.00129779
 0.00130713
 0.00131658
 0.00132614
 0.00133582
 0.00134561
 0.00135552
 0.00136555
  0.0013757
 0.00138597
 0.00139637
  0.0014069
 0.00141755
 0.00142834
 0.00143927
 0.00145033
 0.00146153
 0.00147287
 0.00148435
 0.00149598
 0.00150776
 0.00151969
 0.00153178
 0.00154403
 0.00155643
   0.001569
 0.00158174
 0.00159464
 0.00160772
 0.00162097
  0.0016344
 0.00164802
 0.00166182
 0.00167581
 0.00168999
 0.00170437
 0.00171895
 0.00173374
 0.00174873
 0.00176394
 0.00177936
 0.00179501
 0.00181088
 0.00182698
 0.00184332
  0.0018599
 0.00187672
 0.00189379
 0.00191112
 0.00192871
 0.00194656
 0.00196469
 0.00198309
 0.00200178
 0.00202076
 0.00204003
  0.0020596
 0.00207948
 0.00209968
  0.0021202
 0.00214105
 0.00216224
 0.00218377
 0.00220566
  0.0022279
 0.00225052
 0.00227351
 0.00229689
 0.00232067
 0.00234485
 0.00236944
 0.00239446
 0.00241991
 0.00244581
 0.00247217
 0.00249899
 0.00252629
 0.00255408
 0.00258238
 0.00261119
 0.00264053
 0.00267041
 0.00270085
 0.00273186
 0.00276346
 0.00279566
 0.00282847
 0.00286192
 0.00289602
 0.00293079
 0.00296625
 0.00300241
 0.00303929
 0.00307693
 0.00311533
 0.00315452
 0.00319452
 0.00323535
 0.00327704
 0.00331962
 0.00336311
 0.00340753
 0.00345292
  0.0034993
 0.00354671
 0.00359517
 0.00364473
  0.0036954
 0.00374724
 0.00380027
 0.00385453
 0.00391007
 0.00396692
 0.00402513
 0.00408474
  0.0041458
 0.00420836
 0.00427247
 0.00433819
 0.00440556
 0.00447466
 0.00454552
 0.00461824
 0.00469285
 0.00476945
  0.0048481
 0.00492887
 0.00501185
 0.00509711
 0.00518476
 0.00527487
 0.00536755
 0.00546289
   0.005561
   0.005662
   0.005766
 0.00587312
 0.00598349
 0.00609726
 0.00621456
 0.00633554
 0.00646037
 0.00658922
 0.00672226
 0.00685968
 0.00700168
 0.00714847
 0.00730028
 0.00745733
 0.00761989
 0.00778822
  0.0079626
 0.00814333
 0.00833072
 0.00852512
 0.00872689
 0.00893641
 0.00915409
 0.00938038
 0.00961573
 0.00986065
  0.0101157
  0.0103814
  0.0106584
  0.0109473
  0.0112489
  0.0115639
  0.0118932
  0.0122376
  0.0125981
  0.0129757
  0.0133715
  0.0137868
  0.0142228
   0.014681
  0.0151629
  0.0156702
  0.0162048
  0.0167686
  0.0173638
  0.0179929
  0.0186585
  0.0193635
   0.020111
  0.0209047
  0.0217483
  0.0226463
  0.0236034
  0.0246249
  0.0257169
  0.0268858
  0.0281393
  0.0294856
  0.0309341
  0.0324956
   0.034182
   0.036007
  0.0379864
  0.0401378
  0.0424819
  0.0450423
  0.0478463
  0.0509256
  0.0543173
  0.0580648
  0.0622192
  0.0668411
  0.0720026
  0.0777898
  0.0843067
  0.0916793
   0.100061
   0.109642
   0.120654
   0.133392
   0.148222
   0.165613
   0.186163
   0.210648
   0.240076
   0.275778
   0.319508
   0.373598
    0.44113
   0.526118
   0.633601
   0.769366
    0.93867
    1.14272
     1.3714
    1.59323
     1.7526
    1.79214
    1.69523
    1.50094
    1.27063
    1.05034
     0.8611
   0.706944
   0.584263
   0.487306
   0.410533
   0.349347
    0.30016
   0.260239
   0.227524
   0.200459
   0.177866
   0.158847
    0.14271
   0.128916
   0.117045
   0.106765
  0.0978112
  0.0899696
   0.083068
  0.0769656
  0.0715468
  0.0667159
  0.0623934
  0.0585124
   0.055017
  0.0518595
  0.0489998
  0.0464031
  0.0440399
  0.0418848
  0.0399155
  0.0381131
  0.0364607
  0.0349438
  0.0335496
  0.0322669
  0.0310858
  0.0299975
  0.0289943
  0.0280694
  0.0272166
  0.0264307
  0.0257066
  0.0250403
  0.0244278
  0.0238659
  0.0233514
  0.0228817
  0.0224545
  0.0220677
  0.0217195
  0.0214083
  0.0211327
  0.0208918
  0.0206844
  0.0205099
  0.0203677
  0.0202575
  0.0201791
  0.0201325
  0.0201177
  0.0201354
  0.0201859
  0.0202701
   0.020389
  0.0205439
  0.0207363
  0.0209679
  0.0212411
  0.0215582
  0.0219222
  0.0223364
   0.022805
  0.0233323
  0.0239237
  0.0245855
  0.0253247
  0.0261498
  0.0270706
  0.0280988
  0.0292481
   0.030535
  0.0319793
  0.0336047
  0.0354404
  0.0375221
  0.0398935
  0.0426083
  0.0457313
  0.0493373
  0.0535043
  0.0582958
  0.0637304
  0.0697614
  0.0763284
  0.0835123
   0.091661
   0.101341
   0.113212
   0.127992
    0.14652
   0.169853
    0.19934
   0.236644
   0.283586
   0.341579
    0.41021
     0.4846
    0.55254
   0.595676
   0.599393
   0.564926
   0.508517
   0.448837
   0.398038
   0.361307
   0.339843
   0.333243
   0.340391
   0.358975
   0.383913
    0.40586
   0.412838
   0.397002
   0.360798
   0.314353
   0.267671
   0.226428
   0.192411
   0.165339
   0.144166
   0.127682
   0.114686
   0.104029
  0.0947561
  0.0863388
  0.0787105
  0.0720124
  0.0663444
  0.0616995
  0.0580077
  0.0551878
  0.0531763
  0.0519345
  0.0514379
   0.051643
  0.0524224
  0.0534888
  0.0544018
  0.0547913
    0.05468
  0.0545126
  0.0548296
  0.0559531
  0.0578441
  0.0600519
  0.0617911
  0.0622732
  0.0611393
   0.058624
  0.0553646
  0.0520479
  0.0491593
  0.0469397
   0.045447
  0.0446375
  0.0444437
   0.044834
    0.04582
   0.047418
  0.0495961
  0.0522373
  0.0551641
  0.0582713
  0.0616831
  0.0657586
  0.0709473
  0.0776428
  0.0860821
  0.0962353
   0.107698
   0.119792
   0.132051
   0.144644
   0.157974
   0.171622
   0.183929
   0.193258
   0.200011
   0.206837
   0.216749
   0.231375
   0.250219
   0.270454
    0.28755
   0.297528
   0.299405
    0.29505
   0.287197
   0.278375
    0.27042
   0.263764
   0.257416
   0.249861
   0.240099
   0.227927
   0.213485
   0.197334
   0.180968
   0.166383
    0.15504
   0.147365
   0.142943
   0.141039
   0.141037
   0.142382
   0.144088
   0.144527
   0.142251
   0.137206
   0.130658
   0.123915
   0.117539
   0.111669
   0.106609
   0.102892
   0.100881
    0.10038
    0.10054
   0.100194
  0.0985059
   0.095456
   0.091817
  0.0886384
  0.0866485
   0.086022
  0.0865297
  0.0877899
  0.0893874
  0.0908898
  0.0919239
  0.0923778
  0.0925465
  0.0929729
  0.0940648
  0.0957817
   0.097677
   0.099334
   0.100751
   0.102218
   0.103894
    0.10555
   0.106691
   0.106991
   0.106668
   0.106429
   0.107078
   0.109207
   0.113081
   0.118517
   0.124831
   0.131139
   0.136903
   0.142096
   0.146842
   0.151046
   0.154493
   0.157315
   0.160134
   0.163565
   0.167544
   0.171024
   0.172344
   0.170227
   0.164791
   0.157595
   0.150557
   0.144934
   0.141214
   0.139562
   0.140076
   0.142611
   0.146528
   0.150762
   0.154301
   0.156819
   0.158693
   0.160243
   0.161211
   0.161044
   0.159521
   0.157038
   0.154221
   0.151291
   0.147932
   0.143734
   0.138562
   0.132589
   0.126252
   0.120131
   0.114674
   0.110095
   0.106565
   0.104331
   0.103567
   0.104139
   0.105511
   0.106845
   0.107248
   0.106151
   0.103735
   0.100911
  0.0987372
  0.0978991
   0.098619
   0.100783
   0.104033
   0.107817
   0.111491
   0.114469
   0.116395
   0.117198
   0.116997
   0.116041
   0.114763
   0.113573
   0.112477
   0.111088
   0.109132
    0.10679
   0.104468
   0.102401
   0.100547
  0.0987622
  0.0970001
  0.0953233
   0.093838
  0.0927659
  0.0924923
  0.0934152
  0.0957784
   0.099646
   0.104956
   0.111574
     0.1194
    0.12849
   0.138937
   0.150396
   0.161635
   0.170648
    0.17556
   0.175866
   0.172765
   0.168253
   0.164089
   0.161304
    0.16004
    0.15964
   0.158962
   0.156833
    0.15257
   0.146451
   0.139714
   0.133816
   0.129505
   0.126541
   0.124163
   0.121839
   0.119632
   0.118038
   0.117586
   0.118519
   0.120663
    0.12352
   0.126552
   0.129515
    0.13244
   0.135134
    0.13679
   0.136336
   0.133388
   0.128793
   0.124026
   0.120164
    0.11747
   0.115619
   0.114158
   0.112839
   0.111639
   0.110547
   0.109502
   0.108596
   0.108145
   0.108493
   0.109761
   0.111708
   0.113782
   0.115345
   0.115947
   0.115588
   0.114807
   0.114486
   0.115422
   0.118041
   0.122431
   0.128441
   0.135649
     0.1434
   0.151077
   0.158378
   0.165393
   0.172392
   0.179415
    0.18603
   0.191543
   0.195252
   0.196308
   0.193805
   0.187502
   0.178329
   0.168038
    0.15841
    0.15063
   0.145105
   0.141682
   0.139996
   0.139696
   0.140485
     0.1421
   0.144246
   0.146522
   0.148436
   0.149626
   0.150112
   0.150372
   0.151126
   0.152883
   0.155481
   0.158008
   0.159192
   0.158001
   0.154142
   0.148238
   0.141518
   0.135215
   0.130103
    0.12639
   0.123872
   0.122188
   0.121037
   0.120208
   0.119443
   0.118415
   0.116937
   0.115071
   0.113006
   0.110918
   0.108969
    0.10733
   0.106144
   0.105456
   0.105181
   0.105112
   0.104912
   0.104225
   0.102966
   0.101452
   0.100179
  0.0994918
  0.0994635
    0.09999
   0.100885
   0.101951
   0.103075
   0.104282
   0.105685
   0.107327
   0.109064
   0.110614
   0.111751
   0.112478
   0.113124
   0.114202
   0.116057
   0.118688
   0.121926
   0.125663
   0.129819
   0.134246
   0.138775
   0.143242
   0.147408
   0.150983
   0.153684
   0.155091
   0.154616
   0.151945
   0.147431
   0.141926
   0.136315
   0.131177
   0.126693
   0.122722
    0.11895
   0.115164
   0.111465
   0.108134
   0.105324
   0.102913
   0.100617
  0.0982621
  0.0959619
  0.0939901
  0.0925247
  0.0915069
  0.0906631
  0.0896698
  0.0883748
  0.0868919
   0.085485
  0.0844033
  0.0838088
  0.0837879
  0.0843986
  0.0856577
  0.0874269
  0.0893614
  0.0911119
  0.0926173
  0.0940796
  0.0956131
  0.0970186
  0.0979729
  0.0983952
  0.0985278
  0.0986685
  0.0988644
  0.0988436
   0.098265
  0.0970857
   0.095683
  0.0946149
  0.0942759
  0.0947636
  0.0960416
  0.0981641
   0.101266
   0.105296
   0.109755
   0.113704
   0.116191
   0.116834
   0.116085
   0.114907
   0.114086
   0.113793
   0.113708
   0.113476
   0.112999
   0.112369
   0.111656
   0.110799
    0.10965
   0.108089
   0.106079
   0.103589
   0.100547
  0.0969654
  0.0930629
  0.0891828
  0.0855887
  0.0823391
  0.0793231
  0.0763968
  0.0735083
  0.0707235
  0.0681424
  0.0658266
  0.0638165
  0.0621787
  0.0610054
  0.0603594
  0.0602166
  0.0604403
  0.0608101
  0.0611195
  0.0612793
  0.0613253
  0.0613347
  0.0613355
  0.0612788
  0.0611173
  0.0609306
  0.0609274
  0.0612741
  0.0619471
  0.0627593
  0.0634911
  0.0639773
  0.0641034
  0.0638166
  0.0631717
  0.0622884
  0.0612304
   0.059951
  0.0583704
   0.056522
  0.0546294
  0.0530194
   0.051947
  0.0514963
  0.0516062
  0.0521375
  0.0528996
   0.053672
  0.0542726
  0.0546337
   0.054798
  0.0548471
  0.0548578
  0.0548939
   0.054972
  0.0550228
  0.0549237
  0.0545884
  0.0540088
   0.053219
  0.0522269
  0.0509654
  0.0493185
   0.047227
  0.0447683
   0.042134
  0.0395452
  0.0371691
  0.0350786
  0.0332626
  0.0316582
  0.0301904
  0.0288127
  0.0275333
     0.0264
  0.0254484
  0.0246575
  0.0239644
  0.0233206
  0.0227222
  0.0221903
  0.0217438
  0.0213873
  0.0211065
  0.0208737
  0.0206534
  0.0204089
  0.0201286
  0.0198496
   0.019634
  0.0195114
  0.0194394
  0.0193183
  0.0190474
  0.0185789
  0.0179261
  0.0171413
   0.016297
   0.015469
  0.0147137
  0.0140551
  0.0134891
  0.0130003
  0.0125752
  0.0122056
  0.0118867
  0.0116132
  0.0113788
   0.011176
   0.010992
  0.0108112
  0.0106251
  0.0104373
  0.0102602
  0.0101084
 0.00999533
 0.00992833
 0.00990476
 0.00991057
 0.00992136
 0.00990637
  0.0098338
 0.00967712
 0.00942563
 0.00909127
 0.00869932
  0.0082729
 0.00782996
 0.00739104
 0.00698044
 0.00661584
 0.00629817
 0.00601267
  0.0057399
 0.00546718
 0.00519368
 0.00492853
 0.00468428
 0.00447033
 0.00428977
 0.00414004
 0.00401578
 0.00391161
 0.00382337
 0.00374702
  0.0036769
 0.00360637
 0.00353068
 0.00344891
 0.00336289
 0.00327529
 0.00318861
 0.00310435
 0.00302285
 0.00294412
 0.00286933
 0.00280081
 0.00274054
 0.00268844
 0.00264142
   0.002594
 0.00254067
 0.00247853
 0.00240862
 0.00233529
 0.00226373
 0.00219759
 0.00213803
 0.00208405
 0.00203374
 0.00198576
 0.00194002
   0.001897
 0.00185693
 0.00181977
 0.00178573
 0.00175532
 0.00172896
  0.0017066
  0.0016878
 0.00167215
 0.00165964
 0.00165046
 0.00164421
 0.00163926
 0.00163276
 0.00162172
 0.00160475
 0.00158317
 0.00155994
 0.00153766
 0.00151763
 0.00149992
 0.00148377
 0.00146793
 0.00145103
  0.0014319
 0.00141005
 0.00138565
 0.00135922
 0.00133166
 0.00130432
 0.00127859
 0.00125537
  0.0012348
 0.00121657
 0.00120014
  0.0011849
 0.00117032
 0.00115606
 0.00114199
 0.00112813
 0.00111462
 0.00110165
 0.00108932
  0.0010777
 0.00106679
 0.00105653
 0.00104684
  0.0010376
 0.00102871
 0.00102005
 0.00101149
 0.00100288
 0.00099399
0.000984759
 0.00097531
0.000965881
 0.00095667
0.000947772
0.000939209
0.000930984
 0.00092309
0.000915509
0.000908201
0.000901117
0.000894202
 0.00088741
0.000880718
 0.00087412
0.000867617
0.000861216
0.000854932
0.000848781
0.000842773
0.000836899
0.000831137
0.000825455
0.000819829
0.000814253
0.000808737
0.000803304
0.000797975
 0.00079276
0.000787662
0.000782677
0.000777797
0.000773016
0.000768332
0.000763745
0.000759251
0.000754833
0.000750458
0.000746082
0.000741665
0.000737181
0.000732631
0.000728045
0.000723472
0.000718957
 0.00071453
0.000710198
0.000705956
0.000701795
0.000697704
0.000693677
0.000689709
0.000685798
0.000681943
0.000678143
  0.0006744
0.000670712
 0.00066708
0.000663501
 0.00065997
0.000656476
0.000653003
0.000649532
0.000646048
0.000642549
0.000639045
0.000635554
0.000632093
0.000628674
  0.0006253
0.000621973
0.000618691
0.000615452
0.000612254
0.000609095
 0.00060597
0.000602878
0.000599818
 0.00059679
0.000593792
0.000590823
0.000587884
0.000584972
0.000582088
 0.00057923
0.000576399
0.000573593
0.000570812
0.000568053
0.000565316
0.000562601
0.000559908
0.000557238
0.000554591
0.000551967
0.000549366
0.000546787
 0.00054423
0.000541694
0.000539178
0.000536682
0.000534206
0.000531751
0.000529315
0.000526899
0.000524503
0.000522125
0.000519767
0.000517427
0.000515105
0.000512802
0.000510516
0.000508248
0.000505997
0.000503764
0.000501547
0.000499347
0.000497164
0.000494998
0.000492847
0.000490713
0.000488595
0.000486492
0.000484405
0.000482334
0.000480277
0.000478235
0.000476208
0.000474196
0.000472198
0.000470214
0.000468245
0.000466289
0.000464348
0.000462421
0.000460507
0.000458607
 0.00045672
0.000454846
0.000452986
0.000451138
0.000449303
0.000447481
0.000445671
0.000443874
0.000442089
0.000440316
0.000438555
0.000436806
0.000435069
0.000433343
0.000431629
0.000429927
0.000428236
0.000426556
0.000424887
0.000423229
0.000421582
0.000419946
 0.00041832
0.000416705