0.00124007
0.00124827
0.00125655
0.00126492
0.00127338
0.00128193
0.00129057
 0.0012993
0.00130812
0.00131704
0.00132606
0.00133518
0.00134439
0.00135371
0.00136312
0.00137265
0.00138227
0.00139201
0.00140185
0.00141181
0.00142187
0.00143205
0.00144235
0.00145276
 0.0014633
0.00147395
0.00148473
0.00149563
0.00150666
0.00151782
0.00152911
0.00154054
 0.0015521
0.00156379
0.00157563
0.00158761
0.00159974
0.00161201
0.00162443
  0.001637
0.00164973
0.00166262
0.00167566
0.00168887
0.00170224
0.00171579
 0.0017295
0.00174339
0.00175745
 0.0017717
0.00178613
0.00180074
0.00181555
0.00183055
0.00184574
0.00186114
0.00187674
0.00189255
0.00190857
0.00192481
0.00194126
0.00195794
0.00197485
0.00199199
0.00200937
0.00202698
0.00204485
0.00206296
0.00208133
0.00209995
0.00211885
0.00213801
0.00215745
0.00217717
0.00219718
0.00221748
0.00223807
0.00225897
0.00228019
0.00230171
0.00232357
0.00234575
0.00236827
0.00239113
0.00241434
0.00243791
0.00246185
0.00248616
0.00251085
0.00253593
0.00256141
 0.0025873
 0.0026136
0.00264033
0.00266749
 0.0026951
0.00272316
0.00275168
0.00278068
0.00281017
0.00284015
0.00287064
0.00290165
0.00293319
0.00296528
0.00299792
0.00303114
0.00306494
0.00309934
0.00313435
0.00316999
0.00320627
0.00324322
0.00328084
0.00331915
0.00335817
0.00339792
0.00343842
0.00347968
0.00352173
0.00356459
0.00360827
0.00365281
0.00369821
0.00374451
0.00379173
 0.0038399
0.00388903
0.00393916
0.00399032
0.00404253
0.00409582
0.00415023
0.00420578
0.00426252
0.00432046
0.00437965
0.00444013
0.00450193
0.00456509
0.00462965
0.00469566
0.00476317
 0.0048322
0.00490282
0.00497508
0.00504902
 0.0051247
0.00520217
0.00528149
0.00536273
0.00544595
 0.0055312
0.00561857
0.00570811
0.00579991
0.00589405
0.00599059
0.00608964
0.00619127
0.00629558
0.00640266
0.00651261
0.00662555
0.00674158
0.00686081
0.00698337
0.00710937
0.00723897
0.00737228
0.00750947
0.00765068
0.00779606
0.00794581
0.00810007
0.00825906
0.00842295
0.00859196
0.00876631
0.00894621
0.00913193
 0.0093237
0.00952181
0.00972653
0.00993816
  0.010157
 0.0103835
 0.0106178
 0.0108605
 0.0111118
 0.0113723
 0.0116424
 0.0119225
 0.0122131
 0.0125149
 0.0128284
 0.0131541
 0.0134928
 0.0138452
 0.0142119
 0.0145939
 0.0149919
 0.0154069
 0.0158398
 0.0162918
 0.0167639
 0.0172573
 0.0177735
 0.0183138
 0.0188796
 0.0194728
  0.020095
 0.0207483
 0.0214346
 0.0221564
  0.022916
 0.0237162
 0.0245599
 0.0254504
 0.0263911
 0.0273859
 0.0284391
 0.0295553
 0.0307396
 0.0319977
 0.0333359
 0.0347611
 0.0362809
  0.037904
 0.0396399
 0.0414993
 0.0434941
 0.0456378
 0.0479455
 0.0504343
 0.0531236
 0.0560354
 0.0591949
 0.0626307
 0.0663758
 0.0704682
 0.0749519
  0.079878
 0.0853061
 0.0913061
 0.0979601
  0.105366
  0.113639
  0.122919
  0.133372
  0.145203
  0.158657
  0.174041
  0.191731
  0.212198
  0.236036
  0.263998
  0.297052
  0.336446
   0.38381
  0.441289
  0.511718
  0.598858
  0.707682
  0.844666
   1.01793
   1.23676
   1.50952
   1.83788
   2.20502
   2.55951
   2.81151
   2.86976
   2.70972
   2.39568
   2.02602
   1.67362
   1.37141
   1.12541
  0.929692
  0.775003
   0.65249
  0.554822
  0.476277
  0.412502
  0.360213
  0.316935
  0.280789
  0.250342
  0.224491
  0.202379
  0.183335
   0.16683
  0.152439
  0.139822
  0.128705
  0.118862
  0.110109
  0.102292
 0.0952848
 0.0889805
 0.0832892
 0.0781351
 0.0734532
 0.0691885
 0.0652933
 0.0617268
 0.0584533
 0.0554422
 0.0526665
 0.0501027
   0.04773
 0.0455302
 0.0434872
 0.0415868
 0.0398162
 0.0381642
 0.0366206
 0.0351763
 0.0338234
 0.0325544
 0.0313627
 0.0302425
 0.0291884
 0.0281954
 0.0272591
 0.0263756
  0.025541
 0.0247522
 0.0240059
 0.0232995
 0.0226303
 0.0219959
 0.0213942
 0.0208232
 0.0202811
 0.0197661
 0.0192767
 0.0188114
 0.0183689
  0.017948
 0.0175474
 0.0171662
 0.0168033
 0.0164578
 0.0161289
 0.0158157
 0.0155176
 0.0152338
 0.0149637
 0.0147067
 0.0144622
 0.0142298
 0.0140089
 0.0137991
    0.0136
 0.0134112
 0.0132323
  0.013063
  0.012903
  0.012752
 0.0126098
 0.0124761
 0.0123506
 0.0122333
 0.0121238
 0.0120221
 0.0119279
 0.0118412
 0.0117618
 0.0116896
 0.0116246
 0.0115667
 0.0115158
 0.0114718
 0.0114349
 0.0114048
 0.0113817
 0.0113656
 0.0113565
 0.0113545
 0.0113595
 0.0113718
 0.0113915
 0.0114185
 0.0114531
 0.0114955
 0.0115458
 0.0116042
 0.0116709
 0.0117463
 0.0118305
 0.0119239
 0.0120269
 0.0121397
 0.0122628
 0.0123967
 0.0125417
 0.0126986
 0.0128677
 0.0130498
 0.0132455
 0.0134557
  0.013681
 0.0139225
  0.014181
 0.0144577
 0.0147538
 0.0150705
 0.0154093
 0.0157717
 0.0161594
 0.0165744
 0.0170187
 0.0174947
  0.018005
 0.0185523
 0.0191399
 0.0197713
 0.0204505
  0.021182
 0.0219707
 0.0228222
 0.0237429
   0.02474
 0.0258217
 0.0269973
 0.0282774
 0.0296742
 0.0312018
 0.0328766
 0.0347174
 0.0367464
 0.0389893
 0.0414767
 0.0442447
 0.0473362
 0.0508028
 0.0547066
 0.0591229
  0.064144
 0.0698831
 0.0764812
 0.0841144
 0.0930053
  0.103437
  0.115774
  0.130489
  0.148198
  0.169716
  0.196115
  0.228814
  0.269661
  0.320993
  0.385549
  0.465992
  0.563502
  0.674766
  0.787557
  0.878755
  0.922846
  0.910704
  0.858649
  0.794947
  0.741129
  0.704469
   0.67905
  0.650668
  0.606106
  0.542927
  0.469791
  0.397844
  0.334113
  0.280875
  0.237631
  0.202851
  0.174869
  0.152234
  0.133778
  0.118598
  0.106002
 0.0954624
 0.0865775
 0.0790367
    0.0726
 0.0670797
 0.0623286
 0.0582307
 0.0546938
 0.0516455
 0.0490286
  0.046799
 0.0449239
 0.0433802
 0.0421541
 0.0412412
 0.0406468
 0.0403871
 0.0404914
  0.041005
 0.0419935
 0.0435494
    0.0458
 0.0489181
 0.0531328
 0.0587374
 0.0660776
 0.0754879
 0.0871059
  0.100469
  0.113902
  0.124196
  0.127659
  0.122678
  0.111148
 0.0968054
 0.0827347
 0.0704729
 0.0604015
  0.052348
 0.0459666
 0.0409092
 0.0368825
 0.0336562
 0.0310551
 0.0289476
 0.0272354
 0.0258456
 0.0247242
 0.0238318
 0.0231409
 0.0226335
 0.0223004
 0.0221407
 0.0221618
 0.0223804
 0.0228219
 0.0235193
 0.0245041
 0.0257843
 0.0272978
 0.0288463
 0.0300702
 0.0305797
 0.0302269
 0.0292348
 0.0280106
 0.0268883
 0.0260384
 0.0255089
 0.0252908
 0.0253584
 0.0256891
 0.0262698
 0.0270996
 0.0281898
  0.029565
 0.0312644
 0.0333449
 0.0358849
   0.03899
 0.0427991
 0.0474896
  0.053274
 0.0603723
 0.0689273
 0.0788164
 0.0893658
 0.0991996
  0.106755
  0.111529
  0.114796
  0.118837
  0.125729
  0.136847
  0.152828
  0.173333
  0.196296
  0.217097
  0.229299
   0.22833
  0.215299
  0.196024
  0.176631
  0.160842
  0.150001
  0.143957
  0.141652
  0.141448
  0.141732
    0.1419
  0.142769
  0.145857
  0.152483
  0.163499
  0.179565
  0.201513
  0.230292
  0.266107
  0.306755
  0.345769
   0.37254
   0.37737
   0.35884
  0.324556
   0.28431
  0.244772
  0.209288
  0.179306
  0.155162
  0.136503
  0.122682
  0.113045
   0.10706
  0.104313
  0.104391
  0.106657
  0.110022
  0.113028
  0.114486
   0.11412
  0.112419
  0.110133
  0.108019
  0.106616
  0.105901
     0.105
  0.102434
 0.0971974
 0.0897296
 0.0815227
 0.0739966
 0.0679339
 0.0635794
 0.0609194
 0.0598839
 0.0604463
 0.0626461
 0.0665511
 0.0721545
 0.0791934
 0.0869108
 0.0939156
 0.0984905
 0.0995733
 0.0975706
 0.0937889
  0.089187
 0.0840765
 0.0787547
 0.0738543
 0.0700062
 0.0674514
  0.066004
 0.0652825
 0.0650191
 0.0652121
  0.065987
 0.0673738
 0.0693414
 0.0720325
 0.0758247
 0.0811418
 0.0882155
  0.096789
  0.105743
  0.113005
  0.116307
   0.11455
   0.10839
 0.0996095
 0.0902091
  0.081734
  0.074993
  0.070135
   0.06685
 0.0646076
 0.0629683
 0.0618223
  0.061303
 0.0614628
 0.0620742
 0.0627681
 0.0634021
 0.0642584
 0.0658316
 0.0684921
 0.0723807
  0.077528
 0.0839627
 0.0915716
 0.0996941
  0.106783
  0.110843
  0.110859
  0.107755
  0.103557
 0.0998924
 0.0974363
 0.0962631
 0.0963014
 0.0974298
 0.0994281
  0.102034
  0.105103
  0.108813
  0.113791
  0.120977
  0.131261
  0.145024
  0.161645
  0.178971
  0.193378
  0.201413
  0.202253
  0.198056
  0.192045
  0.187086
  0.185285
  0.187697
   0.19415
  0.203047
  0.210958
  0.213193
  0.206555
  0.192021
  0.173873
  0.156506
  0.142455
   0.13233
  0.125437
  0.120448
  0.116123
  0.111875
  0.107701
  0.103779
  0.100229
 0.0969564
 0.0936539
 0.0901298
 0.0866665
 0.0839515
 0.0826504
 0.0830342
 0.0847621
 0.0867907
 0.0876909
  0.086565
 0.0838085
 0.0807224
 0.0784535
 0.0773383
   0.07687
 0.0761053
  0.074338
 0.0715737
 0.0683916
 0.0654461
  0.063082
 0.0612528
 0.0597415
  0.058451
 0.0574742
 0.0569612
  0.056944
 0.0572445
 0.0575944
 0.0578809
 0.0582473
 0.0589949
 0.0604205
 0.0626737
  0.065649
 0.0689365
 0.0719726
 0.0744061
 0.0762475
 0.0776161
 0.0785785
  0.079227
 0.0796075
 0.0795629
  0.078874
 0.0775612
 0.0759403
 0.0744019
 0.0731378
 0.0719897
 0.0705182
  0.068341
 0.0655715
 0.0628715
 0.0610236
 0.0605496
 0.0616515
 0.0643239
 0.0684428
 0.0737426
 0.0797293
 0.0856645
 0.0907676
 0.0946225
 0.0973076
 0.0990004
 0.0996752
 0.0991744
 0.0973517
 0.0942742
   0.09033
 0.0860403
 0.0819229
 0.0785191
 0.0762399
 0.0751375
 0.0749119
 0.0751078
 0.0753124
 0.0752501
  0.074782
 0.0738326
 0.0722664
 0.0699174
 0.0668272
 0.0633282
 0.0598199
 0.0565714
 0.0537713
 0.0516428
 0.0504109
 0.0501919
 0.0509619
 0.0526207
 0.0550591
 0.0581329
 0.0615478
 0.0647555
 0.0670202
  0.067762
 0.0669119
 0.0648551
 0.0620637
 0.0588442
 0.0553758
 0.0518505
 0.0484609
 0.0453273
 0.0425413
 0.0402181
 0.0384428
  0.037202
 0.0363943
  0.035892
 0.0355933
 0.0354331
 0.0353584
 0.0353065
 0.0352161
 0.0350691
 0.0349042
 0.0347643
 0.0346358
 0.0344427
 0.0341146
 0.0336719
 0.0332291
 0.0329133
 0.0327826
 0.0328088
 0.0329385
 0.0331733
 0.0335847
   0.03427
 0.0353161
 0.0367866
 0.0386824
 0.0408393
 0.0428903
 0.0444535
 0.0453722
 0.0456713
  0.045354
 0.0443842
  0.042835
 0.0409487
 0.0389997
 0.0371506
 0.0354746
 0.0340633
  0.033054
 0.0325534
 0.0325795
  0.033102
 0.0341143
  0.035615
 0.0375235
 0.0396375
 0.0416618
 0.0433258
  0.044555
 0.0455176
 0.0464373
 0.0473381
 0.0479813
 0.0480544
 0.0473687
 0.0458493
 0.0434596
 0.0402729
 0.0365904
 0.0328647
 0.0294715
 0.0265757
 0.0241687
 0.0221809
 0.0205604
 0.0192804
 0.0183125
  0.017611
 0.0171105
 0.0167321
  0.016403
 0.0160882
 0.0158024
  0.015579
 0.0154361
 0.0153791
   0.01541
 0.0155221
 0.0156985
 0.0159232
 0.0161747
  0.016393
 0.0164676
 0.0162848
 0.0158142
 0.0151493
 0.0144444
 0.0138071
  0.013269
 0.0128385
 0.0125487
 0.0124425
 0.0125253
 0.0127364
 0.0129659
 0.0131136
 0.0131502
 0.0131262
 0.0131237
  0.013186
 0.0132769
 0.0133029
 0.0131822
 0.0129019
 0.0125217
 0.0121342
 0.0118144
 0.0115897
 0.0114395
  0.011316
 0.0111666
 0.0109559
 0.0106921
 0.0104343
 0.0102485
 0.0101573
 0.0101402
 0.0101701
 0.0102303
 0.0103018
 0.0103567
  0.010371
 0.0103269
  0.010202
0.00997858
0.00967354
0.00933853
0.00902033
 0.0087273
0.00842982
0.00808973
0.00769489
0.00726859
0.00685035
0.00647084
0.00614174
0.00586416
0.00563993
0.00547169
0.00535795
 0.0052939
0.00527412
0.00529133
0.00533549
0.00539716
0.00546798
0.00553501
0.00558117
0.00559533
 0.0055803
0.00555316