(-0.122579,-0.000774294)
(-0.122734,-0.000776315)
 (-0.12289,-0.000778344)
(-0.123046,-0.000780381)
(-0.123202,-0.000782426)
(-0.123359,-0.000784479)
(-0.123516,-0.000786541)
(-0.123673,-0.000788612)
 (-0.123831,-0.00079069)
(-0.123989,-0.000792778)
(-0.124148,-0.000794873)
(-0.124307,-0.000796978)
(-0.124467,-0.000799091)
(-0.124627,-0.000801212)
(-0.124787,-0.000803343)
(-0.124948,-0.000805482)
  (-0.12511,-0.00080763)
(-0.125271,-0.000809787)
(-0.125433,-0.000811952)
(-0.125596,-0.000814127)
(-0.125759,-0.000816311)
(-0.125922,-0.000818504)
(-0.126086,-0.000820706)
(-0.126251,-0.000822917)
(-0.126416,-0.000825137)
(-0.126581,-0.000827367)
(-0.126746,-0.000829606)
(-0.126913,-0.000831854)
(-0.127079,-0.000834112)
 (-0.127246,-0.00083638)
(-0.127414,-0.000838657)
(-0.127582,-0.000840943)
  (-0.12775,-0.00084324)
(-0.127919,-0.000845546)
(-0.128088,-0.000847861)
(-0.128258,-0.000850187)
(-0.128428,-0.000852522)
(-0.128599,-0.000854868)
 (-0.12877,-0.000857223)
(-0.128942,-0.000859589)
(-0.129114,-0.000861965)
(-0.129287,-0.000864351)
 (-0.12946,-0.000866747)
(-0.129633,-0.000869153)
 (-0.129807,-0.00087157)
(-0.129982,-0.000873997)
(-0.130157,-0.000876435)
(-0.130332,-0.000878884)
(-0.130508,-0.000881343)
(-0.130685,-0.000883812)
(-0.130862,-0.000886293)
(-0.131039,-0.000888784)
(-0.131217,-0.000891286)
(-0.131396,-0.000893799)
(-0.131575,-0.000896323)
(-0.131754,-0.000898858)
(-0.131934,-0.000901405)
(-0.132115,-0.000903962)
(-0.132296,-0.000906531)
(-0.132477,-0.000909111)
 (-0.13266,-0.000911703)
(-0.132842,-0.000914306)
(-0.133025,-0.000916921)
(-0.133209,-0.000919547)
(-0.133393,-0.000922185)
(-0.133578,-0.000924835)
(-0.133763,-0.000927497)
 (-0.133949,-0.00093017)
(-0.134135,-0.000932856)
(-0.134322,-0.000935554)
(-0.134509,-0.000938263)
(-0.134697,-0.000940985)
 (-0.134885,-0.00094372)
(-0.135074,-0.000946466)
(-0.135264,-0.000949226)
(-0.135454,-0.000951997)
(-0.135645,-0.000954782)
(-0.135836,-0.000957579)
(-0.136028,-0.000960388)
 (-0.13622,-0.000963211)
(-0.136413,-0.000966047)
(-0.136606,-0.000968895)
  (-0.1368,-0.000971757)
(-0.136995,-0.000974632)
  (-0.13719,-0.00097752)
(-0.137386,-0.000980421)
(-0.137582,-0.000983336)
(-0.137779,-0.000986265)
(-0.137977,-0.000989207)
(-0.138175,-0.000992162)
(-0.138374,-0.000995132)
(-0.138573,-0.000998115)
 (-0.138773,-0.00100111)
 (-0.138973,-0.00100412)
 (-0.139175,-0.00100715)
 (-0.139376,-0.00101019)
 (-0.139579,-0.00101324)
 (-0.139781,-0.00101631)
  (-0.139985,-0.0010194)
 (-0.140189,-0.00102249)
 (-0.140394,-0.00102561)
 (-0.140599,-0.00102873)
 (-0.140805,-0.00103187)
 (-0.141012,-0.00103503)
  (-0.141219,-0.0010382)
 (-0.141427,-0.00104139)
 (-0.141636,-0.00104459)
 (-0.141845,-0.00104781)
 (-0.142055,-0.00105105)
 (-0.142265,-0.00105429)
 (-0.142477,-0.00105756)
 (-0.142688,-0.00106084)
 (-0.142901,-0.00106414)
 (-0.143114,-0.00106745)
 (-0.143328,-0.00107078)
 (-0.143542,-0.00107412)
 (-0.143757,-0.00107749)
 (-0.143973,-0.00108086)
  (-0.14419,-0.00108426)
 (-0.144407,-0.00108767)
  (-0.144625,-0.0010911)
 (-0.144843,-0.00109454)
   (-0.145062,-0.001098)
 (-0.145282,-0.00110148)
 (-0.145503,-0.00110498)
 (-0.145724,-0.00110849)
 (-0.145946,-0.00111202)
 (-0.146169,-0.00111557)
 (-0.146393,-0.00111914)
 (-0.146617,-0.00112272)
 (-0.146842,-0.00112633)
 (-0.147067,-0.00112995)
 (-0.147293,-0.00113359)
 (-0.147521,-0.00113724)
 (-0.147748,-0.00114092)
 (-0.147977,-0.00114461)
 (-0.148206,-0.00114833)
 (-0.148436,-0.00115206)
 (-0.148667,-0.00115581)
 (-0.148898,-0.00115958)
 (-0.149131,-0.00116337)
 (-0.149364,-0.00116718)
 (-0.149597,-0.00117101)
 (-0.149832,-0.00117486)
 (-0.150067,-0.00117873)
 (-0.150303,-0.00118262)
  (-0.15054,-0.00118652)
 (-0.150778,-0.00119045)
  (-0.151016,-0.0011944)
 (-0.151256,-0.00119837)
 (-0.151496,-0.00120236)
 (-0.151737,-0.00120638)
 (-0.151978,-0.00121041)
 (-0.152221,-0.00121446)
 (-0.152464,-0.00121854)
 (-0.152708,-0.00122263)
 (-0.152953,-0.00122675)
 (-0.153199,-0.00123089)
 (-0.153445,-0.00123506)
 (-0.153693,-0.00123924)
 (-0.153941,-0.00124345)
  (-0.15419,-0.00124768)
  (-0.15444,-0.00125193)
  (-0.154691,-0.0012562)
  (-0.154942,-0.0012605)
 (-0.155195,-0.00126482)
 (-0.155448,-0.00126917)
 (-0.155702,-0.00127354)
 (-0.155957,-0.00127793)
 (-0.156213,-0.00128234)
  (-0.15647,-0.00128678)
 (-0.156728,-0.00129125)
 (-0.156987,-0.00129574)
 (-0.157246,-0.00130025)
 (-0.157507,-0.00130479)
 (-0.157768,-0.00130935)
  (-0.15803,-0.00131394)
 (-0.158294,-0.00131855)
 (-0.158558,-0.00132319)
 (-0.158823,-0.00132786)
 (-0.159089,-0.00133255)
 (-0.159356,-0.00133726)
 (-0.159624,-0.00134201)
 (-0.159892,-0.00134678)
 (-0.160162,-0.00135157)
  (-0.160433,-0.0013564)
 (-0.160705,-0.00136125)
 (-0.160977,-0.00136613)
 (-0.161251,-0.00137103)
 (-0.161526,-0.00137597)
 (-0.161801,-0.00138093)
 (-0.162078,-0.00138592)
 (-0.162356,-0.00139094)
 (-0.162634,-0.00139599)
 (-0.162914,-0.00140107)
 (-0.163195,-0.00140617)
 (-0.163476,-0.00141131)
 (-0.163759,-0.00141647)
 (-0.164043,-0.00142167)
  (-0.164328,-0.0014269)
 (-0.164613,-0.00143215)
   (-0.1649,-0.00143744)
 (-0.165188,-0.00144276)
 (-0.165477,-0.00144811)
 (-0.165767,-0.00145349)
  (-0.166059,-0.0014589)
 (-0.166351,-0.00146434)
 (-0.166644,-0.00146982)
 (-0.166939,-0.00147533)
 (-0.167234,-0.00148087)
 (-0.167531,-0.00148645)
 (-0.167829,-0.00149206)
  (-0.168128,-0.0014977)
 (-0.168428,-0.00150337)
 (-0.168729,-0.00150908)
 (-0.169031,-0.00151483)
 (-0.169335,-0.00152061)
 (-0.169639,-0.00152642)
 (-0.169945,-0.00153227)
 (-0.170252,-0.00153816)
  (-0.17056,-0.00154408)
  (-0.17087,-0.00155004)
  (-0.17118,-0.00155604)
 (-0.171492,-0.00156207)
 (-0.171805,-0.00156814)
 (-0.172119,-0.00157424)
 (-0.172434,-0.00158039)
 (-0.172751,-0.00158657)
 (-0.173069,-0.00159279)
 (-0.173388,-0.00159905)
 (-0.173708,-0.00160535)
  (-0.17403,-0.00161169)
 (-0.174353,-0.00161807)
 (-0.174677,-0.00162449)
 (-0.175003,-0.00163095)
 (-0.175329,-0.00163745)
   (-0.175658,-0.001644)
 (-0.175987,-0.00165058)
 (-0.176318,-0.00165721)
  (-0.17665,-0.00166388)
 (-0.176983,-0.00167059)
 (-0.177318,-0.00167735)
 (-0.177654,-0.00168415)
 (-0.177991,-0.00169099)
  (-0.17833,-0.00169788)
  (-0.17867,-0.00170481)
 (-0.179012,-0.00171179)
 (-0.179355,-0.00171881)
 (-0.179699,-0.00172588)
   (-0.180045,-0.001733)
 (-0.180392,-0.00174016)
 (-0.180741,-0.00174738)
 (-0.181091,-0.00175464)
 (-0.181443,-0.00176194)
  (-0.181796,-0.0017693)
  (-0.18215,-0.00177671)
 (-0.182506,-0.00178416)
 (-0.182864,-0.00179167)
 (-0.183223,-0.00179923)
 (-0.183583,-0.00180684)
  (-0.183945,-0.0018145)
 (-0.184309,-0.00182221)
 (-0.184674,-0.00182997)
 (-0.185041,-0.00183779)
 (-0.185409,-0.00184566)
 (-0.185779,-0.00185359)
  (-0.18615,-0.00186157)
 (-0.186523,-0.00186961)
  (-0.186898,-0.0018777)
 (-0.187274,-0.00188585)
 (-0.187652,-0.00189406)
 (-0.188032,-0.00190232)
 (-0.188413,-0.00191064)
 (-0.188796,-0.00191902)
  (-0.18918,-0.00192746)
 (-0.189566,-0.00193596)
 (-0.189954,-0.00194452)
 (-0.190344,-0.00195315)
 (-0.190735,-0.00196183)
 (-0.191129,-0.00197058)
 (-0.191523,-0.00197938)
  (-0.19192,-0.00198826)
 (-0.192319,-0.00199719)
  (-0.192719,-0.0020062)
 (-0.193121,-0.00201526)
  (-0.193525,-0.0020244)
   (-0.19393,-0.0020336)
 (-0.194338,-0.00204287)
 (-0.194747,-0.00205221)
 (-0.195159,-0.00206161)
 (-0.195572,-0.00207109)
 (-0.195987,-0.00208064)
 (-0.196404,-0.00209026)
 (-0.196823,-0.00209995)
 (-0.197243,-0.00210971)
 (-0.197666,-0.00211955)
 (-0.198091,-0.00212946)
 (-0.198518,-0.00213945)
 (-0.198947,-0.00214951)
 (-0.199377,-0.00215965)
  (-0.19981,-0.00216987)
 (-0.200245,-0.00218017)
 (-0.200682,-0.00219055)
   (-0.201121,-0.002201)
 (-0.201562,-0.00221154)
 (-0.202005,-0.00222216)
 (-0.202451,-0.00223287)
 (-0.202898,-0.00224366)
 (-0.203348,-0.00225453)
   (-0.2038,-0.00226549)
 (-0.204254,-0.00227654)
  (-0.20471,-0.00228767)
  (-0.205169,-0.0022989)
 (-0.205629,-0.00231021)
 (-0.206092,-0.00232161)
 (-0.206558,-0.00233311)
  (-0.207025,-0.0023447)
 (-0.207495,-0.00235638)
 (-0.207968,-0.00236816)
 (-0.208442,-0.00238004)
 (-0.208919,-0.00239201)
 (-0.209399,-0.00240409)
 (-0.209881,-0.00241626)
 (-0.210365,-0.00242853)
 (-0.210852,-0.00244091)
 (-0.211341,-0.00245339)
 (-0.211833,-0.00246597)
 (-0.212327,-0.00247866)
 (-0.212824,-0.00249146)
 (-0.213323,-0.00250437)
 (-0.213825,-0.00251739)
  (-0.21433,-0.00253051)
 (-0.214837,-0.00254375)
 (-0.215347,-0.00255711)
 (-0.215859,-0.00257058)
 (-0.216375,-0.00258417)
 (-0.216893,-0.00259787)
  (-0.217413,-0.0026117)
 (-0.217937,-0.00262565)
 (-0.218463,-0.00263972)
 (-0.218992,-0.00265391)
 (-0.219524,-0.00266823)
 (-0.220059,-0.00268268)
 (-0.220597,-0.00269726)
 (-0.221138,-0.00271197)
 (-0.221681,-0.00272681)
 (-0.222228,-0.00274179)
  (-0.222778,-0.0027569)
  (-0.22333,-0.00277215)
 (-0.223886,-0.00278755)
 (-0.224445,-0.00280308)
 (-0.225007,-0.00281876)
 (-0.225572,-0.00283458)
  (-0.22614,-0.00285055)
 (-0.226712,-0.00286667)
 (-0.227286,-0.00288294)
 (-0.227864,-0.00289936)
 (-0.228446,-0.00291595)
  (-0.22903,-0.00293268)
 (-0.229618,-0.00294958)
  (-0.23021,-0.00296665)
 (-0.230804,-0.00298387)
 (-0.231403,-0.00300126)
 (-0.232004,-0.00301883)
  (-0.23261,-0.00303656)
 (-0.233218,-0.00305447)
 (-0.233831,-0.00307255)
 (-0.234447,-0.00309082)
 (-0.235066,-0.00310926)
  (-0.23569,-0.00312789)
 (-0.236317,-0.00314671)
 (-0.236948,-0.00316572)
 (-0.237583,-0.00318491)
 (-0.238221,-0.00320431)
  (-0.238864,-0.0032239)
   (-0.23951,-0.0032437)
  (-0.240161,-0.0032637)
  (-0.240815,-0.0032839)
 (-0.241473,-0.00330432)
 (-0.242136,-0.00332495)
 (-0.242803,-0.00334579)
 (-0.243474,-0.00336686)
 (-0.244149,-0.00338815)
 (-0.244828,-0.00340967)
 (-0.245512,-0.00343142)
    (-0.2462,-0.0034534)
 (-0.246892,-0.00347562)
 (-0.247589,-0.00349809)
 (-0.248291,-0.00352079)
 (-0.248997,-0.00354375)
 (-0.249708,-0.00356696)
 (-0.250423,-0.00359043)
 (-0.251143,-0.00361416)
 (-0.251868,-0.00363816)
 (-0.252597,-0.00366243)
 (-0.253332,-0.00368697)
 (-0.254071,-0.00371179)
  (-0.254815,-0.0037369)
 (-0.255565,-0.00376229)
 (-0.256319,-0.00378798)
 (-0.257079,-0.00381397)
 (-0.257844,-0.00384026)
 (-0.258614,-0.00386686)
  (-0.25939,-0.00389377)
 (-0.260171,-0.00392101)
 (-0.260957,-0.00394857)
 (-0.261749,-0.00397646)
 (-0.262547,-0.00400469)
  (-0.26335,-0.00403326)
 (-0.264159,-0.00406218)
 (-0.264973,-0.00409146)
  (-0.265794,-0.0041211)
 (-0.266621,-0.00415111)
 (-0.267453,-0.00418149)
 (-0.268292,-0.00421225)
  (-0.269137,-0.0042434)
 (-0.269988,-0.00427495)
 (-0.270846,-0.00430691)
  (-0.27171,-0.00433927)
  (-0.27258,-0.00437206)
 (-0.273457,-0.00440527)
 (-0.274341,-0.00443892)
 (-0.275231,-0.00447301)
 (-0.276128,-0.00450755)
 (-0.277033,-0.00454256)
 (-0.277944,-0.00457803)
 (-0.278862,-0.00461399)
 (-0.279788,-0.00465043)
 (-0.280721,-0.00468738)
 (-0.281661,-0.00472483)
  (-0.282609,-0.0047628)
 (-0.283565,-0.00480131)
 (-0.284528,-0.00484035)
 (-0.285499,-0.00487995)
 (-0.286478,-0.00492011)
 (-0.287465,-0.00496085)
  (-0.28846,-0.00500218)
  (-0.289464,-0.0050441)
 (-0.290476,-0.00508664)
 (-0.291497,-0.00512981)
 (-0.292526,-0.00517362)
 (-0.293564,-0.00521808)
 (-0.294611,-0.00526321)
 (-0.295667,-0.00530903)
 (-0.296732,-0.00535554)
 (-0.297807,-0.00540277)
 (-0.298891,-0.00545074)
 (-0.299985,-0.00549945)
 (-0.301088,-0.00554892)
 (-0.302202,-0.00559918)
 (-0.303325,-0.00565024)
 (-0.304459,-0.00570213)
 (-0.305603,-0.00575485)
 (-0.306758,-0.00580843)
 (-0.307924,-0.00586289)
   (-0.3091,-0.00591826)
 (-0.310288,-0.00597455)
 (-0.311487,-0.00603179)
    (-0.312698,-0.00609)
  (-0.31392,-0.00614921)
 (-0.315154,-0.00620944)
   (-0.3164,-0.00627071)
 (-0.317659,-0.00633306)
  (-0.31893,-0.00639651)
 (-0.320214,-0.00646109)
  (-0.32151,-0.00652683)
  (-0.32282,-0.00659377)
 (-0.324144,-0.00666192)
 (-0.325481,-0.00673134)
 (-0.326832,-0.00680204)
 (-0.328198,-0.00687408)
 (-0.329577,-0.00694747)
 (-0.330972,-0.00702227)
 (-0.332382,-0.00709851)
 (-0.333807,-0.00717623)
 (-0.335247,-0.00725548)
  (-0.336704,-0.0073363)
 (-0.338176,-0.00741873)
 (-0.339666,-0.00750283)
 (-0.341172,-0.00758864)
 (-0.342695,-0.00767622)
 (-0.344236,-0.00776561)
 (-0.345795,-0.00785688)
 (-0.347373,-0.00795008)
 (-0.348969,-0.00804528)
 (-0.350584,-0.00814253)
 (-0.352219,-0.00824191)
 (-0.353874,-0.00834347)
  (-0.355549,-0.0084473)
 (-0.357245,-0.00855347)
 (-0.358962,-0.00866205)
 (-0.360702,-0.00877312)
 (-0.362463,-0.00888678)
  (-0.364248,-0.0090031)
 (-0.366055,-0.00912219)
 (-0.367887,-0.00924413)
 (-0.369743,-0.00936904)
 (-0.371625,-0.00949701)
 (-0.373532,-0.00962815)
 (-0.375465,-0.00976259)
 (-0.377426,-0.00990044)
  (-0.379414,-0.0100418)
   (-0.38143,-0.0101869)
  (-0.383476,-0.0103358)
  (-0.385552,-0.0104886)
  (-0.387658,-0.0106456)
  (-0.389796,-0.0108069)
  (-0.391966,-0.0109726)
   (-0.39417,-0.0111429)
  (-0.396407,-0.0113181)
   (-0.39868,-0.0114983)
   (-0.40099,-0.0116837)
  (-0.403336,-0.0118746)
  (-0.405721,-0.0120712)
  (-0.408145,-0.0122737)
   (-0.41061,-0.0124825)
  (-0.413117,-0.0126977)
  (-0.415667,-0.0129197)
  (-0.418261,-0.0131488)
  (-0.420902,-0.0133853)
   (-0.42359,-0.0136296)
  (-0.426327,-0.0138821)
  (-0.429115,-0.0141431)
   (-0.431955,-0.014413)
  (-0.434849,-0.0146924)
  (-0.437799,-0.0149816)
  (-0.440807,-0.0152813)
  (-0.443876,-0.0155919)
   (-0.447006,-0.015914)
  (-0.450201,-0.0162482)
  (-0.453464,-0.0165952)
  (-0.456795,-0.0169558)
  (-0.460199,-0.0173306)
  (-0.463678,-0.0177205)
  (-0.467235,-0.0181264)
  (-0.470873,-0.0185492)
  (-0.474595,-0.0189899)
  (-0.478406,-0.0194496)
  (-0.482309,-0.0199295)
  (-0.486307,-0.0204308)
   (-0.490406,-0.020955)
  (-0.494609,-0.0215036)
  (-0.498921,-0.0220781)
  (-0.503348,-0.0226803)
  (-0.507896,-0.0233122)
  (-0.512569,-0.0239758)
  (-0.517374,-0.0246734)
  (-0.522317,-0.0254074)
  (-0.527407,-0.0261807)
   (-0.53265,-0.0269961)
   (-0.538055,-0.027857)
   (-0.54363,-0.0287669)
  (-0.549386,-0.0297299)
  (-0.555332,-0.0307502)
   (-0.56148,-0.0318328)
   (-0.567841,-0.032983)
  (-0.574428,-0.0342068)
  (-0.581256,-0.0355108)
  (-0.588341,-0.0369025)
  (-0.595698,-0.0383902)
  (-0.603346,-0.0399832)
   (-0.611304,-0.041692)
  (-0.619596,-0.0435285)
  (-0.628244,-0.0455059)
  (-0.637275,-0.0476396)
  (-0.646717,-0.0499469)
  (-0.656604,-0.0524474)
   (-0.666969,-0.055164)
  (-0.677853,-0.0581226)
  (-0.689298,-0.0613533)
  (-0.701353,-0.0648913)
  (-0.714073,-0.0687771)
  (-0.727517,-0.0730584)
  (-0.741754,-0.0777912)
  (-0.756859,-0.0830418)
   (-0.772919,-0.088889)
   (-0.79003,-0.0954267)
   (-0.808301,-0.102768)
    (-0.827855,-0.11105)
   (-0.848834,-0.120439)
   (-0.871395,-0.131139)
   (-0.895717,-0.143404)
      (-0.922,-0.157548)
   (-0.950469,-0.173967)
   (-0.981372,-0.193161)
    (-1.01497,-0.215772)
    (-1.05155,-0.242627)
    (-1.09136,-0.274799)
    (-1.13463,-0.313701)
    (-1.18143,-0.361196)
    (-1.23157,-0.419755)
    (-1.28436,-0.492652)
    (-1.33808,-0.584174)
    (-1.38925,-0.699773)
    (-1.43124,-0.845906)
     (-1.45219,-1.02899)
      (-1.43254,-1.2522)
     (-1.34388,-1.50843)
     (-1.15474,-1.76911)
    (-0.850492,-1.97696)
    (-0.462254,-2.06261)
   (-0.0700795,-1.99093)
      (0.24334,-1.79188)
     (0.442045,-1.53393)
     (0.537755,-1.27658)
      (0.56151,-1.05081)
    (0.542361,-0.865118)
    (0.500661,-0.716884)
    (0.448825,-0.599811)
    (0.393846,-0.507395)
    (0.339418,-0.434094)
    (0.287356,-0.375539)
    (0.238436,-0.328395)
    (0.192885,-0.290151)
    (0.150653,-0.258922)
    (0.111566,-0.233284)
   (0.0754171,-0.212141)
    (0.0419976,-0.19461)
   (0.0110837,-0.179933)
   (-0.017624,-0.167444)
  (-0.0445365,-0.156638)
  (-0.0700961,-0.147246)
  (-0.0946371,-0.139204)
   (-0.118345,-0.132515)
    (-0.141317,-0.12717)
   (-0.163625,-0.123144)
   (-0.185345,-0.120427)
   (-0.206553,-0.119043)
   (-0.227313,-0.119076)
   (-0.247654,-0.120678)
   (-0.267538,-0.124091)
   (-0.286806,-0.129651)
   (-0.305082,-0.137782)
    (-0.321637,-0.14893)
   (-0.335207,-0.163361)
   (-0.343898,-0.180692)
   (-0.345513,-0.199131)
   (-0.338847,-0.214889)
   (-0.325725,-0.223134)
   (-0.311509,-0.221143)
   (-0.302081,-0.210764)
    (-0.300116,-0.19689)
   (-0.304619,-0.183997)
   (-0.312799,-0.174394)
   (-0.321738,-0.168272)
    (-0.329331,-0.16423)
   (-0.335013,-0.159988)
   (-0.340054,-0.153678)
   (-0.346588,-0.145115)
   (-0.355976,-0.135648)
   (-0.368221,-0.126871)
   (-0.382542,-0.119743)
   (-0.398059,-0.114545)
   (-0.414106,-0.111146)
   (-0.430302,-0.109249)
   (-0.446517,-0.108574)
   (-0.462737,-0.108995)
   (-0.478874,-0.110508)
   (-0.494677,-0.113053)
   (-0.509846,-0.116313)
   (-0.524332,-0.119665)
   (-0.538621,-0.122467)
    (-0.55364,-0.124559)
   (-0.570202,-0.126458)
   (-0.588609,-0.128981)
   (-0.608743,-0.132819)
   (-0.630353,-0.138438)
   (-0.653211,-0.146186)
   (-0.677128,-0.156422)
   (-0.701884,-0.169604)
   (-0.727115,-0.186332)
   (-0.752152,-0.207334)
   (-0.775785,-0.233336)
    (-0.796035,-0.26471)
   (-0.810134,-0.300729)
   (-0.815286,-0.338602)
   (-0.810596,-0.373259)
   (-0.798975,-0.399329)
    (-0.78636,-0.414345)
    (-0.778669,-0.41964)
   (-0.780083,-0.418915)
   (-0.792628,-0.417175)
    (-0.81571,-0.419575)
   (-0.846664,-0.429796)
    (-0.882425,-0.44948)
   (-0.920823,-0.479124)
   (-0.960562,-0.519494)
    (-1.00006,-0.572196)
    (-1.03653,-0.638875)
    (-1.06653,-0.720245)
    (-1.08685,-0.816631)
    (-1.09353,-0.929359)
     (-1.07907,-1.05964)
     (-1.03209,-1.20399)
    (-0.942032,-1.35107)
    (-0.804413,-1.48374)
    (-0.622293,-1.58277)
     (-0.40755,-1.62889)
    (-0.183129,-1.60811)
    (0.0205321,-1.52061)
     (0.177644,-1.38475)
      (0.279238,-1.2285)
     (0.332706,-1.07459)
    (0.351106,-0.933996)
    (0.344878,-0.809796)
    (0.320864,-0.702782)
    (0.284605,-0.613512)
      (0.2415,-0.541658)
    (0.196361,-0.485387)
     (0.152581,-0.44159)
     (0.11157,-0.406779)
   (0.0730072,-0.378373)
    (0.0361366,-0.35542)
   (0.0010777,-0.337942)
  (-0.0309846,-0.325667)
   (-0.0585341,-0.31714)
  (-0.0809765,-0.309569)
   (-0.099869,-0.299928)
   (-0.118607,-0.287052)
    (-0.14017,-0.272477)
    (-0.16537,-0.258918)
   (-0.193186,-0.248376)
   (-0.221985,-0.241507)
   (-0.250432,-0.237858)
   (-0.278002,-0.236386)
   (-0.305113,-0.236165)
   (-0.332723,-0.237012)
   (-0.361626,-0.239588)
   (-0.391964,-0.244979)
   (-0.423263,-0.254153)
   (-0.454802,-0.267724)
   (-0.485926,-0.286177)
   (-0.515901,-0.310276)
   (-0.543246,-0.341101)
   (-0.565162,-0.379253)
   (-0.577861,-0.423529)
    (-0.578228,-0.47004)
   (-0.566167,-0.513303)
   (-0.544841,-0.549511)
   (-0.517288,-0.578202)
   (-0.483664,-0.599261)
    (-0.443656,-0.60912)
   (-0.401674,-0.602123)
   (-0.367499,-0.577026)
   (-0.349756,-0.540421)
   (-0.350251,-0.502217)
    (-0.36513,-0.469708)
   (-0.388868,-0.445847)
    (-0.416966,-0.43026)
   (-0.447293,-0.420989)
   (-0.480125,-0.416691)
   (-0.516456,-0.418118)
    (-0.55599,-0.427617)
   (-0.596521,-0.447627)
   (-0.634216,-0.479658)
   (-0.663859,-0.523491)
   (-0.679482,-0.575818)
   (-0.676767,-0.628887)
   (-0.657299,-0.671869)
   (-0.630455,-0.696882)
    (-0.60828,-0.704573)
   (-0.598141,-0.702102)
   (-0.601568,-0.696848)
   (-0.617998,-0.693838)
   (-0.646987,-0.697463)
   (-0.687315,-0.712885)
   (-0.735996,-0.745563)
    (-0.788188,-0.80077)
   (-0.836636,-0.883565)
   (-0.870208,-0.997919)
     (-0.872474,-1.1438)
     (-0.822499,-1.3115)
    (-0.701983,-1.47492)
    (-0.511399,-1.59214)
    (-0.283969,-1.62513)
   (-0.0734017,-1.56891)
    (0.0809702,-1.45499)
     (0.172194,-1.32447)
     (0.215052,-1.20549)
     (0.230436,-1.10977)
     (0.237274,-1.03625)
    (0.247499,-0.974477)
    (0.261479,-0.910837)
    (0.269404,-0.838272)
      (0.26094,-0.76098)
    (0.233341,-0.688825)
     (0.190784,-0.62965)
    (0.139723,-0.586773)
   (0.0858285,-0.560258)
    (0.033246,-0.548787)
  (-0.0148793,-0.550809)
  (-0.0555759,-0.564579)
   (-0.0860551,-0.58748)
   (-0.104597,-0.616114)
   (-0.110482,-0.647507)
   (-0.102299,-0.679037)
  (-0.0776917,-0.705801)
  (-0.0370084,-0.718837)
    (0.0119826,-0.70852)
   (0.0548406,-0.672231)
   (0.0788083,-0.617973)
   (0.0800897,-0.558658)
   (0.0627149,-0.504162)
    (0.033073,-0.458687)
 (-0.00384753,-0.422581)
  (-0.0451974,-0.394919)
  (-0.0894673,-0.374852)
   (-0.135771,-0.361831)
   (-0.183562,-0.355627)
   (-0.232379,-0.356399)
   (-0.281563,-0.364622)
   (-0.330088,-0.380942)
   (-0.376391,-0.406033)
   (-0.418132,-0.440306)
    (-0.452094,-0.48329)
   (-0.474551,-0.532834)
   (-0.482213,-0.584404)
   (-0.473957,-0.630718)
   (-0.453709,-0.662977)
   (-0.432024,-0.675782)
   (-0.421486,-0.672654)
    (-0.42866,-0.664485)
   (-0.451647,-0.662135)
   (-0.484132,-0.671569)
   (-0.520011,-0.694072)
    (-0.55554,-0.728891)
   (-0.588906,-0.776094)
   (-0.617482,-0.838003)
   (-0.634472,-0.917273)
    (-0.628406,-1.01178)
    (-0.588064,-1.10971)
    (-0.511985,-1.19054)
    (-0.414629,-1.23605)
     (-0.318641,-1.2432)
    (-0.240042,-1.22276)
    (-0.184272,-1.18828)
    (-0.150817,-1.15144)
    (-0.134125,-1.12221)
    (-0.123358,-1.10507)
    (-0.107778,-1.09493)
   (-0.0853451,-1.07975)
   (-0.0656647,-1.05082)
   (-0.0619554,-1.01104)
  (-0.0807559,-0.971786)
   (-0.120336,-0.944571)
   (-0.174865,-0.937496)
   (-0.237064,-0.956145)
    (-0.297967,-1.00462)
    (-0.345809,-1.08468)
    (-0.365894,-1.19304)
    (-0.343572,-1.31752)
     (-0.272007,-1.4363)
    (-0.159918,-1.52624)
   (-0.0270361,-1.57676)
     (0.111823,-1.59084)
     (0.251463,-1.57037)
     (0.383042,-1.51028)
      (0.48716,-1.41192)
       (0.547068,-1.293)
      (0.56219,-1.17782)
     (0.545267,-1.08291)
     (0.511569,-1.01301)
    (0.471756,-0.965714)
    (0.431347,-0.937712)
    (0.394694,-0.927549)
    (0.368195,-0.933091)
    (0.358599,-0.947387)
    (0.367111,-0.958273)
    (0.384782,-0.955012)
    (0.396923,-0.937649)
    (0.394722,-0.917691)
    (0.381442,-0.908704)
    (0.369048,-0.917399)
    (0.371325,-0.940226)
    (0.396609,-0.964074)
    (0.441102,-0.972286)
     (0.489101,-0.95625)
     (0.524564,-0.92241)
    (0.543029,-0.885505)
    (0.551876,-0.856491)
    (0.562694,-0.836577)
    (0.583616,-0.818065)
     (0.614151,-0.78923)
     (0.644467,-0.74215)
    (0.661814,-0.678876)
    (0.659257,-0.609165)
     (0.637753,-0.54299)
     (0.602332,-0.48624)
     (0.55834,-0.440925)
    (0.509897,-0.406872)
    (0.459809,-0.383051)
    (0.409927,-0.368235)
    (0.361489,-0.361235)
    (0.315342,-0.360958)
    (0.272077,-0.366357)
     (0.23197,-0.376366)
    (0.194814,-0.390075)
    (0.160021,-0.407162)
    (0.127166,-0.428204)
   (0.0968655,-0.454503)
   (0.0715161,-0.486945)
   (0.0546819,-0.524148)
    (0.048576,-0.561605)
   (0.0512729,-0.593796)
   (0.0572018,-0.618438)
   (0.0615262,-0.638175)
   (0.0635398,-0.657595)
   (0.0658678,-0.679437)
    (0.0716454,-0.70358)
   (0.0829139,-0.728332)
    (0.100965,-0.751492)
    (0.126749,-0.769744)
    (0.159298,-0.777768)
    (0.192891,-0.770087)
    (0.217359,-0.746197)
    (0.223908,-0.713204)
    (0.210233,-0.681923)
     (0.180064,-0.66161)
     (0.14015,-0.657885)
   (0.0981504,-0.673008)
   (0.0619294,-0.706325)
   (0.0390375,-0.753697)
   (0.0344565,-0.806631)
   (0.0466288,-0.854141)
   (0.0660915,-0.888959)
   (0.0807111,-0.913157)
    (0.083407,-0.937085)
    (0.075717,-0.973748)
    (0.0673477,-1.03383)
      (0.0745384,-1.122)
     (0.117261,-1.23307)
      (0.21354,-1.34873)
      (0.369819,-1.4376)
      (0.570161,-1.4643)
       (0.775189,-1.409)
      (0.940863,-1.2829)
      (1.04334,-1.12027)
     (1.08487,-0.955476)
     (1.08157,-0.808913)
      (1.05066,-0.68753)
     (1.00498,-0.590684)
    (0.952621,-0.514916)
    (0.898337,-0.456382)
    (0.844831,-0.411664)
    (0.793622,-0.377885)
    (0.745456,-0.352629)
    (0.700509,-0.333934)
    (0.658594,-0.320329)
    (0.619436,-0.310801)
     (0.582846,-0.30452)
    (0.548512,-0.300559)
    (0.515593,-0.298081)
    (0.482756,-0.296921)
    (0.448774,-0.297905)
    (0.413137,-0.302572)
    (0.376232,-0.312654)
    (0.339224,-0.329735)
    (0.303982,-0.355127)
     (0.273191,-0.38971)
    (0.250537,-0.433448)
    (0.240525,-0.484408)
    (0.247223,-0.537649)
    (0.271749,-0.585294)
    (0.309892,-0.619003)
    (0.352332,-0.634489)
    (0.389272,-0.634839)
    (0.416446,-0.628161)
    (0.436131,-0.621341)
    (0.452988,-0.616514)
    (0.469912,-0.612368)
    (0.487278,-0.607464)
    (0.505198,-0.601806)
    (0.525413,-0.595039)
    (0.549525,-0.583747)
    (0.574766,-0.562709)
    (0.593602,-0.530533)
     (0.59941,-0.492499)
    (0.591234,-0.456742)
    (0.572924,-0.429384)
    (0.550087,-0.413064)
    (0.528174,-0.407491)
    (0.511516,-0.410108)
    (0.502471,-0.416924)
    (0.501236,-0.423889)
     (0.50677,-0.427576)
    (0.516854,-0.424615)
     (0.526814,-0.41264)
    (0.530639,-0.393071)
     (0.52479,-0.371143)
    (0.509884,-0.352572)
    (0.489139,-0.341019)
    (0.466358,-0.337828)
    (0.444906,-0.342767)
    (0.427537,-0.354782)
     (0.41679,-0.372307)
    (0.415313,-0.392609)
     (0.424699,-0.41062)
    (0.442614,-0.419753)
      (0.461755,-0.4162)
      (0.473924,-0.4026)
    (0.475418,-0.386145)
    (0.468037,-0.373635)
    (0.456513,-0.368644)
    (0.445892,-0.371377)
      (0.439977,-0.3796)
    (0.440614,-0.389859)
    (0.447706,-0.398609)
    (0.459567,-0.402948)
    (0.473306,-0.401236)
      (0.4856,-0.393726)
    (0.494061,-0.382635)
    (0.498499,-0.371002)
    (0.500871,-0.360734)
    (0.503637,-0.351324)
    (0.507571,-0.340322)
     (0.51072,-0.325592)
    (0.509921,-0.307566)
    (0.503456,-0.288926)
    (0.491835,-0.272443)
     (0.476644,-0.25971)
    (0.459522,-0.251406)
      (0.44211,-0.24775)
    (0.426214,-0.248354)
    (0.413461,-0.251821)
    (0.404418,-0.255801)
     (0.39789,-0.258004)
    (0.391429,-0.257627)
    (0.382867,-0.255742)
    (0.371403,-0.254366)
    (0.357572,-0.255316)
    (0.342607,-0.259645)
    (0.327853,-0.267648)
    (0.314429,-0.279096)
     (0.303133,-0.29359)
    (0.294713,-0.310747)
    (0.290033,-0.329911)
    (0.289661,-0.349954)
    (0.293554,-0.369758)
     (0.30157,-0.388718)
    (0.314278,-0.406126)
     (0.33229,-0.419771)
    (0.354016,-0.426237)
    (0.374913,-0.423751)
    (0.390016,-0.414342)
    (0.397003,-0.402721)
    (0.396896,-0.393517)
    (0.392688,-0.389459)
    (0.387662,-0.391211)
    (0.384523,-0.398075)
    (0.385244,-0.408568)
     (0.391006,-0.42072)
    (0.402162,-0.432396)
    (0.418324,-0.441518)
    (0.438387,-0.446249)
    (0.460651,-0.445214)
     (0.482846,-0.43757)
    (0.502068,-0.423617)
    (0.515902,-0.405444)
      (0.523679,-0.3859)
    (0.526001,-0.367291)
    (0.524051,-0.351433)
    (0.519819,-0.339647)
    (0.516007,-0.331935)
    (0.514842,-0.326357)
    (0.516414,-0.319835)
    (0.518398,-0.310415)
     (0.51806,-0.298735)
     (0.514354,-0.28698)
    (0.507994,-0.276977)
    (0.500287,-0.269443)
    (0.492394,-0.264348)
     (0.485286,-0.26119)
    (0.479495,-0.258884)
     (0.47455,-0.256193)
    (0.469122,-0.252676)
    (0.461921,-0.249026)
    (0.452344,-0.246713)
    (0.440779,-0.247503)
    (0.428693,-0.252838)
    (0.418278,-0.263232)
    (0.411813,-0.278065)
    (0.411201,-0.295768)
    (0.417715,-0.313935)
     (0.43148,-0.329404)
    (0.450745,-0.339028)
    (0.472116,-0.341218)
    (0.492274,-0.336754)
    (0.509593,-0.327638)
    (0.523872,-0.315352)
    (0.534981,-0.300453)
    (0.542092,-0.283468)
    (0.544237,-0.265915)
    (0.541557,-0.250147)
    (0.535739,-0.238112)
     (0.52929,-0.230344)
    (0.524402,-0.225802)
    (0.522016,-0.222476)
    (0.521522,-0.218529)
    (0.521483,-0.213359)
    (0.520959,-0.207591)
    (0.520123,-0.201971)
    (0.519626,-0.196405)
    (0.519543,-0.190059)
    (0.518942,-0.182333)
    (0.516627,-0.173744)
     (0.512269,-0.16558)
    (0.506508,-0.158818)
    (0.500198,-0.153716)
    (0.493953,-0.150188)
    (0.488323,-0.148095)
    (0.483943,-0.147025)
    (0.481165,-0.146069)
    (0.479569,-0.144236)
    (0.478221,-0.141179)
    (0.476439,-0.137225)
    (0.474034,-0.132742)
    (0.470869,-0.127862)
      (0.466614,-0.1228)
     (0.46103,-0.118116)
    (0.454288,-0.114491)
    (0.446905,-0.112414)
    (0.439583,-0.112067)
    (0.433044,-0.113241)
    (0.427754,-0.115355)
    (0.423727,-0.117755)
    (0.420684,-0.120033)
    (0.418335,-0.122013)
    (0.416372,-0.123589)
    (0.414351,-0.124866)
    (0.411968,-0.126422)
    (0.409602,-0.129082)
    (0.408407,-0.133174)
    (0.409703,-0.137947)
    (0.414017,-0.141638)
    (0.420401,-0.142395)
    (0.426854,-0.139518)
    (0.431602,-0.133719)
    (0.433793,-0.126324)
    (0.433353,-0.118625)
     (0.430755,-0.11162)
    (0.426748,-0.105802)
    (0.421981,-0.101212)
   (0.416855,-0.0977153)
    (0.41165,-0.0951667)
   (0.406597,-0.0933312)
    (0.401726,-0.091852)
   (0.396748,-0.0904836)
   (0.391263,-0.0893556)
   (0.385114,-0.0889241)
    (0.378549,-0.089649)
   (0.372043,-0.0916954)
   (0.365982,-0.0949063)
   (0.360469,-0.0990508)
    (0.355441,-0.104103)
    (0.350957,-0.110276)
    (0.347362,-0.117819)
     (0.34525,-0.126815)
    (0.345389,-0.137061)
      (0.3486,-0.147884)
    (0.355405,-0.158031)
    (0.365566,-0.165878)
    (0.377833,-0.170022)
    (0.390233,-0.170085)
    (0.401133,-0.167026)
    (0.410083,-0.162289)
    (0.417494,-0.156821)
     (0.423944,-0.15089)
    (0.429763,-0.144272)
    (0.434749,-0.136596)
    (0.438257,-0.127909)
    (0.439807,-0.118905)
     (0.439588,-0.11049)
    (0.438345,-0.103145)
    (0.43683,-0.0966815)
   (0.435288,-0.0905104)
   (0.433366,-0.0842207)
    (0.43056,-0.0779883)
   (0.426774,-0.0723805)
   (0.422406,-0.0678369)
    (0.41802,-0.0643792)
    (0.413992,-0.061676)
   (0.410339,-0.0593214)
   (0.406833,-0.0571289)
   (0.403294,-0.0551943)
    (0.39977,-0.0536806)
   (0.396421,-0.0526225)
   (0.393369,-0.0519539)
   (0.390705,-0.0516103)
   (0.388562,-0.0514772)
   (0.387013,-0.0513003)
   (0.385917,-0.0508019)
   (0.384989,-0.0498928)
    (0.384024,-0.048688)
     (0.382995,-0.04733)
   (0.381943,-0.0458591)
   (0.380865,-0.0442611)
   (0.379742,-0.0425451)
    (0.37858,-0.0406948)
   (0.377325,-0.0386467)
   (0.375833,-0.0364042)
   (0.373989,-0.0340987)
   (0.371796,-0.0319029)
    (0.369344,-0.029932)
   (0.366733,-0.0282304)
   (0.364045,-0.0268099)
   (0.361358,-0.0256707)
   (0.358755,-0.0247855)
    (0.356299,-0.024089)
    (0.35401,-0.0234974)
    (0.35186,-0.0229428)
    (0.349802,-0.022397)
   (0.347807,-0.0218661)
   (0.345871,-0.0213584)
   (0.343999,-0.0208638)
    (0.342185,-0.020366)
   (0.340413,-0.0198493)
   (0.338657,-0.0193005)
   (0.336875,-0.0187318)
   (0.335045,-0.0181904)
    (0.333194,-0.017726)
   (0.331381,-0.0173488)
   (0.329657,-0.0170139)
   (0.328017,-0.0166436)
   (0.326392,-0.0161821)
   (0.324681,-0.0156485)
     (0.32283,-0.015128)
   (0.320852,-0.0147129)
   (0.318802,-0.0144614)
   (0.316741,-0.0143966)
   (0.314728,-0.0145188)
    (0.312815,-0.014811)
     (0.31104,-0.015239)
   (0.309423,-0.0157598)
   (0.307958,-0.0163402)
   (0.306634,-0.0169729)
   (0.305461,-0.0176769)
     (0.3045,-0.0184648)
   (0.303847,-0.0192898)
   (0.303578,-0.0200218)
   (0.303688,-0.0204671)
   (0.304041,-0.0204232)
   (0.304363,-0.0197893)
   (0.304356,-0.0186673)
    (0.303862,-0.017316)
   (0.302908,-0.0159947)
   (0.301633,-0.0148574)
   (0.300178,-0.0139497)
    (0.298647,-0.013254)
     (0.2971,-0.0127334)
   (0.295565,-0.0123546)
   (0.294058,-0.0120928)
   (0.292586,-0.0119289)
   (0.291149,-0.0118527)
   (0.289751,-0.0118627)
   (0.288399,-0.0119613)
   (0.287104,-0.0121541)
   (0.285884,-0.0124528)
    (0.284779,-0.012868)
   (0.283852,-0.0133915)
   (0.283177,-0.0139764)
   (0.282818,-0.0145174)
    (0.28277,-0.0148555)
   (0.282923,-0.0148373)
    (0.28308,-0.0144006)
   (0.283048,-0.0136111)
   (0.282717,-0.0126216)
   (0.282084,-0.0115933)
   (0.281219,-0.0106332)
  (0.280202,-0.00978047)
   (0.27909,-0.00903673)
  (0.277916,-0.00839673)
  (0.276708,-0.00785645)
  (0.275488,-0.00740856)
  (0.274277,-0.00704071)
  (0.273087,-0.00673773)
  (0.271922,-0.00648491)
  (0.270784,-0.00627101)
  (0.269669,-0.00608938)
  (0.268579,-0.00593629)
    (0.267515,-0.005808)
  (0.266479,-0.00569936)
   (0.265468,-0.0056044)
  (0.264482,-0.00551816)
  (0.263515,-0.00543886)
  (0.262566,-0.00536832)
  (0.261635,-0.00530887)
  (0.260729,-0.00525888)
  (0.259852,-0.00521087)
  (0.259002,-0.00515377)
  (0.258169,-0.00507928)
   (0.25734,-0.00498735)
  (0.256505,-0.00488564)
  (0.255664,-0.00478418)
  (0.254818,-0.00469074)
  (0.253973,-0.00460941)
  (0.253135,-0.00454086)
    (0.25231,-0.0044828)
    (0.2515,-0.00443044)
  (0.250706,-0.00437781)
  (0.249923,-0.00432028)
  (0.249146,-0.00425707)
   (0.248369,-0.0041913)
  (0.247593,-0.00412752)
  (0.246819,-0.00406916)
   (0.24605,-0.00401767)
  (0.245287,-0.00397269)
  (0.244535,-0.00393249)
  (0.243792,-0.00389449)
  (0.243059,-0.00385634)
   (0.242332,-0.0038174)
  (0.241609,-0.00377905)
  (0.240892,-0.00374313)
  (0.240181,-0.00371033)
   (0.239478,-0.0036796)
  (0.238784,-0.00364889)
  (0.238097,-0.00361655)
   (0.237414,-0.0035826)
  (0.236735,-0.00354851)
   (0.23606,-0.00351584)
   (0.23539,-0.00348505)
  (0.234726,-0.00345564)
  (0.234067,-0.00342691)
  (0.233414,-0.00339852)
  (0.232766,-0.00337048)
  (0.232124,-0.00334273)
   (0.231487,-0.0033147)
  (0.230856,-0.00328549)
  (0.230229,-0.00325442)
  (0.229605,-0.00322169)
  (0.228983,-0.00318837)
   (0.228363,-0.0031558)
  (0.227745,-0.00312485)
   (0.22713,-0.00309583)
  (0.226519,-0.00306867)
  (0.225912,-0.00304315)
  (0.225309,-0.00301905)
   (0.22471,-0.00299616)
  (0.224116,-0.00297432)
  (0.223526,-0.00295341)
   (0.22294,-0.00293333)
  (0.222358,-0.00291393)
  (0.221781,-0.00289499)
  (0.221208,-0.00287621)
  (0.220639,-0.00285735)
  (0.220073,-0.00283842)
  (0.219511,-0.00281958)
  (0.218952,-0.00280105)
  (0.218396,-0.00278298)
  (0.217844,-0.00276542)
  (0.217295,-0.00274841)
  (0.216749,-0.00273202)
  (0.216206,-0.00271627)
   (0.215666,-0.0027012)
    (0.21513,-0.0026868)
  (0.214597,-0.00267306)
  (0.214067,-0.00266005)
    (0.21354,-0.0026479)
  (0.213017,-0.00263674)
  (0.212497,-0.00262666)
  (0.211981,-0.00261762)
  (0.211469,-0.00260958)
   (0.21096,-0.00260264)
  (0.210456,-0.00259703)
  (0.209957,-0.00259279)
  (0.209464,-0.00258933)
  (0.208979,-0.00258503)
  (0.208501,-0.00257739)
  (0.208028,-0.00256396)
  (0.207556,-0.00254393)
  (0.207084,-0.00251891)
  (0.206609,-0.00249188)
  (0.206131,-0.00246538)
  (0.205653,-0.00244072)
  (0.205176,-0.00241824)
    (0.2047,-0.00239777)
  (0.204227,-0.00237899)
  (0.203756,-0.00236157)
  (0.203287,-0.00234523)
  (0.202821,-0.00232976)
  (0.202358,-0.00231498)
  (0.201898,-0.00230077)
   (0.20144,-0.00228702)
  (0.200984,-0.00227367)
  (0.200531,-0.00226066)
  (0.200081,-0.00224793)
  (0.199633,-0.00223547)
  (0.199188,-0.00222323)
   (0.198744,-0.0022112)
  (0.198304,-0.00219936)
  (0.197865,-0.00218769)
  (0.197429,-0.00217618)
  (0.196995,-0.00216483)
  (0.196564,-0.00215362)
  (0.196134,-0.00214254)
  (0.195707,-0.00213159)
  (0.195282,-0.00212076)
  (0.194859,-0.00211005)
  (0.194438,-0.00209946)
   (0.19402,-0.00208897)
  (0.193603,-0.00207859)
  (0.193189,-0.00206832)