(-0.121149,-0.000764289)
(-0.121302,-0.000766297)
(-0.121456,-0.000768313)
 (-0.12161,-0.000770337)
 (-0.121764,-0.00077237)
(-0.121919,-0.000774411)
(-0.122074,-0.000776461)
(-0.122229,-0.000778519)
(-0.122385,-0.000780585)
 (-0.122541,-0.00078266)
(-0.122698,-0.000784744)
(-0.122855,-0.000786836)
(-0.123013,-0.000788937)
(-0.123171,-0.000791047)
(-0.123329,-0.000793165)
(-0.123488,-0.000795292)
(-0.123647,-0.000797428)
(-0.123807,-0.000799573)
(-0.123967,-0.000801727)
 (-0.124128,-0.00080389)
(-0.124289,-0.000806063)
 (-0.12445,-0.000808244)
(-0.124612,-0.000810434)
(-0.124774,-0.000812634)
(-0.124937,-0.000814843)
  (-0.1251,-0.000817062)
(-0.125264,-0.000819289)
(-0.125428,-0.000821527)
(-0.125592,-0.000823773)
 (-0.125757,-0.00082603)
(-0.125923,-0.000828296)
(-0.126089,-0.000830572)
(-0.126255,-0.000832857)
(-0.126422,-0.000835152)
(-0.126589,-0.000837457)
(-0.126757,-0.000839772)
(-0.126925,-0.000842098)
(-0.127093,-0.000844433)
(-0.127262,-0.000846778)
(-0.127432,-0.000849133)
(-0.127602,-0.000851499)
(-0.127773,-0.000853874)
(-0.127944,-0.000856261)
(-0.128115,-0.000858657)
(-0.128287,-0.000861064)
(-0.128459,-0.000863482)
 (-0.128632,-0.00086591)
(-0.128806,-0.000868349)
 (-0.12898,-0.000870798)
(-0.129154,-0.000873259)
 (-0.129329,-0.00087573)
(-0.129504,-0.000878212)
 (-0.12968,-0.000880705)
(-0.129857,-0.000883209)
(-0.130033,-0.000885725)
(-0.130211,-0.000888251)
(-0.130389,-0.000890789)
(-0.130567,-0.000893338)
(-0.130746,-0.000895898)
 (-0.130925,-0.00089847)
(-0.131105,-0.000901054)
(-0.131286,-0.000903649)
(-0.131467,-0.000906256)
(-0.131648,-0.000908874)
 (-0.13183,-0.000911505)
(-0.132013,-0.000914147)
(-0.132196,-0.000916801)
 (-0.13238,-0.000919467)
(-0.132564,-0.000922146)
(-0.132748,-0.000924836)
(-0.132934,-0.000927539)
(-0.133119,-0.000930255)
(-0.133306,-0.000932982)
(-0.133492,-0.000935722)
 (-0.13368,-0.000938475)
(-0.133868,-0.000941241)
(-0.134056,-0.000944019)
 (-0.134245,-0.00094681)
(-0.134435,-0.000949614)
(-0.134625,-0.000952431)
(-0.134816,-0.000955261)
(-0.135007,-0.000958104)
(-0.135199,-0.000960961)
(-0.135392,-0.000963831)
(-0.135585,-0.000966714)
(-0.135778,-0.000969611)
(-0.135972,-0.000972521)
(-0.136167,-0.000975445)
(-0.136363,-0.000978383)
(-0.136559,-0.000981335)
(-0.136755,-0.000984301)
 (-0.136952,-0.00098728)
 (-0.13715,-0.000990274)
(-0.137348,-0.000993282)
(-0.137547,-0.000996305)
(-0.137747,-0.000999342)
 (-0.137947,-0.00100239)
 (-0.138148,-0.00100546)
 (-0.138349,-0.00100854)
 (-0.138551,-0.00101164)
 (-0.138754,-0.00101475)
 (-0.138957,-0.00101787)
 (-0.139161,-0.00102101)
 (-0.139365,-0.00102417)
  (-0.13957,-0.00102734)
 (-0.139776,-0.00103053)
 (-0.139983,-0.00103373)
  (-0.14019,-0.00103694)
 (-0.140397,-0.00104018)
 (-0.140606,-0.00104343)
 (-0.140815,-0.00104669)
 (-0.141024,-0.00104997)
 (-0.141234,-0.00105327)
 (-0.141445,-0.00105658)
 (-0.141657,-0.00105991)
 (-0.141869,-0.00106326)
 (-0.142082,-0.00106662)
    (-0.142296,-0.00107)
   (-0.14251,-0.0010734)
 (-0.142725,-0.00107681)
 (-0.142941,-0.00108024)
 (-0.143157,-0.00108369)
 (-0.143374,-0.00108716)
 (-0.143592,-0.00109064)
 (-0.143811,-0.00109414)
  (-0.14403,-0.00109766)
  (-0.14425,-0.00110119)
  (-0.14447,-0.00110475)
 (-0.144691,-0.00110832)
 (-0.144913,-0.00111191)
 (-0.145136,-0.00111552)
  (-0.14536,-0.00111914)
 (-0.145584,-0.00112279)
 (-0.145809,-0.00112645)
 (-0.146034,-0.00113014)
 (-0.146261,-0.00113384)
 (-0.146488,-0.00113756)
  (-0.146716,-0.0011413)
 (-0.146944,-0.00114506)
 (-0.147174,-0.00114884)
 (-0.147404,-0.00115263)
 (-0.147634,-0.00115645)
 (-0.147866,-0.00116029)
 (-0.148099,-0.00116415)
 (-0.148332,-0.00116803)
 (-0.148566,-0.00117193)
   (-0.1488,-0.00117585)
 (-0.149036,-0.00117979)
 (-0.149272,-0.00118375)
 (-0.149509,-0.00118773)
 (-0.149747,-0.00119173)
 (-0.149986,-0.00119576)
  (-0.150226,-0.0011998)
 (-0.150466,-0.00120387)
 (-0.150707,-0.00120796)
 (-0.150949,-0.00121207)
  (-0.151192,-0.0012162)
 (-0.151435,-0.00122036)
  (-0.15168,-0.00122454)
 (-0.151925,-0.00122874)
 (-0.152171,-0.00123296)
 (-0.152418,-0.00123721)
 (-0.152666,-0.00124148)
 (-0.152915,-0.00124577)
 (-0.153164,-0.00125009)
 (-0.153415,-0.00125443)
 (-0.153666,-0.00125879)
 (-0.153918,-0.00126318)
 (-0.154171,-0.00126759)
 (-0.154425,-0.00127203)
  (-0.15468,-0.00127649)
 (-0.154936,-0.00128097)
 (-0.155192,-0.00128548)
  (-0.15545,-0.00129002)
 (-0.155708,-0.00129458)
 (-0.155967,-0.00129917)
 (-0.156228,-0.00130378)
 (-0.156489,-0.00130842)
 (-0.156751,-0.00131308)
 (-0.157014,-0.00131777)
 (-0.157278,-0.00132249)
 (-0.157543,-0.00132723)
   (-0.157809,-0.001332)
  (-0.158076,-0.0013368)
 (-0.158343,-0.00134163)
 (-0.158612,-0.00134648)
 (-0.158882,-0.00135136)
 (-0.159153,-0.00135627)
 (-0.159424,-0.00136121)
 (-0.159697,-0.00136617)
 (-0.159971,-0.00137117)
 (-0.160245,-0.00137619)
 (-0.160521,-0.00138124)
 (-0.160798,-0.00138633)
 (-0.161076,-0.00139144)
 (-0.161354,-0.00139658)
 (-0.161634,-0.00140175)
 (-0.161915,-0.00140695)
 (-0.162197,-0.00141219)
  (-0.16248,-0.00141745)
 (-0.162764,-0.00142275)
 (-0.163049,-0.00142807)
 (-0.163335,-0.00143343)
 (-0.163622,-0.00143882)
  (-0.16391,-0.00144425)
    (-0.1642,-0.0014497)
  (-0.16449,-0.00145519)
 (-0.164782,-0.00146071)
 (-0.165074,-0.00146626)
 (-0.165368,-0.00147185)
 (-0.165663,-0.00147747)
 (-0.165959,-0.00148313)
 (-0.166256,-0.00148882)
 (-0.166554,-0.00149454)
  (-0.166854,-0.0015003)
  (-0.167154,-0.0015061)
 (-0.167456,-0.00151193)
  (-0.167759,-0.0015178)
  (-0.168063,-0.0015237)
 (-0.168368,-0.00152964)
 (-0.168675,-0.00153562)
 (-0.168982,-0.00154163)
 (-0.169291,-0.00154769)
 (-0.169601,-0.00155378)
  (-0.169913,-0.0015599)
 (-0.170225,-0.00156607)
 (-0.170539,-0.00157228)
 (-0.170854,-0.00157852)
   (-0.17117,-0.0015848)
 (-0.171488,-0.00159113)
 (-0.171807,-0.00159749)
  (-0.172127,-0.0016039)
 (-0.172448,-0.00161035)
 (-0.172771,-0.00161683)
 (-0.173095,-0.00162336)
  (-0.17342,-0.00162993)
 (-0.173746,-0.00163655)
  (-0.174074,-0.0016432)
  (-0.174404,-0.0016499)
 (-0.174734,-0.00165665)
 (-0.175066,-0.00166344)
 (-0.175399,-0.00167027)
 (-0.175734,-0.00167715)
  (-0.17607,-0.00168407)
 (-0.176407,-0.00169104)
 (-0.176746,-0.00169805)
 (-0.177087,-0.00170511)
 (-0.177428,-0.00171222)
 (-0.177771,-0.00171938)
 (-0.178116,-0.00172658)
 (-0.178462,-0.00173383)
 (-0.178809,-0.00174113)
 (-0.179158,-0.00174848)
 (-0.179508,-0.00175588)
  (-0.17986,-0.00176333)
 (-0.180214,-0.00177084)
 (-0.180568,-0.00177839)
 (-0.180925,-0.00178599)
 (-0.181283,-0.00179365)
 (-0.181642,-0.00180136)
 (-0.182003,-0.00180912)
 (-0.182365,-0.00181693)
   (-0.18273,-0.0018248)
 (-0.183095,-0.00183273)
 (-0.183462,-0.00184071)
 (-0.183831,-0.00184874)
 (-0.184202,-0.00185683)
 (-0.184574,-0.00186498)
 (-0.184948,-0.00187319)
 (-0.185323,-0.00188145)
   (-0.1857,-0.00188978)
 (-0.186079,-0.00189816)
  (-0.186459,-0.0019066)
  (-0.186841,-0.0019151)
 (-0.187225,-0.00192367)
  (-0.18761,-0.00193229)
 (-0.187998,-0.00194098)
 (-0.188387,-0.00194973)
 (-0.188777,-0.00195854)
  (-0.18917,-0.00196742)
 (-0.189564,-0.00197636)
  (-0.18996,-0.00198537)
 (-0.190358,-0.00199445)
 (-0.190758,-0.00200359)
  (-0.191159,-0.0020128)
 (-0.191563,-0.00202208)
 (-0.191968,-0.00203142)
 (-0.192375,-0.00204084)
 (-0.192784,-0.00205033)
 (-0.193195,-0.00205988)
 (-0.193608,-0.00206951)
 (-0.194022,-0.00207922)
 (-0.194439,-0.00208899)
 (-0.194858,-0.00209884)
 (-0.195278,-0.00210877)
 (-0.195701,-0.00211877)
 (-0.196126,-0.00212885)
   (-0.196552,-0.002139)
 (-0.196981,-0.00214924)
 (-0.197412,-0.00215955)
 (-0.197845,-0.00216994)
 (-0.198279,-0.00218042)
 (-0.198716,-0.00219097)
 (-0.199156,-0.00220161)
 (-0.199597,-0.00221234)
  (-0.20004,-0.00222314)
 (-0.200486,-0.00223403)
 (-0.200934,-0.00224501)
 (-0.201383,-0.00225608)
 (-0.201836,-0.00226724)
  (-0.20229,-0.00227848)
 (-0.202747,-0.00228982)
 (-0.203206,-0.00230124)
 (-0.203667,-0.00231276)
 (-0.204131,-0.00232438)
 (-0.204596,-0.00233608)
 (-0.205065,-0.00234789)
 (-0.205535,-0.00235979)
 (-0.206008,-0.00237178)
 (-0.206484,-0.00238388)
 (-0.206961,-0.00239608)
 (-0.207442,-0.00240838)
 (-0.207924,-0.00242078)
  (-0.20841,-0.00243329)
  (-0.208897,-0.0024459)
 (-0.209388,-0.00245862)
 (-0.209881,-0.00247144)
 (-0.210376,-0.00248437)
 (-0.210874,-0.00249742)
 (-0.211375,-0.00251057)
 (-0.211878,-0.00252384)
 (-0.212384,-0.00253723)
 (-0.212892,-0.00255073)
 (-0.213404,-0.00256434)
 (-0.213918,-0.00257808)
 (-0.214434,-0.00259193)
 (-0.214954,-0.00260591)
 (-0.215476,-0.00262001)
 (-0.216002,-0.00263423)
  (-0.21653,-0.00264858)
 (-0.217061,-0.00266306)
 (-0.217594,-0.00267766)
  (-0.218131,-0.0026924)
 (-0.218671,-0.00270727)
 (-0.219214,-0.00272228)
 (-0.219759,-0.00273742)
  (-0.220308,-0.0027527)
  (-0.22086,-0.00276811)
 (-0.221415,-0.00278367)
 (-0.221973,-0.00279938)
 (-0.222534,-0.00281522)
 (-0.223099,-0.00283122)
 (-0.223666,-0.00284736)
 (-0.224237,-0.00286366)
  (-0.224811,-0.0028801)
 (-0.225389,-0.00289671)
 (-0.225969,-0.00291347)
 (-0.226554,-0.00293038)
 (-0.227141,-0.00294746)
 (-0.227732,-0.00296471)
 (-0.228326,-0.00298212)
 (-0.228924,-0.00299969)
 (-0.229526,-0.00301744)
 (-0.230131,-0.00303536)
 (-0.230739,-0.00305345)
 (-0.231352,-0.00307173)
 (-0.231967,-0.00309018)
 (-0.232587,-0.00310881)
  (-0.23321,-0.00312763)
 (-0.233837,-0.00314664)
 (-0.234468,-0.00316583)
 (-0.235103,-0.00318522)
 (-0.235742,-0.00320481)
 (-0.236384,-0.00322459)
 (-0.237031,-0.00324458)
 (-0.237682,-0.00326477)
 (-0.238336,-0.00328516)
 (-0.238995,-0.00330577)
 (-0.239658,-0.00332659)
 (-0.240325,-0.00334763)
 (-0.240996,-0.00336888)
 (-0.241672,-0.00339036)
 (-0.242352,-0.00341207)
   (-0.243036,-0.003434)
 (-0.243724,-0.00345617)
 (-0.244417,-0.00347858)
 (-0.245115,-0.00350122)
 (-0.245817,-0.00352411)
 (-0.246524,-0.00354725)
 (-0.247235,-0.00357063)
 (-0.247951,-0.00359428)
 (-0.248672,-0.00361818)
 (-0.249398,-0.00364234)
 (-0.250128,-0.00366678)
 (-0.250864,-0.00369148)
 (-0.251604,-0.00371646)
 (-0.252349,-0.00374172)
   (-0.2531,-0.00376727)
 (-0.253855,-0.00379311)
 (-0.254616,-0.00381924)
 (-0.255382,-0.00384567)
  (-0.256153,-0.0038724)
  (-0.25693,-0.00389944)
  (-0.257712,-0.0039268)
   (-0.2585,-0.00395447)
 (-0.259293,-0.00398247)
  (-0.260091,-0.0040108)
 (-0.260896,-0.00403946)
 (-0.261706,-0.00406846)
 (-0.262522,-0.00409782)
 (-0.263344,-0.00412752)
 (-0.264172,-0.00415758)
 (-0.265006,-0.00418801)
 (-0.265846,-0.00421881)
 (-0.266692,-0.00424999)
 (-0.267545,-0.00428155)
  (-0.268404,-0.0043135)
 (-0.269269,-0.00434585)
  (-0.270141,-0.0043786)
 (-0.271019,-0.00441177)
 (-0.271904,-0.00444536)
 (-0.272796,-0.00447937)
 (-0.273694,-0.00451382)
   (-0.2746,-0.00454871)
 (-0.275512,-0.00458405)
 (-0.276432,-0.00461986)
 (-0.277359,-0.00465613)
 (-0.278293,-0.00469287)
 (-0.279234,-0.00473011)
 (-0.280183,-0.00476783)
  (-0.28114,-0.00480606)
 (-0.282104,-0.00484481)
 (-0.283076,-0.00488408)
 (-0.284056,-0.00492388)
 (-0.285044,-0.00496422)
  (-0.28604,-0.00500512)
 (-0.287044,-0.00504659)
 (-0.288056,-0.00508863)
 (-0.289077,-0.00513126)
 (-0.290107,-0.00517449)
 (-0.291145,-0.00521834)
  (-0.292192,-0.0052628)
 (-0.293248,-0.00530791)
 (-0.294313,-0.00535366)
 (-0.295388,-0.00540008)
 (-0.296471,-0.00544717)
 (-0.297564,-0.00549496)
 (-0.298667,-0.00554345)
 (-0.299779,-0.00559266)
 (-0.300901,-0.00564261)
 (-0.302034,-0.00569331)
 (-0.303176,-0.00574478)
 (-0.304329,-0.00579703)
 (-0.305492,-0.00585008)
 (-0.306666,-0.00590395)
 (-0.307851,-0.00595866)
 (-0.309047,-0.00601422)
 (-0.310254,-0.00607066)
 (-0.311472,-0.00612799)
 (-0.312702,-0.00618624)
 (-0.313944,-0.00624542)
 (-0.315197,-0.00630556)
 (-0.316463,-0.00636668)
  (-0.317741,-0.0064288)
 (-0.319031,-0.00649195)
 (-0.320334,-0.00655614)
  (-0.32165,-0.00662141)
 (-0.322979,-0.00668777)
 (-0.324321,-0.00675527)
 (-0.325677,-0.00682391)
 (-0.327047,-0.00689374)
 (-0.328431,-0.00696478)
 (-0.329829,-0.00703706)
 (-0.331242,-0.00711061)
 (-0.332669,-0.00718546)
 (-0.334111,-0.00726165)
 (-0.335569,-0.00733921)
 (-0.337043,-0.00741817)
 (-0.338532,-0.00749858)
 (-0.340037,-0.00758046)
 (-0.341559,-0.00766386)
 (-0.343098,-0.00774882)
 (-0.344653,-0.00783538)
 (-0.346226,-0.00792358)
 (-0.347817,-0.00801347)
 (-0.349426,-0.00810509)
 (-0.351053,-0.00819849)
 (-0.352699,-0.00829372)
 (-0.354365,-0.00839083)
 (-0.356049,-0.00848987)
  (-0.357754,-0.0085909)
 (-0.359479,-0.00869398)
 (-0.361225,-0.00879915)
  (-0.362992,-0.0089065)
  (-0.36478,-0.00901607)
 (-0.366591,-0.00912793)
 (-0.368424,-0.00924216)
  (-0.37028,-0.00935882)
 (-0.372159,-0.00947799)
 (-0.374062,-0.00959974)
  (-0.37599,-0.00972415)
 (-0.377943,-0.00985131)
  (-0.379921,-0.0099813)
  (-0.381926,-0.0101142)
  (-0.383957,-0.0102501)
  (-0.386016,-0.0103892)
  (-0.388102,-0.0105314)
   (-0.390217,-0.010677)
   (-0.392362,-0.010826)
  (-0.394536,-0.0109785)
  (-0.396741,-0.0111347)
  (-0.398978,-0.0112947)
  (-0.401246,-0.0114586)
  (-0.403548,-0.0116266)
  (-0.405883,-0.0117987)
  (-0.408253,-0.0119752)
  (-0.410659,-0.0121562)
    (-0.4131,-0.0123419)
   (-0.41558,-0.0125324)
  (-0.418097,-0.0127278)
  (-0.420654,-0.0129285)
  (-0.423251,-0.0131346)
  (-0.425889,-0.0133463)
   (-0.42857,-0.0135638)
  (-0.431295,-0.0137873)
   (-0.434065,-0.014017)
   (-0.43688,-0.0142534)
  (-0.439744,-0.0144964)
  (-0.442656,-0.0147466)
  (-0.445618,-0.0150041)
  (-0.448632,-0.0152692)
    (-0.4517,-0.0155423)
  (-0.454822,-0.0158237)
  (-0.458001,-0.0161138)
  (-0.461238,-0.0164129)
  (-0.464535,-0.0167214)
  (-0.467894,-0.0170398)
  (-0.471317,-0.0173685)
   (-0.474806,-0.017708)
  (-0.478363,-0.0180587)
  (-0.481991,-0.0184212)
   (-0.485691,-0.018796)
  (-0.489467,-0.0191838)
   (-0.49332,-0.0195852)
  (-0.497254,-0.0200007)
  (-0.501272,-0.0204312)
  (-0.505375,-0.0208774)
  (-0.509568,-0.0213401)
  (-0.513854,-0.0218201)
  (-0.518236,-0.0223183)
  (-0.522718,-0.0228358)
  (-0.527304,-0.0233736)
  (-0.531998,-0.0239327)
  (-0.536803,-0.0245143)
  (-0.541725,-0.0251198)
  (-0.546768,-0.0257505)
  (-0.551937,-0.0264079)
  (-0.557238,-0.0270935)
   (-0.562676,-0.027809)
  (-0.568257,-0.0285562)
  (-0.573988,-0.0293372)
   (-0.579874,-0.030154)
  (-0.585924,-0.0310089)
  (-0.592144,-0.0319045)
  (-0.598543,-0.0328433)
  (-0.605129,-0.0338283)
  (-0.611911,-0.0348627)
  (-0.618899,-0.0359499)
  (-0.626104,-0.0370936)
   (-0.633537,-0.038298)
  (-0.641208,-0.0395674)
  (-0.649132,-0.0409069)
  (-0.657322,-0.0423217)
  (-0.665792,-0.0438177)
  (-0.674558,-0.0454014)
  (-0.683638,-0.0470799)
   (-0.69305,-0.0488611)
  (-0.702813,-0.0507536)
   (-0.71295,-0.0527672)
  (-0.723482,-0.0549124)
  (-0.734437,-0.0572014)
  (-0.745841,-0.0596472)
  (-0.757723,-0.0622649)
  (-0.770118,-0.0650711)
   (-0.78306,-0.0680845)
  (-0.796588,-0.0713263)
  (-0.810746,-0.0748204)
   (-0.825581,-0.078594)
  (-0.841143,-0.0826778)
   (-0.857491,-0.087107)
  (-0.874688,-0.0919219)
  (-0.892803,-0.0971689)
   (-0.911915,-0.102901)
   (-0.932111,-0.109181)
    (-0.953486,-0.11608)
   (-0.976149,-0.123683)
    (-1.00022,-0.132088)
    (-1.02584,-0.141412)
    (-1.05315,-0.151793)
    (-1.08234,-0.163396)
    (-1.11359,-0.176419)
    (-1.14713,-0.191101)
    (-1.18321,-0.207731)
     (-1.2221,-0.226664)
    (-1.26414,-0.248339)
    (-1.30967,-0.273299)
     (-1.3591,-0.302225)
    (-1.41289,-0.335975)
    (-1.47151,-0.375647)
    (-1.53547,-0.422648)
     (-1.6053,-0.478805)
    (-1.68142,-0.546507)
    (-1.76412,-0.628905)
    (-1.85328,-0.730169)
      (-1.948,-0.855833)
     (-2.04592,-1.01319)
       (-2.142,-1.21164)
      (-2.22638,-1.4627)
     (-2.28105,-1.77889)
     (-2.27523,-2.16955)
     (-2.16155,-2.63079)
     (-1.88033,-3.12676)
     (-1.38584,-3.56993)
    (-0.698837,-3.83055)
    (0.0593937,-3.80712)
     (0.721588,-3.50968)
      (1.18133,-3.05071)
      (1.43201,-2.55638)
      (1.52453,-2.10547)
       (1.51764,-1.7273)
      (1.45603,-1.42267)
      (1.36815,-1.18125)
     (1.27046,-0.990534)
     (1.17186,-0.839302)
     (1.07686,-0.718499)
      (0.98752,-0.62114)
    (0.904576,-0.541936)
    (0.828058,-0.476898)
    (0.757654,-0.423017)
    (0.692895,-0.378009)
    (0.633264,-0.340125)
    (0.578245,-0.308021)
     (0.527349,-0.28065)
    (0.480127,-0.257195)
    (0.436174,-0.237011)
    (0.395127,-0.219589)
    (0.356659,-0.204526)
    (0.320483,-0.191502)
    (0.286341,-0.180268)
    (0.254006,-0.170633)
     (0.223278,-0.16246)
    (0.193987,-0.155657)
    (0.165995,-0.150181)
    (0.139207,-0.146037)
    (0.113592,-0.143276)
    (0.0892148,-0.14198)
   (0.0662865,-0.142228)
   (0.0452116,-0.143993)
   (0.0265661,-0.146947)
   (0.0108546,-0.150224)
 (-0.00204933,-0.152434)
  (-0.0133896,-0.152358)
  (-0.0250972,-0.149968)
   (-0.0385542,-0.14657)
  (-0.0539144,-0.143865)
  (-0.0704189,-0.143134)
  (-0.0869069,-0.145062)
   (-0.102013,-0.149827)
   (-0.114173,-0.156998)
   (-0.121834,-0.165166)
   (-0.124287,-0.171672)
   (-0.122888,-0.173365)
   (-0.121171,-0.168636)
    (-0.122783,-0.15876)
    (-0.129323,-0.14671)
   (-0.140303,-0.135073)
   (-0.154399,-0.125197)
   (-0.170374,-0.117462)
   (-0.187374,-0.111775)
   (-0.204887,-0.107904)
    (-0.22263,-0.105628)
   (-0.240443,-0.104797)
   (-0.258215,-0.105338)
   (-0.275822,-0.107258)
    (-0.293055,-0.11061)
   (-0.309561,-0.115436)
   (-0.324783,-0.121624)
   (-0.338026,-0.128669)
   (-0.348805,-0.135426)
   (-0.357507,-0.140272)
   (-0.365774,-0.142025)
   (-0.375737,-0.140949)
    (-0.388693,-0.13855)
   (-0.404694,-0.136446)
   (-0.423104,-0.135653)
   (-0.443204,-0.136576)
   (-0.464458,-0.139277)
   (-0.486528,-0.143708)
   (-0.509177,-0.149812)
   (-0.532173,-0.157485)
    (-0.555343,-0.16644)
   (-0.578822,-0.176204)
    (-0.60327,-0.186437)
   (-0.629666,-0.197401)
   (-0.658757,-0.210018)
   (-0.690766,-0.225497)
   (-0.725523,-0.245016)
   (-0.762655,-0.269719)
   (-0.801597,-0.300866)
   (-0.841402,-0.339932)
   (-0.880405,-0.388551)
    (-0.915779,-0.44814)
   (-0.943283,-0.518948)
   (-0.957936,-0.598535)
   (-0.956629,-0.680806)
   (-0.941819,-0.758434)
   (-0.921204,-0.829243)
   (-0.900097,-0.899587)
   (-0.873884,-0.978114)
    (-0.829742,-1.06525)
    (-0.757155,-1.14802)
    (-0.660085,-1.20639)
    (-0.558336,-1.22956)
    (-0.472191,-1.22546)
    (-0.408018,-1.21079)
    (-0.361725,-1.19694)
    (-0.329185,-1.18951)
    (-0.306882,-1.19544)
    (-0.285301,-1.22283)
    (-0.247296,-1.27339)
    (-0.174152,-1.33593)
   (-0.0558888,-1.38547)
    (0.0974344,-1.39139)
      (0.254189,-1.3364)
     (0.379841,-1.23049)
     (0.458586,-1.10094)
    (0.494781,-0.971906)
    (0.500911,-0.855521)
     (0.48789,-0.754517)
    (0.462278,-0.668168)
    (0.428225,-0.595801)
    (0.389529,-0.536577)
    (0.349304,-0.488437)
     (0.30879,-0.448718)
    (0.267543,-0.415794)
    (0.224985,-0.389697)
    (0.181529,-0.371241)
    (0.138489,-0.360991)
   (0.0975198,-0.358871)
   (0.0601338,-0.364227)
     (0.0273879,-0.3762)
 (0.000130644,-0.394392)
  (-0.0198323,-0.418936)
  (-0.0287593,-0.448882)
  (-0.0221667,-0.479608)
  (0.00106761,-0.501917)
   (0.0342784,-0.506059)
   (0.0644543,-0.489394)
   (0.0806667,-0.459126)
   (0.0802121,-0.426408)
   (0.0670758,-0.399616)
     (0.0475553,-0.3824)
   (0.0274776,-0.374642)
    (0.0109379,-0.37374)
(-0.000505664,-0.375969)
 (-0.00779914,-0.378388)
   (-0.012686,-0.380276)
  (-0.0154441,-0.382342)
  (-0.0146349,-0.384245)
 (-0.00943504,-0.383368)
 (-0.00177651,-0.376618)
  (0.00442347,-0.363177)
  (0.00591315,-0.345105)
  (0.00188269,-0.325612)
  (-0.0064105,-0.306837)
  (-0.0175206,-0.289086)
  (-0.0310714,-0.271963)
  (-0.0473026,-0.255533)
  (-0.0662907,-0.240233)
  (-0.0879425,-0.226487)
   (-0.112103,-0.214739)
   (-0.138446,-0.205433)
   (-0.166492,-0.198841)
   (-0.195772,-0.194999)
   (-0.225964,-0.193774)
   (-0.256962,-0.194983)
    (-0.28887,-0.198535)
     (-0.3219,-0.204547)
   (-0.356237,-0.213351)
   (-0.391972,-0.225427)
   (-0.429106,-0.241382)
   (-0.467537,-0.261988)
   (-0.506974,-0.288243)
   (-0.546766,-0.321407)
    (-0.585623,-0.36295)
   (-0.621253,-0.414278)
   (-0.650041,-0.476088)
   (-0.667149,-0.547212)
   (-0.667769,-0.623213)
   (-0.649979,-0.696202)
    (-0.617354,-0.75764)
   (-0.578232,-0.802437)
   (-0.542795,-0.830918)
    (-0.52019,-0.849445)
   (-0.514639,-0.869602)
   (-0.522815,-0.904101)
    (-0.535005,-0.96271)
    (-0.536836,-1.05074)
    (-0.509331,-1.16699)
    (-0.430787,-1.29827)
    (-0.286562,-1.41373)
   (-0.0865764,-1.47087)
        (0.12712,-1.441)
     (0.302764,-1.33342)
     (0.412209,-1.18678)
     (0.458563,-1.03981)
      (0.460804,-0.9147)
       (0.4389,-0.81818)
    (0.407926,-0.748323)
    (0.377851,-0.699463)
    (0.354493,-0.664134)
     (0.33919,-0.634053)
    (0.328364,-0.602822)
    (0.316248,-0.569079)
    (0.299526,-0.535752)
    (0.278817,-0.505932)
     (0.256231,-0.48014)
    (0.232421,-0.457035)
    (0.205976,-0.436018)
    (0.175401,-0.418765)
    (0.141152,-0.408198)
    (0.105778,-0.406617)
    (0.0730272,-0.41473)
   (0.0470535,-0.431232)
   (0.0313491,-0.452309)
   (0.0266624,-0.471872)
   (0.0290509,-0.484266)
   (0.0315427,-0.488559)
   (0.0295258,-0.489226)
    (0.0238649,-0.49154)
    (0.0185232,-0.49701)
   (0.0159126,-0.503134)
   (0.0144871,-0.507046)
   (0.0107664,-0.509155)
   (0.0030596,-0.512987)
 (-0.00709813,-0.522617)
    (-0.0154345,-0.5407)
   (-0.0157113,-0.56699)
 (-0.00155745,-0.596474)
    (0.0291193,-0.61898)
     (0.069576,-0.62404)
     (0.106498,-0.60934)
    (0.129591,-0.583065)
    (0.138071,-0.556919)
    (0.138768,-0.538302)
    (0.140556,-0.527287)
    (0.148957,-0.517564)
    (0.162349,-0.500814)
    (0.172902,-0.473262)
    (0.172961,-0.438553)
    (0.160201,-0.403899)
    (0.136953,-0.375029)
    (0.107035,-0.354733)
   (0.0739108,-0.343901)
   (0.0405286,-0.342652)
  (0.00979329,-0.350685)
  (-0.0150903,-0.366971)
  (-0.0307284,-0.389059)
  (-0.0344718,-0.412305)
   (-0.026453,-0.429948)
  (-0.0116927,-0.435585)
   (0.0010357,-0.427626)
  (0.00446666,-0.410836)
 (-0.00328065,-0.392559)
  (-0.0196118,-0.378384)
   (-0.0402174,-0.37069)
  (-0.0610684,-0.369017)
   (-0.079628,-0.370894)
  (-0.0956941,-0.372991)
   (-0.111602,-0.372862)
   (-0.130843,-0.370685)
   (-0.155597,-0.369079)
   (-0.185753,-0.370978)
   (-0.220103,-0.378123)
   (-0.257782,-0.391387)
   (-0.298483,-0.411942)
   (-0.341616,-0.441846)
   (-0.385446,-0.483732)
    (-0.426692,-0.54013)
   (-0.460388,-0.612728)
     (-0.47996,-0.70148)
   (-0.477669,-0.803508)
   (-0.445725,-0.911706)
    (-0.379284,-1.01351)
    (-0.281304,-1.09317)
    (-0.163417,-1.13867)
   (-0.0401628,-1.14537)
    (0.0737378,-1.11323)
     (0.162119,-1.04841)
    (0.212862,-0.966697)
    (0.225359,-0.888097)
     (0.209096,-0.82768)
    (0.177117,-0.792545)
     (0.141728,-0.78369)
    (0.113369,-0.798252)
     (0.10056,-0.830421)
    (0.109304,-0.871516)
     (0.14152,-0.910496)
     (0.19334,-0.936099)
    (0.255126,-0.940629)
    (0.314683,-0.923482)
    (0.362926,-0.891217)
    (0.397567,-0.852863)
    (0.421669,-0.814802)
        (0.44,-0.778918)
    (0.455459,-0.743115)
    (0.466519,-0.704794)
    (0.469407,-0.665489)
      (0.46359,-0.63057)
    (0.453555,-0.604193)
    (0.445532,-0.585794)
    (0.443394,-0.570644)
     (0.44658,-0.552835)
    (0.450528,-0.528716)
    (0.449632,-0.499254)
    (0.441306,-0.468983)
    (0.427165,-0.441937)
    (0.410277,-0.418905)
    (0.391895,-0.398427)
    (0.370974,-0.379779)
       (0.34642,-0.3644)
    (0.318961,-0.354617)
    (0.290924,-0.351898)
    (0.265192,-0.356237)
    (0.244449,-0.366168)
    (0.230422,-0.378788)
    (0.222682,-0.390428)
     (0.21825,-0.398808)
     (0.213825,-0.40497)
    (0.208974,-0.411989)
    (0.206426,-0.421384)
      (0.2091,-0.431172)
    (0.217054,-0.437456)
     (0.22745,-0.437623)
    (0.236927,-0.431527)
    (0.242987,-0.420438)
    (0.244002,-0.406315)
    (0.239394,-0.391457)
    (0.229488,-0.377798)
    (0.214771,-0.366817)
    (0.195771,-0.360235)
    (0.173896,-0.360165)
    (0.151916,-0.368229)
     (0.133541,-0.38468)
    (0.122752,-0.407989)
    (0.123032,-0.434425)
    (0.135689,-0.457877)
    (0.157603,-0.471784)
     (0.181848,-0.47336)
     (0.202554,-0.46512)
     (0.218126,-0.45091)
    (0.228772,-0.432186)
    (0.233143,-0.409367)
    (0.229166,-0.384723)
    (0.216682,-0.361954)
    (0.197653,-0.343851)
    (0.174514,-0.331426)
    (0.149025,-0.324615)
    (0.122208,-0.323214)
   (0.0948553,-0.327263)
   (0.0679156,-0.336817)
   (0.0422992,-0.351634)
   (0.0185101,-0.371427)
 (-0.00316712,-0.396414)
  (-0.0220285,-0.427473)
  (-0.0363197,-0.465895)
  (-0.0424758,-0.512756)
  (-0.0344811,-0.567189)
 (-0.00509487,-0.623286)
    (0.049003,-0.668202)
     (0.120265,-0.68665)
    (0.190467,-0.672032)
    (0.242169,-0.632426)
    (0.269165,-0.583314)
    (0.275463,-0.536957)
     (0.26837,-0.498765)
    (0.253771,-0.469431)
    (0.235222,-0.448028)
    (0.214947,-0.433461)
    (0.194543,-0.424443)
    (0.174824,-0.419347)
    (0.155481,-0.416596)
    (0.135142,-0.415506)
     (0.112299,-0.41702)
   (0.0866977,-0.423309)
    (0.0597701,-0.43635)
   (0.0337136,-0.456878)
     (0.0102098,-0.4847)
 (-0.00967031,-0.520152)
  (-0.0235801,-0.564709)
  (-0.0260329,-0.618774)
 (-0.00972686,-0.677816)
    (0.0290866,-0.73073)
   (0.0845652,-0.764448)
    (0.142215,-0.773473)
    (0.188613,-0.764041)
    (0.219244,-0.747981)
    (0.237686,-0.734682)
    (0.250623,-0.727824)
     (0.263424,-0.72622)
    (0.277971,-0.726985)
    (0.293935,-0.728774)
    (0.311815,-0.731618)
    (0.332874,-0.734284)
    (0.356409,-0.734649)
    (0.380288,-0.733111)
     (0.405398,-0.73245)
    (0.436823,-0.732338)
    (0.478003,-0.725758)
     (0.524161,-0.70367)
    (0.563955,-0.663752)
    (0.588034,-0.612686)
    (0.594313,-0.560545)
     (0.58664,-0.515017)
    (0.571024,-0.479426)
    (0.552795,-0.453578)
     (0.53551,-0.435336)
    (0.520671,-0.421847)
     (0.50786,-0.410854)
    (0.495887,-0.401757)
     (0.48439,-0.395371)
    (0.474621,-0.392572)
    (0.468968,-0.392781)
    (0.469349,-0.393183)
     (0.47522,-0.389526)
    (0.482747,-0.378573)
      (0.486481,-0.3607)
    (0.482832,-0.340032)
    (0.472071,-0.321592)
    (0.457264,-0.308454)
    (0.442006,-0.300984)
    (0.428797,-0.297639)
     (0.418532,-0.29628)
    (0.410914,-0.295086)
      (0.40489,-0.29282)
    (0.398919,-0.289164)
    (0.391767,-0.284974)
    (0.383295,-0.281555)
    (0.374147,-0.279713)
    (0.365025,-0.279744)
    (0.356685,-0.281837)
    (0.350267,-0.285828)
    (0.346904,-0.290591)
    (0.346704,-0.294206)
    (0.348393,-0.295092)
    (0.350018,-0.292839)
    (0.349785,-0.288303)
    (0.346845,-0.283356)
    (0.341924,-0.280019)
    (0.337132,-0.279187)
    (0.334757,-0.279706)
    (0.335362,-0.278654)
    (0.336628,-0.273526)
    (0.334883,-0.264737)
    (0.328175,-0.255406)
    (0.317441,-0.248815)
    (0.305324,-0.246489)
    (0.294506,-0.247855)
    (0.286405,-0.250843)
    (0.280504,-0.253255)
    (0.275025,-0.254285)
    (0.268608,-0.254778)
    (0.261253,-0.256022)
    (0.253847,-0.258562)
    (0.247142,-0.262054)
    (0.241303,-0.265925)
    (0.236269,-0.269805)
     (0.23199,-0.273264)
    (0.228097,-0.275658)
     (0.223594,-0.27652)
    (0.217011,-0.276138)
    (0.207086,-0.275951)
    (0.193717,-0.278192)
    (0.178252,-0.284806)
    (0.162866,-0.296583)
    (0.149579,-0.313026)
    (0.139504,-0.332984)
       (0.133,-0.355659)
     (0.130711,-0.38086)
    (0.134265,-0.407922)
    (0.145248,-0.434311)
      (0.1629,-0.456108)
    (0.183412,-0.470987)
    (0.202775,-0.480433)
    (0.220199,-0.487985)
    (0.238079,-0.495455)
    (0.258789,-0.501211)
    (0.281756,-0.502131)
    (0.303927,-0.496857)
    (0.322369,-0.486511)
     (0.33545,-0.473505)
    (0.343197,-0.460755)
     (0.34753,-0.450346)
    (0.350868,-0.442198)
    (0.354193,-0.434782)
    (0.356882,-0.426903)
    (0.357716,-0.418429)
    (0.355615,-0.410242)
    (0.350238,-0.403952)
    (0.342204,-0.401207)
    (0.332713,-0.403388)
    (0.323689,-0.411765)
    (0.318268,-0.426847)
    (0.320266,-0.447152)
    (0.332604,-0.468757)
     (0.355701,-0.48613)
    (0.386695,-0.493881)
    (0.419833,-0.488819)
    (0.448241,-0.471649)
     (0.466947,-0.44704)
    (0.475047,-0.420975)
    (0.474646,-0.397641)
    (0.468307,-0.379024)
    (0.458203,-0.366264)
    (0.446718,-0.360131)
    (0.436547,-0.360477)
     (0.43001,-0.366069)
    (0.428663,-0.375195)
    (0.433792,-0.386014)
     (0.446649,-0.39575)
    (0.466978,-0.400024)
    (0.491157,-0.394579)
    (0.513032,-0.378404)
    (0.527239,-0.354682)
     (0.531684,-0.32881)
    (0.527676,-0.305776)
    (0.518618,-0.288526)
    (0.508379,-0.277553)
    (0.500001,-0.271319)
      (0.494801,-0.2671)
    (0.491955,-0.262359)
     (0.489309,-0.25633)
    (0.485365,-0.250341)
     (0.48068,-0.246295)
    (0.477454,-0.244713)
    (0.477738,-0.243809)
    (0.481365,-0.240356)
    (0.485402,-0.232264)
    (0.486325,-0.220536)
    (0.482749,-0.208239)
       (0.475775,-0.198)
     (0.46751,-0.190697)
     (0.45959,-0.185685)
     (0.452507,-0.18178)
    (0.445861,-0.178184)
    (0.439011,-0.174774)
    (0.431498,-0.171959)
    (0.423322,-0.170486)
    (0.415162,-0.171021)
    (0.408152,-0.173602)
    (0.403286,-0.177453)
    (0.400876,-0.181257)
      (0.4003,-0.183751)
    (0.400251,-0.184432)
    (0.399577,-0.183831)
    (0.397962,-0.182916)
    (0.395749,-0.182321)
    (0.393355,-0.182147)
    (0.390866,-0.182258)
     (0.38807,-0.182785)
    (0.384974,-0.184329)
    (0.382279,-0.187561)
    (0.381331,-0.192554)
      (0.38357,-0.19826)
    (0.389499,-0.202509)
    (0.397862,-0.203105)
    (0.406246,-0.199259)
    (0.412476,-0.191746)
    (0.415276,-0.182205)
    (0.414441,-0.172571)
     (0.41085,-0.164437)
    (0.405991,-0.158442)
    (0.401201,-0.154187)
    (0.397074,-0.150638)
    (0.393294,-0.146801)
    (0.388983,-0.142316)
    (0.383352,-0.137555)
    (0.376076,-0.133228)
    (0.367212,-0.130008)
    (0.357015,-0.128483)
    (0.345947,-0.129166)
    (0.334695,-0.132357)
    (0.324006,-0.137983)
    (0.314353,-0.145616)
    (0.305677,-0.154872)
    (0.297669,-0.166011)
    (0.290622,-0.179993)
      (0.286036,-0.1977)
    (0.286424,-0.218848)
    (0.294312,-0.241137)
    (0.310411,-0.260243)
    (0.331874,-0.271811)
     (0.35326,-0.274828)
    (0.370473,-0.272497)
    (0.383318,-0.269188)
     (0.394322,-0.26723)
    (0.406121,-0.266233)
     (0.41976,-0.264339)
    (0.434579,-0.259928)
    (0.449346,-0.252539)
    (0.463313,-0.242314)
     (0.47591,-0.229114)
    (0.485958,-0.212869)
    (0.491995,-0.194467)
    (0.493284,-0.175743)
    (0.490304,-0.158651)
    (0.484452,-0.144442)
    (0.477321,-0.133335)
    (0.470028,-0.124801)
    (0.463026,-0.118173)
    (0.456447,-0.113064)
    (0.450485,-0.109228)
    (0.445306,-0.106304)
    (0.440835,-0.103954)
     (0.43694,-0.102128)
    (0.433809,-0.100909)
     (0.431908,-0.10001)
    (0.431408,-0.098585)
   (0.431676,-0.0957301)
   (0.431485,-0.0912823)
   (0.429895,-0.0860376)
   (0.426842,-0.0811048)
   (0.422932,-0.0771902)
     (0.4189,-0.0744037)
    (0.41524,-0.0724582)
   (0.412111,-0.0709834)
   (0.409485,-0.0697421)
   (0.407351,-0.0686085)
   (0.405729,-0.0674201)
   (0.404552,-0.0659661)
   (0.403656,-0.0640997)
    (0.40287,-0.0617496)
   (0.402001,-0.0588596)
    (0.40078,-0.0554424)
   (0.398924,-0.0516897)
   (0.396307,-0.0479536)
   (0.393026,-0.0445861)
    (0.38933,-0.0418024)
   (0.385489,-0.0396589)
   (0.381726,-0.0381077)
   (0.378213,-0.0370456)
   (0.375073,-0.0363266)
   (0.372368,-0.0357686)
    (0.370079,-0.035187)
   (0.368126,-0.0344182)
   (0.366361,-0.0333249)
    (0.36455,-0.0318544)
   (0.362449,-0.0301226)
   (0.359958,-0.0283756)
   (0.357156,-0.0268395)
   (0.354223,-0.0256128)
   (0.351322,-0.0246573)
    (0.348523,-0.023853)
   (0.345782,-0.0230927)
   (0.342994,-0.0223627)
   (0.340098,-0.0217363)
     (0.3371,-0.0213033)
    (0.334054,-0.021124)
   (0.331019,-0.0212307)
   (0.328061,-0.0216379)
   (0.325247,-0.0223426)
   (0.322635,-0.0233223)
   (0.320264,-0.0245545)
   (0.318175,-0.0260453)
   (0.316464,-0.0278166)
   (0.315314,-0.0298268)
    (0.31491,-0.0318847)
   (0.315315,-0.0336659)
   (0.316399,-0.0348455)
   (0.317908,-0.0351901)
   (0.319507,-0.0345656)
   (0.320785,-0.0329963)
   (0.321379,-0.0307299)
   (0.321116,-0.0281668)
   (0.320065,-0.0256965)
    (0.318447,-0.023567)
   (0.316511,-0.0218579)
   (0.314447,-0.0205349)
   (0.312363,-0.0195216)
   (0.310312,-0.0187444)
   (0.308312,-0.0181417)
   (0.306353,-0.0176679)
   (0.304411,-0.0173065)
   (0.302466,-0.0170711)
   (0.300515,-0.0169934)
    (0.298581,-0.017116)
   (0.296718,-0.0174772)
   (0.295009,-0.0180904)
   (0.293547,-0.0189347)
   (0.292422,-0.0199528)
   (0.291714,-0.0210491)
    (0.29147,-0.0220972)
   (0.291713,-0.0229435)
   (0.292417,-0.0233793)
   (0.293411,-0.0231563)
   (0.294334,-0.0221517)
   (0.294799,-0.0205279)
   (0.294643,-0.0186305)
   (0.293931,-0.0167563)
   (0.292816,-0.0150621)
   (0.291438,-0.0136057)
    (0.28991,-0.0123957)
   (0.288319,-0.0114127)
   (0.286726,-0.0106196)
  (0.285167,-0.00997085)
  (0.283653,-0.00942326)
  (0.282177,-0.00894767)
   (0.28073,-0.00853245)
  (0.279307,-0.00817538)
  (0.277914,-0.00787407)
  (0.276554,-0.00762308)
   (0.275231,-0.0074154)
  (0.273947,-0.00724434)
  (0.272701,-0.00710479)
  (0.271495,-0.00699348)
  (0.270334,-0.00690697)
  (0.269224,-0.00683765)
  (0.268172,-0.00676947)
  (0.267172,-0.00667958)
  (0.266201,-0.00655076)
   (0.26523,-0.00638486)
     (0.26424,-0.006201)
  (0.263231,-0.00602137)
   (0.26221,-0.00586047)
  (0.261191,-0.00572373)
  (0.260183,-0.00561051)
  (0.259195,-0.00551633)
  (0.258232,-0.00543341)
  (0.257294,-0.00535165)
  (0.256376,-0.00526244)
  (0.255466,-0.00516358)
  (0.254557,-0.00506012)
  (0.253646,-0.00495994)
  (0.252737,-0.00486906)
  (0.251833,-0.00479024)
   (0.25094,-0.00472342)
  (0.250061,-0.00466611)
   (0.249199,-0.0046138)
  (0.248352,-0.00456163)
  (0.247515,-0.00450748)
  (0.246686,-0.00445324)
   (0.245863,-0.0044023)
   (0.24505,-0.00435614)
  (0.244249,-0.00431306)
   (0.24346,-0.00426945)
  (0.242681,-0.00422266)
  (0.241908,-0.00417314)
  (0.241139,-0.00412387)
  (0.240374,-0.00407761)
  (0.239617,-0.00403487)
   (0.23887,-0.00399418)
  (0.238131,-0.00395363)
    (0.2374,-0.00391212)
  (0.236676,-0.00386953)
  (0.235959,-0.00382606)
  (0.235247,-0.00378136)
  (0.234541,-0.00373477)
  (0.233838,-0.00368632)
   (0.233138,-0.0036373)
   (0.232439,-0.0035895)
  (0.231743,-0.00354428)
  (0.231051,-0.00350221)
  (0.230364,-0.00346324)
  (0.229681,-0.00342705)
  (0.229005,-0.00339327)
  (0.228334,-0.00336153)
  (0.227668,-0.00333156)
  (0.227009,-0.00330314)
   (0.226355,-0.0032761)
  (0.225706,-0.00325031)
  (0.225064,-0.00322553)
  (0.224427,-0.00320137)
  (0.223796,-0.00317734)
   (0.22317,-0.00315305)
  (0.222549,-0.00312852)
  (0.221931,-0.00310407)
  (0.221317,-0.00308015)
   (0.220707,-0.0030571)
  (0.220101,-0.00303509)
  (0.219499,-0.00301417)
   (0.218901,-0.0029944)
  (0.218307,-0.00297576)
  (0.217718,-0.00295826)
  (0.217133,-0.00294181)
  (0.216552,-0.00292634)
  (0.215975,-0.00291189)
  (0.215402,-0.00289869)
  (0.214834,-0.00288709)
   (0.21427,-0.00287728)
  (0.213711,-0.00286918)
  (0.213157,-0.00286262)