(-0.571764,-0.00432098)
(-0.572629,-0.00433477)
(-0.573497,-0.00434863)
(-0.574368,-0.00436256)
(-0.575242,-0.00437656)
(-0.576119,-0.00439063)
(-0.576998,-0.00440477)
 (-0.57788,-0.00441899)
(-0.578766,-0.00443327)
(-0.579653,-0.00444763)
(-0.580544,-0.00446207)
(-0.581438,-0.00447657)
(-0.582335,-0.00449115)
(-0.583234,-0.00450581)
(-0.584137,-0.00452054)
(-0.585042,-0.00453534)
(-0.585951,-0.00455023)
(-0.586862,-0.00456519)
(-0.587777,-0.00458022)
(-0.588694,-0.00459534)
(-0.589614,-0.00461053)
(-0.590538,-0.00462581)
(-0.591464,-0.00464116)
(-0.592394,-0.00465659)
(-0.593327,-0.00467211)
 (-0.594263,-0.0046877)
(-0.595202,-0.00470338)
(-0.596144,-0.00471914)
(-0.597089,-0.00473498)
(-0.598037,-0.00475091)
(-0.598989,-0.00476692)
(-0.599944,-0.00478302)
(-0.600902,-0.00479921)
(-0.601863,-0.00481548)
(-0.602828,-0.00483183)
(-0.603796,-0.00484828)
(-0.604767,-0.00486481)
(-0.605741,-0.00488143)
(-0.606719,-0.00489814)
  (-0.6077,-0.00491495)
(-0.608685,-0.00493184)
(-0.609673,-0.00494882)
 (-0.610664,-0.0049659)
(-0.611659,-0.00498307)
(-0.612657,-0.00500034)
 (-0.613659,-0.0050177)
(-0.614664,-0.00503515)
 (-0.615672,-0.0050527)
(-0.616685,-0.00507035)
  (-0.6177,-0.00508809)
 (-0.61872,-0.00510594)
(-0.619742,-0.00512388)
(-0.620769,-0.00514192)
(-0.621799,-0.00516006)
(-0.622832,-0.00517831)
 (-0.62387,-0.00519665)
 (-0.624911,-0.0052151)
(-0.625955,-0.00523365)
(-0.627004,-0.00525231)
(-0.628056,-0.00527107)
(-0.629112,-0.00528994)
(-0.630172,-0.00530892)
  (-0.631235,-0.005328)
 (-0.632303,-0.0053472)
 (-0.633374,-0.0053665)
(-0.634449,-0.00538591)
(-0.635528,-0.00540543)
(-0.636611,-0.00542507)
(-0.637697,-0.00544482)
(-0.638788,-0.00546468)
(-0.639883,-0.00548466)
(-0.640982,-0.00550476)
(-0.642084,-0.00552497)
 (-0.643191,-0.0055453)
(-0.644302,-0.00556574)
(-0.645417,-0.00558631)
  (-0.646536,-0.005607)
 (-0.64766,-0.00562781)
(-0.648787,-0.00564874)
 (-0.649919,-0.0056698)
(-0.651054,-0.00569098)
(-0.652195,-0.00571228)
(-0.653339,-0.00573372)
(-0.654488,-0.00575528)
(-0.655641,-0.00577697)
(-0.656798,-0.00579879)
 (-0.65796,-0.00582074)
(-0.659126,-0.00584283)
(-0.660296,-0.00586504)
(-0.661471,-0.00588739)
(-0.662651,-0.00590988)
 (-0.663835,-0.0059325)
(-0.665024,-0.00595527)
(-0.666217,-0.00597817)
(-0.667414,-0.00600121)
(-0.668617,-0.00602439)
(-0.669824,-0.00604772)
(-0.671035,-0.00607118)
 (-0.672252,-0.0060948)
(-0.673473,-0.00611856)
(-0.674699,-0.00614247)
(-0.675929,-0.00616652)
(-0.677165,-0.00619073)
(-0.678405,-0.00621509)
  (-0.67965,-0.0062396)
  (-0.6809,-0.00626427)
(-0.682155,-0.00628909)
(-0.683415,-0.00631407)
(-0.684681,-0.00633921)
 (-0.685951,-0.0063645)
(-0.687226,-0.00638996)
(-0.688506,-0.00641558)
(-0.689791,-0.00644137)
(-0.691082,-0.00646732)
(-0.692378,-0.00649343)
(-0.693679,-0.00651972)
(-0.694985,-0.00654617)
 (-0.696297,-0.0065728)
 (-0.697614,-0.0065996)
(-0.698936,-0.00662658)
(-0.700264,-0.00665373)
(-0.701597,-0.00668106)
(-0.702936,-0.00670857)
 (-0.70428,-0.00673626)
 (-0.70563,-0.00676413)
(-0.706985,-0.00679219)
(-0.708346,-0.00682044)
(-0.709712,-0.00684887)
(-0.711085,-0.00687749)
(-0.712463,-0.00690631)
(-0.713847,-0.00693532)
(-0.715236,-0.00696452)
(-0.716632,-0.00699392)
(-0.718033,-0.00702352)
(-0.719441,-0.00705332)
(-0.720854,-0.00708332)
(-0.722273,-0.00711353)
(-0.723699,-0.00714394)
 (-0.72513,-0.00717457)
 (-0.726568,-0.0072054)
(-0.728012,-0.00723645)
(-0.729462,-0.00726771)
(-0.730918,-0.00729919)
(-0.732381,-0.00733088)
  (-0.73385,-0.0073628)
(-0.735325,-0.00739494)
(-0.736807,-0.00742731)
 (-0.738295,-0.0074599)
 (-0.73979,-0.00749273)
(-0.741291,-0.00752579)
  (-0.7428,-0.00755908)
(-0.744314,-0.00759261)
(-0.745836,-0.00762638)
(-0.747364,-0.00766038)
(-0.748899,-0.00769464)
(-0.750441,-0.00772914)
 (-0.75199,-0.00776389)
(-0.753546,-0.00779889)
(-0.755109,-0.00783415)
(-0.756679,-0.00786966)
(-0.758256,-0.00790543)
 (-0.75984,-0.00794146)
(-0.761431,-0.00797776)
 (-0.76303,-0.00801433)
(-0.764636,-0.00805116)
 (-0.76625,-0.00808827)
(-0.767871,-0.00812566)
(-0.769499,-0.00816332)
(-0.771135,-0.00820127)
 (-0.772779,-0.0082395)
 (-0.77443,-0.00827802)
(-0.776089,-0.00831683)
(-0.777756,-0.00835593)
 (-0.77943,-0.00839534)
(-0.781113,-0.00843504)
(-0.782803,-0.00847504)
(-0.784502,-0.00851535)
(-0.786209,-0.00855598)
(-0.787923,-0.00859691)
(-0.789646,-0.00863816)
(-0.791378,-0.00867974)
(-0.793117,-0.00872163)
(-0.794865,-0.00876386)
(-0.796622,-0.00880641)
 (-0.798387,-0.0088493)
 (-0.80016,-0.00889253)
 (-0.801942,-0.0089361)
(-0.803734,-0.00898002)
(-0.805533,-0.00902428)
 (-0.807342,-0.0090689)
 (-0.80916,-0.00911388)
(-0.810986,-0.00915922)
(-0.812822,-0.00920493)
  (-0.814667,-0.009251)
(-0.816521,-0.00929746)
(-0.818385,-0.00934428)
 (-0.820258,-0.0093915)
  (-0.82214,-0.0094391)
(-0.824032,-0.00948709)
(-0.825934,-0.00953548)
(-0.827845,-0.00958427)
(-0.829766,-0.00963347)
(-0.831697,-0.00968307)
 (-0.833638,-0.0097331)
(-0.835589,-0.00978354)
 (-0.83755,-0.00983441)
(-0.839521,-0.00988571)
(-0.841503,-0.00993744)
(-0.843495,-0.00998962)
 (-0.845497,-0.0100422)
  (-0.84751,-0.0100953)
 (-0.849534,-0.0101488)
 (-0.851568,-0.0102028)
 (-0.853614,-0.0102573)
  (-0.85567,-0.0103122)
 (-0.857737,-0.0103677)
 (-0.859815,-0.0104236)
   (-0.861905,-0.01048)
 (-0.864006,-0.0105369)
 (-0.866118,-0.0105943)
 (-0.868242,-0.0106522)
 (-0.870377,-0.0107106)
 (-0.872524,-0.0107695)
  (-0.874683,-0.010829)
  (-0.876854,-0.010889)
 (-0.879037,-0.0109496)
 (-0.881232,-0.0110107)
 (-0.883439,-0.0110724)
 (-0.885659,-0.0111346)
 (-0.887891,-0.0111974)
 (-0.890136,-0.0112608)
 (-0.892394,-0.0113248)
 (-0.894664,-0.0113894)
 (-0.896948,-0.0114545)
 (-0.899244,-0.0115203)
 (-0.901554,-0.0115867)
 (-0.903877,-0.0116538)
 (-0.906213,-0.0117215)
 (-0.908563,-0.0117898)
 (-0.910927,-0.0118587)
 (-0.913304,-0.0119284)
 (-0.915696,-0.0119987)
 (-0.918102,-0.0120697)
 (-0.920522,-0.0121413)
 (-0.922956,-0.0122137)
 (-0.925405,-0.0122868)
 (-0.927868,-0.0123606)
 (-0.930347,-0.0124351)
  (-0.93284,-0.0125104)
 (-0.935348,-0.0125864)
 (-0.937872,-0.0126632)
 (-0.940411,-0.0127408)
 (-0.942966,-0.0128191)
 (-0.945536,-0.0128983)
 (-0.948122,-0.0129782)
  (-0.950725,-0.013059)
 (-0.953343,-0.0131405)
  (-0.955978,-0.013223)
  (-0.95863,-0.0133062)
 (-0.961298,-0.0133904)
 (-0.963983,-0.0134754)
 (-0.966685,-0.0135613)
 (-0.969405,-0.0136481)
 (-0.972141,-0.0137359)
 (-0.974896,-0.0138245)
 (-0.977668,-0.0139142)
 (-0.980458,-0.0140047)
 (-0.983267,-0.0140963)
 (-0.986094,-0.0141888)
 (-0.988939,-0.0142824)
  (-0.991803,-0.014377)
 (-0.994686,-0.0144726)
 (-0.997589,-0.0145692)
   (-1.00051,-0.014667)
  (-1.00345,-0.0147658)
  (-1.00641,-0.0148657)
  (-1.00939,-0.0149667)
   (-1.0124,-0.0150689)
  (-1.01542,-0.0151723)
  (-1.01846,-0.0152768)
  (-1.02153,-0.0153825)
  (-1.02461,-0.0154894)
  (-1.02772,-0.0155976)
   (-1.03085,-0.015707)
    (-1.034,-0.0158177)
  (-1.03717,-0.0159297)
   (-1.04036,-0.016043)
  (-1.04358,-0.0161576)
  (-1.04682,-0.0162737)
  (-1.05009,-0.0163911)
  (-1.05337,-0.0165099)
  (-1.05669,-0.0166301)
  (-1.06002,-0.0167518)
   (-1.06338,-0.016875)
  (-1.06677,-0.0169997)
   (-1.07018,-0.017126)
  (-1.07361,-0.0172538)
  (-1.07707,-0.0173831)
  (-1.08056,-0.0175142)
  (-1.08407,-0.0176468)
  (-1.08761,-0.0177812)
  (-1.09118,-0.0179172)
   (-1.09477,-0.018055)
   (-1.0984,-0.0181946)
  (-1.10205,-0.0183359)
  (-1.10572,-0.0184791)
  (-1.10943,-0.0186242)
  (-1.11317,-0.0187712)
  (-1.11693,-0.0189201)
   (-1.12073,-0.019071)
  (-1.12456,-0.0192239)
  (-1.12841,-0.0193789)
    (-1.1323,-0.019536)
  (-1.13622,-0.0196952)
  (-1.14017,-0.0198566)
  (-1.14415,-0.0200202)
   (-1.14817,-0.020186)
  (-1.15222,-0.0203542)
  (-1.15631,-0.0205247)
  (-1.16042,-0.0206976)
   (-1.16458,-0.020873)
  (-1.16876,-0.0210508)
  (-1.17299,-0.0212312)
  (-1.17725,-0.0214143)
  (-1.18155,-0.0215999)
  (-1.18588,-0.0217883)
  (-1.19025,-0.0219794)
  (-1.19466,-0.0221734)
  (-1.19911,-0.0223702)
     (-1.2036,-0.02257)
  (-1.20813,-0.0227728)
   (-1.2127,-0.0229786)
  (-1.21731,-0.0231876)
  (-1.22196,-0.0233998)
  (-1.22666,-0.0236153)
   (-1.2314,-0.0238341)
  (-1.23618,-0.0240564)
  (-1.24101,-0.0242821)
  (-1.24588,-0.0245115)
   (-1.2508,-0.0247444)
  (-1.25577,-0.0249812)
  (-1.26078,-0.0252217)
  (-1.26585,-0.0254662)
  (-1.27096,-0.0257146)
  (-1.27612,-0.0259672)
   (-1.28133,-0.026224)
   (-1.28659,-0.026485)
  (-1.29191,-0.0267505)
  (-1.29728,-0.0270204)
    (-1.3027,-0.027295)
  (-1.30818,-0.0275743)
  (-1.31372,-0.0278584)
  (-1.31931,-0.0281475)
  (-1.32496,-0.0284417)
  (-1.33067,-0.0287411)
  (-1.33644,-0.0290459)
  (-1.34227,-0.0293561)
  (-1.34816,-0.0296719)
  (-1.35412,-0.0299935)
   (-1.36014,-0.030321)
  (-1.36623,-0.0306546)
  (-1.37238,-0.0309945)
   (-1.3786,-0.0313407)
   (-1.3849,-0.0316935)
   (-1.39126,-0.032053)
  (-1.39769,-0.0324195)
    (-1.4042,-0.032793)
  (-1.41079,-0.0331739)
  (-1.41745,-0.0335624)
  (-1.42419,-0.0339585)
  (-1.43101,-0.0343626)
  (-1.43791,-0.0347749)
  (-1.44489,-0.0351956)
  (-1.45196,-0.0356249)
  (-1.45911,-0.0360632)
  (-1.46635,-0.0365106)
  (-1.47368,-0.0369675)
  (-1.48111,-0.0374341)
  (-1.48862,-0.0379108)
  (-1.49624,-0.0383977)
  (-1.50395,-0.0388954)
   (-1.51176,-0.039404)
  (-1.51967,-0.0399239)
  (-1.52769,-0.0404555)
  (-1.53581,-0.0409992)
  (-1.54405,-0.0415553)
  (-1.55239,-0.0421243)
  (-1.56086,-0.0427065)
  (-1.56943,-0.0433024)
  (-1.57813,-0.0439126)
  (-1.58695,-0.0445373)
   (-1.5959,-0.0451772)
  (-1.60497,-0.0458328)
  (-1.61418,-0.0465046)
  (-1.62352,-0.0471932)
    (-1.633,-0.0478991)
   (-1.64262,-0.048623)
  (-1.65238,-0.0493656)
   (-1.6623,-0.0501274)
  (-1.67237,-0.0509094)
    (-1.6826,-0.051712)
  (-1.69298,-0.0525363)
  (-1.70354,-0.0533829)
  (-1.71426,-0.0542528)
  (-1.72516,-0.0551467)
  (-1.73624,-0.0560658)
   (-1.7475,-0.0570109)
  (-1.75895,-0.0579832)
   (-1.7706,-0.0589837)
  (-1.78245,-0.0600135)
   (-1.79451,-0.061074)
  (-1.80677,-0.0621663)
  (-1.81926,-0.0632918)
   (-1.83198,-0.064452)
  (-1.84492,-0.0656483)
  (-1.85811,-0.0668823)
  (-1.87155,-0.0681558)
  (-1.88524,-0.0694704)
   (-1.8992,-0.0708281)
  (-1.91342,-0.0722308)
  (-1.92793,-0.0736807)
  (-1.94273,-0.0751799)
  (-1.95784,-0.0767308)
   (-1.97325,-0.078336)
   (-1.98898,-0.079998)
  (-2.00505,-0.0817197)
  (-2.02146,-0.0835042)
  (-2.03824,-0.0853546)
  (-2.05538,-0.0872743)
   (-2.07291,-0.089267)
  (-2.09083,-0.0913366)
  (-2.10917,-0.0934871)
  (-2.12795,-0.0957231)
  (-2.14717,-0.0980494)
   (-2.16685,-0.100471)
   (-2.18702,-0.102993)
    (-2.2077,-0.105622)
    (-2.2289,-0.108364)
   (-2.25065,-0.111225)
   (-2.27297,-0.114213)
   (-2.29589,-0.117336)
   (-2.31944,-0.120602)
   (-2.34363,-0.124021)
   (-2.36851,-0.127602)
    (-2.3941,-0.131356)
   (-2.42044,-0.135294)
    (-2.44757,-0.13943)
   (-2.47552,-0.143777)
    (-2.50433,-0.14835)
   (-2.53406,-0.153165)
   (-2.56474,-0.158241)
   (-2.59643,-0.163596)
   (-2.62918,-0.169252)
   (-2.66305,-0.175232)
   (-2.69811,-0.181563)
   (-2.73442,-0.188272)
   (-2.77206,-0.195392)
   (-2.81111,-0.202956)
   (-2.85164,-0.211004)
   (-2.89376,-0.219578)
   (-2.93756,-0.228725)
   (-2.98316,-0.238499)
   (-3.03068,-0.248958)
   (-3.08024,-0.260171)
    (-3.13199,-0.27221)
   (-3.18608,-0.285161)
   (-3.24268,-0.299118)
    (-3.30199,-0.31419)
     (-3.36421,-0.3305)
   (-3.42956,-0.348187)
   (-3.49831,-0.367412)
    (-3.57072,-0.38836)
   (-3.64712,-0.411242)
   (-3.72783,-0.436306)
   (-3.81327,-0.463838)
   (-3.90384,-0.494171)
     (-4.00003,-0.5277)
    (-4.1024,-0.564886)
   (-4.21154,-0.606279)
   (-4.32815,-0.652533)
     (-4.453,-0.704433)
   (-4.58697,-0.762926)
   (-4.73106,-0.829162)
   (-4.88639,-0.904547)
   (-5.05425,-0.990815)
    (-5.23605,-1.09012)
    (-5.43342,-1.20514)
    (-5.64814,-1.33929)
    (-5.88215,-1.49689)
     (-6.13751,-1.6835)
    (-6.41628,-1.90633)
    (-6.72028,-2.17479)
    (-7.05067,-2.50129)
    (-7.40714,-2.90228)
    (-7.78642,-3.39954)
     (-8.1796,-4.02182)
     (-8.56742,-4.8063)
    (-8.91209,-5.79877)
      (-9.1442,-7.0496)
    (-9.14445,-8.59847)
    (-8.72739,-10.4359)
    (-7.65434,-12.4306)
    (-5.73052,-14.2473)
    (-3.01147,-15.3699)
   (0.0429762,-15.3673)
      (2.75816,-14.241)
     (4.67639,-12.4237)
     (5.74414,-10.4307)
     (6.15693,-8.59636)
     (6.15331,-7.05087)
      (5.91834,-5.8033)
     (5.57098,-4.81383)
      (5.18043,-4.0321)
     (4.78431,-3.41235)
     (4.40184,-2.91747)
     (4.04185,-2.51875)
     (3.70759,-2.19444)
     (3.39936,-1.92814)
     (3.11598,-1.70745)
     (2.85562,-1.52298)
     (2.61621,-1.36753)
     (2.39568,-1.23558)
     (2.19209,-1.12278)
     (2.00363,-1.02578)
    (1.82868,-0.941877)
     (1.6658,-0.868943)
     (1.5137,-0.805261)
    (1.37122,-0.749441)
    (1.23737,-0.700354)
     (1.11124,-0.65708)
   (0.992031,-0.618866)
   (0.879042,-0.585097)
   (0.771644,-0.555276)
   (0.669285,-0.529003)
   (0.571485,-0.505971)
   (0.477841,-0.485951)
   (0.388045,-0.468781)
   (0.301906,-0.454351)
   (0.219393,-0.442545)
   (0.140661,-0.433133)
   (0.0659833,-0.42558)
(-0.00454068,-0.418875)
 (-0.0714981,-0.411696)
  (-0.136393,-0.403145)
  (-0.201002,-0.393455)
   (-0.266403,-0.38374)
  (-0.332755,-0.375143)
  (-0.399754,-0.368355)
  (-0.467068,-0.363655)
   (-0.534508,-0.36112)
  (-0.602031,-0.360785)
  (-0.669698,-0.362725)
  (-0.737629,-0.367106)
  (-0.805966,-0.374205)
  (-0.874836,-0.384449)
  (-0.944307,-0.398446)
   (-1.01432,-0.417037)
   (-1.08455,-0.441354)
   (-1.15423,-0.472859)
    (-1.22177,-0.51332)
     (-1.2842,-0.56456)
   (-1.33649,-0.627667)
   (-1.37115,-0.701186)
   (-1.37947,-0.778098)
   (-1.35651,-0.843434)
   (-1.30922,-0.877796)
   (-1.25884,-0.869632)
   (-1.22933,-0.825265)
   (-1.23273,-0.763314)
   (-1.26719,-0.701253)
   (-1.32452,-0.648817)
   (-1.39661,-0.609167)
    (-1.4777,-0.582081)
    (-1.5643,-0.566206)
   (-1.65448,-0.560136)
   (-1.74718,-0.562806)
   (-1.84178,-0.573547)
   (-1.93767,-0.591972)
   (-2.03411,-0.617697)
    (-2.1302,-0.649885)
   (-2.22549,-0.686791)
    (-2.3211,-0.726019)
   (-2.42048,-0.766156)
   (-2.52808,-0.808652)
   (-2.64696,-0.857683)
   (-2.77786,-0.918305)
   (-2.91997,-0.995234)
    (-3.07175,-1.09298)
    (-3.23103,-1.21651)
     (-3.3942,-1.37171)
    (-3.55485,-1.56524)
     (-3.70193,-1.8032)
    (-3.81836,-2.08749)
    (-3.88296,-2.40952)
    (-3.88007,-2.74475)
    (-3.81615,-3.05945)
    (-3.72406,-3.33665)
     (-3.6355,-3.59709)
    (-3.54426,-3.88131)
      (-3.4033,-4.2055)
    (-3.16129,-4.53163)
    (-2.81577,-4.77872)
     (-2.4397,-4.88344)
    (-2.13654,-4.86248)
    (-1.96245,-4.80149)
    (-1.90326,-4.79142)
    (-1.90436,-4.89178)
    (-1.89455,-5.13164)
    (-1.78866,-5.51053)
    (-1.49199,-5.98236)
    (-0.930306,-6.4339)
   (-0.112465,-6.69504)
    (0.824525,-6.62224)
     (1.67502,-6.20262)
     (2.29045,-5.55313)
     (2.63392,-4.82644)
      (2.7479,-4.13829)
     (2.70484,-3.54922)
     (2.57458,-3.07476)
       (2.4097,-2.7025)
     (2.24145,-2.40658)
     (2.08026,-2.15985)
      (1.92192,-1.9444)
     (1.75885,-1.75531)
     (1.58873,-1.59536)
     (1.41538,-1.46778)
      (1.24563,-1.3728)
     (1.08667,-1.30732)
     (0.94442,-1.26513)
    (0.821593,-1.23744)
    (0.715602,-1.21562)
     (0.61999,-1.19584)
    (0.530263,-1.18042)
    (0.448291,-1.17286)
    (0.380003,-1.17127)
    (0.328143,-1.16678)
    (0.286682,-1.14945)
    (0.243412,-1.11662)
     (0.18821,-1.07451)
    (0.117751,-1.03303)
   (0.0347028,-1.00073)
 (-0.0549506,-0.982529)
  (-0.144564,-0.979322)
  (-0.228868,-0.988866)
    (-0.304965,-1.0075)
   (-0.371759,-1.03178)
   (-0.428819,-1.05841)
   (-0.476862,-1.08356)
   (-0.518779,-1.10401)
   (-0.558339,-1.11881)
   (-0.598287,-1.12827)
   (-0.641501,-1.13218)
   (-0.693037,-1.13167)
   (-0.757961,-1.13258)
   (-0.836524,-1.14443)
   (-0.922552,-1.17576)
    (-1.00564,-1.23031)
    (-1.07457,-1.30553)
    (-1.12136,-1.39308)
    (-1.14393,-1.48267)
    (-1.14417,-1.56613)
    (-1.12425,-1.63615)
    (-1.08933,-1.68272)
    (-1.05384,-1.69745)
    (-1.03816,-1.68463)
    (-1.05432,-1.66288)
    (-1.09778,-1.65223)
    (-1.15401,-1.66174)
    (-1.21055,-1.68805)
      (-1.26416,-1.723)
    (-1.31899,-1.76259)
    (-1.37943,-1.80962)
    (-1.44557,-1.87015)
    (-1.51293,-1.94973)
    (-1.57374,-2.05063)
     (-1.6201,-2.16982)
    (-1.64903,-2.30081)
    (-1.66311,-2.44081)
    (-1.66234,-2.59495)
     (-1.6352,-2.76903)
    (-1.56108,-2.95622)
    (-1.42431,-3.12983)
    (-1.23243,-3.25034)
     (-1.0241,-3.28952)
   (-0.850051,-3.25459)
   (-0.741149,-3.18413)
   (-0.695993,-3.12253)
   (-0.690079,-3.09981)
     (-0.690682,-3.125)
   (-0.669664,-3.18804)
   (-0.612181,-3.26812)
   (-0.516846,-3.34463)
   (-0.388736,-3.40163)
   (-0.237285,-3.42438)
  (-0.0815636,-3.40156)
   (0.0517634,-3.33642)
     (0.14344,-3.25148)
    (0.195634,-3.17704)
    (0.230934,-3.13216)
    (0.276802,-3.11373)
    (0.348076,-3.10195)
    (0.441898,-3.07608)
     (0.54596,-3.02472)
    (0.647277,-2.94486)
    (0.733859,-2.83803)
    (0.793944,-2.71096)
     (0.82044,-2.57742)
     (0.816583,-2.4527)
    (0.792813,-2.34498)
    (0.758557,-2.25469)
    (0.719122,-2.17992)
      (0.6786,-2.11963)
    (0.642258,-2.07163)
    (0.614482,-2.03001)
     (0.595171,-1.9862)
    (0.577874,-1.93285)
    (0.551656,-1.86906)
    (0.507582,-1.80238)
     (0.44421,-1.74451)
     (0.367472,-1.7052)
    (0.287558,-1.68892)
    (0.215058,-1.69363)
    (0.156809,-1.71219)
    (0.114199,-1.73664)
   (0.0857221,-1.76148)
   (0.0700035,-1.78262)
   (0.0649184,-1.79488)
   (0.0647148,-1.79331)
    (0.0606905,-1.7771)
   (0.0455033,-1.75062)
   (0.0156594,-1.72045)
  (-0.0294536,-1.69275)
  (-0.0891156,-1.67318)
   (-0.161192,-1.66781)
     (-0.24067,-1.6829)
    (-0.318476,-1.7228)
   (-0.382474,-1.78643)
   (-0.421907,-1.86487)
   (-0.433452,-1.94362)
   (-0.423619,-2.00974)
   (-0.403826,-2.05832)
   (-0.383026,-2.09152)
   (-0.365679,-2.11314)
   (-0.354611,-2.12588)
   (-0.353094,-2.13285)
   (-0.363694,-2.13938)
   (-0.385881,-2.15239)
   (-0.415233,-2.17784)
   (-0.444729,-2.21845)
   (-0.467315,-2.27269)
   (-0.478675,-2.33602)
   (-0.477828,-2.40414)
   (-0.464364,-2.47476)
    (-0.436083,-2.5452)
   (-0.391151,-2.60915)
     (-0.3329,-2.65764)
   (-0.271836,-2.68483)
   (-0.221088,-2.69399)
    (-0.18801,-2.69662)
    (-0.170736,-2.7052)
   (-0.161428,-2.72763)
   (-0.150179,-2.76629)
   (-0.127732,-2.81801)
  (-0.0888096,-2.87548)
   (-0.0333914,-2.9316)
    (0.036756,-2.98247)
    (0.121494,-3.02536)
    (0.221144,-3.05506)
     (0.33227,-3.06411)
    (0.445858,-3.04745)
    (0.551051,-3.00691)
    (0.641327,-2.95044)
      (0.71795,-2.8863)
    (0.786581,-2.81587)
     (0.84793,-2.73318)
    (0.893062,-2.63443)
    (0.910602,-2.52617)
    (0.896487,-2.42265)
    (0.856469,-2.33767)
    (0.802487,-2.27867)
    (0.746756,-2.24538)
    (0.697632,-2.23295)
    (0.660023,-2.23575)
    (0.637239,-2.24765)
    (0.630209,-2.26121)
     (0.63584,-2.26937)
    (0.648177,-2.26855)
    (0.661873,-2.25918)
    (0.674146,-2.24327)
    (0.683828,-2.22227)
    (0.690227,-2.19695)
    (0.692481,-2.16718)
      (0.68818,-2.1325)
    (0.672992,-2.09434)
    (0.642944,-2.05789)
     (0.597482,-2.0313)
      (0.5411,-2.02307)
    (0.483383,-2.03885)
    (0.436849,-2.07806)
    (0.412211,-2.13257)
    (0.413576,-2.18945)
    (0.437212,-2.23636)
    (0.474297,-2.26574)
     (0.514613,-2.2757)
    (0.549236,-2.26943)
    (0.573066,-2.25392)
     (0.586673,-2.2365)
    (0.594463,-2.22037)
    (0.599491,-2.20364)
    (0.600069,-2.18333)
    (0.591395,-2.15999)
     (0.56998,-2.13866)
    (0.536451,-2.12583)
    (0.494436,-2.12631)
    (0.448375,-2.14307)
     (0.403391,-2.1782)
    (0.366043,-2.23239)
    (0.343799,-2.30338)
    (0.342865,-2.38523)
    (0.366168,-2.46988)
    (0.413235,-2.54911)
    (0.480908,-2.61553)
    (0.563257,-2.66303)
    (0.651406,-2.68888)
    (0.736663,-2.69638)
    (0.815896,-2.69289)
    (0.892507,-2.68343)
       (0.9714,-2.6665)
     (1.05288,-2.63586)
     (1.13066,-2.58637)
     (1.19528,-2.51876)
     (1.23928,-2.43961)
     (1.25975,-2.35842)
     (1.25868,-2.28491)
       (1.2426,-2.2267)
     (1.22075,-2.18702)
     (1.20238,-2.16419)
     (1.19437,-2.15248)
     (1.19979,-2.14388)
     (1.21757,-2.13017)
     (1.24286,-2.10447)
     (1.26759,-2.06287)
     (1.28204,-2.00626)
     (1.27801,-1.94118)
     (1.25231,-1.87779)
     (1.20739,-1.82601)
      (1.1496,-1.79313)
      (1.08756,-1.7832)
      (1.03139,-1.7963)
    (0.990521,-1.82717)
    (0.969887,-1.86617)
    (0.967968,-1.90365)
     (0.97929,-1.93422)
     (0.998989,-1.9572)
     (1.02559,-1.97345)
     (1.05996,-1.98133)
      (1.10083,-1.9755)
     (1.14121,-1.95077)
     (1.16989,-1.90782)
      (1.17772,-1.8554)
     (1.16308,-1.80633)
     (1.13212,-1.77125)
      (1.09513,-1.7548)
      (1.06192,-1.7551)
     (1.03843,-1.76615)
      (1.02604,-1.7813)
     (1.02314,-1.79564)
     (1.02707,-1.80634)
     (1.03517,-1.81205)
     (1.04491,-1.81236)
      (1.05418,-1.8077)
     (1.06137,-1.79865)
      (1.06435,-1.7859)
     (1.06058,-1.77198)
     (1.04955,-1.76164)
      (1.03448,-1.7593)
     (1.02089,-1.76621)
     (1.01353,-1.77987)
     (1.01437,-1.79603)
      (1.0229,-1.81098)
     (1.03755,-1.82221)
     (1.05648,-1.82795)
     (1.07706,-1.82694)
     (1.09589,-1.81965)
     (1.11093,-1.80878)
     (1.12288,-1.79701)
     (1.13356,-1.78472)
     (1.14337,-1.77051)
     (1.15055,-1.75359)
     (1.15293,-1.73548)
     (1.15023,-1.71927)
     (1.14439,-1.70753)
     (1.13853,-1.70126)
     (1.13625,-1.69958)
       (1.14037,-1.699)
     (1.15082,-1.69421)
     (1.16349,-1.68073)
     (1.17177,-1.65778)
      (1.1697,-1.62924)
     (1.15495,-1.60206)
      (1.12997,-1.5832)
      (1.10065,-1.5765)
     (1.07324,-1.58149)
     (1.05141,-1.59503)
     (1.03628,-1.61435)
     (1.02873,-1.63814)
     (1.03102,-1.66478)
     (1.04554,-1.69011)
     (1.07184,-1.70747)
     (1.10449,-1.71072)
     (1.13435,-1.69851)
     (1.15367,-1.67618)
     (1.16069,-1.65209)
     (1.15902,-1.63223)
     (1.15349,-1.61816)
     (1.14713,-1.60882)
     (1.14117,-1.60308)
     (1.13653,-1.60038)
     (1.13444,-1.59993)
      (1.1359,-1.60017)
     (1.14128,-1.59896)
      (1.1497,-1.59353)
     (1.15816,-1.58164)
     (1.16208,-1.56352)
     (1.15795,-1.54273)
     (1.14559,-1.52431)
     (1.12799,-1.51175)
     (1.10896,-1.50546)
     (1.09067,-1.50357)
     (1.07278,-1.50436)
     (1.05414,-1.50819)
     (1.03522,-1.51681)
     (1.01831,-1.53111)
     (1.00615,-1.55023)
     (1.00093,-1.57163)
     (1.00324,-1.59101)
     (1.01002,-1.60364)
     (1.01455,-1.60828)
      (1.01091,-1.6096)
    (0.998655,-1.61515)
    (0.982425,-1.62998)
    (0.967814,-1.65469)
    (0.958333,-1.68731)
    (0.955622,-1.72606)
    (0.961286,-1.76983)
    (0.977626,-1.81701)
     (1.00692,-1.86451)
      (1.0503,-1.90757)
      (1.1064,-1.94035)
     (1.17023,-1.95788)
     (1.23451,-1.95899)
     (1.29322,-1.94689)
     (1.34401,-1.92657)
     (1.38751,-1.90187)
     (1.42528,-1.87448)
     (1.45805,-1.84459)
     (1.48531,-1.81242)
     (1.50607,-1.77937)
     (1.52039,-1.74821)
      (1.5308,-1.72151)
     (1.54117,-1.69906)
     (1.55367,-1.67795)
     (1.56745,-1.65526)
     (1.58033,-1.63009)
     (1.59071,-1.60326)
     (1.59817,-1.57608)
     (1.60315,-1.54965)
     (1.60671,-1.52444)
     (1.60998,-1.49994)
     (1.61329,-1.47492)
     (1.61605,-1.44812)
     (1.61688,-1.41879)
     (1.61397,-1.38699)
     (1.60549,-1.35386)
     (1.59034,-1.32149)
     (1.56859,-1.29232)
     (1.54116,-1.26833)
     (1.50932,-1.25116)
     (1.47483,-1.24231)
      (1.4402,-1.24276)
     (1.40831,-1.25247)
     (1.38188,-1.27044)
     (1.36335,-1.29489)
     (1.35482,-1.32302)
     (1.35713,-1.35078)
      (1.3689,-1.37388)
     (1.38657,-1.38931)
     (1.40564,-1.39654)
     (1.42232,-1.39766)
      (1.4352,-1.39652)
     (1.44605,-1.39648)
     (1.45852,-1.39792)
     (1.47474,-1.39764)
     (1.49261,-1.39186)
     (1.50717,-1.38045)
     (1.51534,-1.36802)
      (1.5194,-1.36005)
     (1.52548,-1.35793)
     (1.53858,-1.35734)
     (1.55845,-1.35136)
     (1.57951,-1.33557)
     (1.59484,-1.31107)
     (1.60062,-1.28309)
     (1.59743,-1.25731)
     (1.58865,-1.23702)
     (1.57797,-1.22258)
     (1.56752,-1.21255)
     (1.55765,-1.20551)
     (1.54802,-1.20129)
      (1.5391,-1.20051)
     (1.53241,-1.20324)
     (1.52932,-1.20836)
     (1.53034,-1.21425)
      (1.5353,-1.21943)
      (1.54365,-1.2224)
     (1.55384,-1.22182)
      (1.5636,-1.21768)
     (1.57133,-1.21142)
      (1.57676,-1.2048)
     (1.58042,-1.19916)
     (1.58315,-1.19546)
     (1.58628,-1.19445)
     (1.59182,-1.19624)
      (1.60207,-1.1994)
     (1.61814,-1.20083)
     (1.63891,-1.19696)
     (1.66106,-1.18533)
     (1.68012,-1.16596)
     (1.69239,-1.14171)
      (1.6968,-1.11717)
     (1.69547,-1.09626)
     (1.69211,-1.08022)
      (1.68948,-1.0676)
     (1.68806,-1.05628)
     (1.68694,-1.04529)
     (1.68541,-1.03504)
     (1.68379,-1.02622)
     (1.68301,-1.01889)
     (1.68379,-1.01236)
     (1.68622,-1.00565)
    (1.68981,-0.997956)
    (1.69367,-0.989093)
    (1.69729,-0.979667)
    (1.70123,-0.970256)
    (1.70646,-0.960202)
    (1.71278,-0.947826)
    (1.71843,-0.932063)
    (1.72126,-0.913461)
    (1.72002,-0.893684)
    (1.71448,-0.874646)
    (1.70522,-0.858127)
    (1.69365,-0.845506)
    (1.68171,-0.837274)
     (1.6713,-0.832743)
    (1.66335,-0.830318)
    (1.65744,-0.828471)
    (1.65232,-0.826907)
    (1.64741,-0.826751)
    (1.64383,-0.829266)
    (1.64378,-0.834249)
     (1.6489,-0.839691)
    (1.65912,-0.842921)
    (1.67295,-0.841931)
    (1.68838,-0.835866)
    (1.70364,-0.824734)
    (1.71725,-0.808874)
    (1.72771,-0.788848)
    (1.73344,-0.765929)
    (1.73352,-0.742363)
    (1.72849,-0.720719)
    (1.72025,-0.702696)
    (1.71102,-0.688415)
      (1.70214,-0.6769)
    (1.69388,-0.667228)
     (1.68626,-0.65904)
     (1.67956,-0.65217)
    (1.67419,-0.646124)
    (1.67025,-0.639972)
     (1.66702,-0.63281)
     (1.66314,-0.62451)
    (1.65749,-0.616103)
    (1.65004,-0.609314)
    (1.64212,-0.605444)
    (1.63562,-0.604484)
    (1.63185,-0.605254)
    (1.63104,-0.606243)
    (1.63261,-0.606338)
     (1.6357,-0.605164)
    (1.63976,-0.602951)
    (1.64488,-0.599996)
    (1.65149,-0.596103)
    (1.65984,-0.590467)
     (1.6695,-0.582007)
    (1.67926,-0.569901)
    (1.68746,-0.554131)
    (1.69263,-0.535687)
    (1.69411,-0.516174)
     (1.6922,-0.497143)
    (1.68781,-0.479629)
     (1.68207,-0.46398)
    (1.67594,-0.449938)
    (1.66993,-0.436889)
    (1.66405,-0.424195)
    (1.65795,-0.411487)
    (1.65121,-0.398791)
      (1.6436,-0.38635)
     (1.63504,-0.37442)
    (1.62547,-0.363364)
    (1.61508,-0.353678)
    (1.60444,-0.345699)
    (1.59422,-0.339356)
    (1.58487,-0.334252)
     (1.57657,-0.32992)
     (1.56927,-0.32599)
     (1.56285,-0.32224)
    (1.55724,-0.318556)
    (1.55246,-0.314813)
    (1.54854,-0.310764)
    (1.54532,-0.306041)
    (1.54234,-0.300409)
    (1.53908,-0.294087)
     (1.53545,-0.28759)
    (1.53184,-0.281141)
    (1.52858,-0.274437)
    (1.52549,-0.267016)
     (1.5221,-0.258728)
    (1.51799,-0.249788)
        (1.513,-0.2405)
    (1.50705,-0.231128)
    (1.50009,-0.221999)
    (1.49229,-0.213481)
    (1.48406,-0.205752)
     (1.47573,-0.19864)
    (1.46734,-0.191809)
    (1.45858,-0.185136)
    (1.44917,-0.178883)
    (1.43914,-0.173502)
    (1.42885,-0.169319)
    (1.41876,-0.166377)
    (1.40926,-0.164505)
    (1.40057,-0.163446)
    (1.39283,-0.162902)
    (1.38606,-0.162549)
    (1.38013,-0.162118)
    (1.37483,-0.161479)
    (1.37002,-0.160621)
    (1.36562,-0.159585)
    (1.36166,-0.158383)
     (1.3582,-0.156922)
     (1.35522,-0.15502)
    (1.35254,-0.152498)
    (1.34989,-0.149292)
    (1.34701,-0.145521)
    (1.34378,-0.141437)
    (1.34029,-0.137251)
    (1.33673,-0.132978)
    (1.33315,-0.128458)
    (1.32943,-0.123535)
     (1.32529,-0.11823)
    (1.32056,-0.112742)
    (1.31522,-0.107332)
    (1.30938,-0.102209)
   (1.30322,-0.0974681)
   (1.29691,-0.0930903)
   (1.29054,-0.0889932)
   (1.28409,-0.0851071)
    (1.27755,-0.081412)
   (1.27088,-0.0779333)
   (1.26409,-0.0747261)
   (1.25721,-0.0718563)
   (1.25033,-0.0693686)
   (1.24356,-0.0672526)
   (1.23699,-0.0654419)
     (1.23065,-0.06385)
   (1.22454,-0.0624032)
   (1.21864,-0.0610484)
   (1.21292,-0.0597503)
    (1.20735,-0.058489)
   (1.20192,-0.0572567)
    (1.1966,-0.0560517)
   (1.19141,-0.0548613)
   (1.18631,-0.0536582)
   (1.18126,-0.0524369)
   (1.17622,-0.0512452)
   (1.17121,-0.0501538)
    (1.16631,-0.049189)
   (1.16161,-0.0482957)
   (1.15712,-0.0473637)
    (1.1528,-0.0462952)
   (1.14853,-0.0450534)
   (1.14422,-0.0436569)
    (1.1398,-0.0421581)
   (1.13523,-0.0406361)
   (1.13052,-0.0391803)
   (1.12571,-0.0378573)
   (1.12087,-0.0366926)
   (1.11606,-0.0356772)
    (1.1113,-0.0347874)
   (1.10662,-0.0339981)
   (1.10202,-0.0332865)
     (1.0975,-0.032632)
   (1.09307,-0.0320187)
   (1.08869,-0.0314391)
   (1.08438,-0.0308924)
   (1.08012,-0.0303808)
   (1.07591,-0.0299059)
   (1.07176,-0.0294684)
   (1.06767,-0.0290701)
   (1.06363,-0.0287151)
   (1.05966,-0.0284085)
   (1.05576,-0.0281514)
   (1.05197,-0.0279351)
    (1.0483,-0.0277374)
   (1.04474,-0.0275269)
    (1.0413,-0.0272715)
   (1.03794,-0.0269475)
   (1.03464,-0.0265426)
   (1.03135,-0.0260573)
   (1.02806,-0.0255074)
   (1.02475,-0.0249181)
   (1.02141,-0.0243107)
   (1.01805,-0.0236948)
   (1.01468,-0.0230769)
    (1.01127,-0.022471)
   (1.00784,-0.0218975)
   (1.00441,-0.0213717)
   (1.00099,-0.0208943)
  (0.997604,-0.0204526)
  (0.994254,-0.0200312)
   (0.99093,-0.0196206)
  (0.987624,-0.0192204)
   (0.98433,-0.0188363)
   (0.981048,-0.018476)
   (0.977783,-0.018145)
  (0.974543,-0.0178449)
  (0.971333,-0.0175741)
  (0.968157,-0.0173289)
   (0.96502,-0.0171057)
  (0.961923,-0.0169002)
  (0.958868,-0.0167065)
  (0.955854,-0.0165173)
  (0.952877,-0.0163268)
  (0.949928,-0.0161332)
   (0.947002,-0.015939)
  (0.944098,-0.0157476)
  (0.941216,-0.0155616)
   (0.938357,-0.015382)
  (0.935521,-0.0152085)
   (0.93271,-0.0150404)
  (0.929921,-0.0148766)
  (0.927155,-0.0147172)
  (0.924411,-0.0145635)
  (0.921689,-0.0144166)
  (0.918993,-0.0142759)
  (0.916324,-0.0141391)
  (0.913681,-0.0140018)
  (0.911062,-0.0138607)
  (0.908462,-0.0137145)
  (0.905876,-0.0135652)
  (0.903302,-0.0134165)
  (0.900741,-0.0132721)
  (0.898194,-0.0131342)
  (0.895664,-0.0130033)
  (0.893152,-0.0128785)
   (0.89066,-0.0127583)
  (0.888185,-0.0126417)
  (0.885729,-0.0125282)
  (0.883289,-0.0124181)
  (0.880867,-0.0123114)
  (0.878461,-0.0122082)
  (0.876072,-0.0121085)
    (0.8737,-0.0120127)
  (0.871344,-0.0119208)
  (0.869006,-0.0118329)
  (0.866684,-0.0117486)
   (0.86438,-0.0116676)
  (0.862094,-0.0115899)
  (0.859825,-0.0115152)
   (0.857575,-0.011443)
  (0.855344,-0.0113719)
  (0.853132,-0.0113002)
  (0.850936,-0.0112262)
  (0.848756,-0.0111492)
  (0.846588,-0.0110703)
  (0.844431,-0.0109913)
  (0.842287,-0.0109139)
  (0.840155,-0.0108387)
  (0.838038,-0.0107657)
  (0.835935,-0.0106943)
  (0.833846,-0.0106236)
  (0.831772,-0.0105528)
  (0.829711,-0.0104811)
  (0.827663,-0.0104084)
  (0.825626,-0.0103349)
  (0.823601,-0.0102607)
  (0.821585,-0.0101865)
   (0.81958,-0.0101132)
  (0.817585,-0.0100416)
    (0.8156,-0.0099723)
 (0.813626,-0.00990534)
 (0.811665,-0.00984055)
 (0.809715,-0.00977758)
 (0.807777,-0.00971599)
 (0.805851,-0.00965543)
 (0.803936,-0.00959565)
 (0.802032,-0.00953659)
  (0.80014,-0.00947825)
 (0.798258,-0.00942071)
 (0.796387,-0.00936403)
 (0.794526,-0.00930826)
 (0.792676,-0.00925342)
 (0.790836,-0.00919951)
 (0.789007,-0.00914651)
 (0.787188,-0.00909435)
 (0.785379,-0.00904296)
 (0.783581,-0.00899224)
  (0.781793,-0.0089421)
 (0.780015,-0.00889246)
 (0.778247,-0.00884319)
 (0.776488,-0.00879417)
 (0.774739,-0.00874537)
    (0.773,-0.00869685)
 (0.771269,-0.00864877)
 (0.769547,-0.00860122)
 (0.767835,-0.00855426)
  (0.766131,-0.0085079)
 (0.764436,-0.00846214)
 (0.762751,-0.00841696)
 (0.761074,-0.00837235)
 (0.759405,-0.00832828)
 (0.757746,-0.00828471)
 (0.756095,-0.00824159)
 (0.754452,-0.00819891)
 (0.752818,-0.00815664)
 (0.751193,-0.00811477)
 (0.749575,-0.00807329)
  (0.747966,-0.0080322)
 (0.746365,-0.00799151)
 (0.744772,-0.00795121)
 (0.743187,-0.00791132)
   (0.74161,-0.0078718)
 (0.740041,-0.00783266)
 (0.738479,-0.00779385)
 (0.736925,-0.00775538)
 (0.735379,-0.00771723)
  (0.73384,-0.00767941)
 (0.732309,-0.00764193)
  (0.730785,-0.0076048)
 (0.729269,-0.00756802)
 (0.727759,-0.00753159)
 (0.726257,-0.00749549)
 (0.724763,-0.00745972)
 (0.723275,-0.00742428)
 (0.721794,-0.00738916)
 (0.720321,-0.00735435)
 (0.718854,-0.00731985)
 (0.717395,-0.00728565)
 (0.715942,-0.00725171)
 (0.714496,-0.00721803)
 (0.713057,-0.00718457)
 (0.711624,-0.00715132)
 (0.710198,-0.00711828)
 (0.708779,-0.00708546)
 (0.707366,-0.00705288)
 (0.705959,-0.00702056)
 (0.704559,-0.00698853)
 (0.703165,-0.00695676)
 (0.701777,-0.00692528)
 (0.700396,-0.00689405)
 (0.699021,-0.00686309)
 (0.697652,-0.00683237)
 (0.696289,-0.00680191)
 (0.694932,-0.00677168)
 (0.693581,-0.00674169)
 (0.692236,-0.00671194)
 (0.690897,-0.00668243)
 (0.689564,-0.00665314)
 (0.688237,-0.00662409)
 (0.686915,-0.00659526)
   (0.6856,-0.00656666)
  (0.68429,-0.00653826)
 (0.682985,-0.00651007)
 (0.681687,-0.00648207)
 (0.680394,-0.00645426)
 (0.679106,-0.00642662)
 (0.677824,-0.00639916)
  (0.676547,-0.0063719)
 (0.675276,-0.00634483)
  (0.67401,-0.00631796)
  (0.67275,-0.00629129)
 (0.671494,-0.00626481)
 (0.670245,-0.00623854)
    (0.669,-0.00621246)
  (0.66776,-0.00618656)
 (0.666526,-0.00616086)
 (0.665296,-0.00613534)
 (0.664072,-0.00610999)
 (0.662853,-0.00608483)
 (0.661639,-0.00605985)
  (0.66043,-0.00603504)
  (0.659225,-0.0060104)