(-0.121187,-0.000764996)
 (-0.12134,-0.000767007)
(-0.121494,-0.000769026)
(-0.121648,-0.000771054)
 (-0.121802,-0.00077309)
(-0.121957,-0.000775134)
(-0.122112,-0.000777187)
(-0.122268,-0.000779248)
(-0.122424,-0.000781318)
(-0.122581,-0.000783396)
(-0.122737,-0.000785483)
(-0.122895,-0.000787578)
(-0.123052,-0.000789683)
(-0.123211,-0.000791796)
(-0.123369,-0.000793917)
(-0.123528,-0.000796048)
(-0.123687,-0.000798187)
(-0.123847,-0.000800336)
(-0.124008,-0.000802493)
 (-0.124168,-0.00080466)
(-0.124329,-0.000806835)
 (-0.124491,-0.00080902)
(-0.124653,-0.000811214)
(-0.124815,-0.000813417)
(-0.124978,-0.000815629)
(-0.125142,-0.000817851)
(-0.125305,-0.000820083)
 (-0.12547,-0.000822323)
(-0.125634,-0.000824574)
(-0.125799,-0.000826834)
(-0.125965,-0.000829103)
(-0.126131,-0.000831383)
(-0.126298,-0.000833672)
(-0.126465,-0.000835971)
(-0.126632,-0.000838279)
  (-0.1268,-0.000840598)
(-0.126968,-0.000842927)
(-0.127137,-0.000845265)
(-0.127306,-0.000847614)
(-0.127476,-0.000849973)
(-0.127646,-0.000852343)
(-0.127817,-0.000854722)
(-0.127988,-0.000857112)
 (-0.12816,-0.000859512)
(-0.128332,-0.000861923)
(-0.128504,-0.000864345)
(-0.128678,-0.000866777)
(-0.128851,-0.000869219)
(-0.129025,-0.000871673)
  (-0.1292,-0.000874137)
(-0.129375,-0.000876612)
 (-0.12955,-0.000879098)
(-0.129726,-0.000881595)
(-0.129903,-0.000884103)
 (-0.13008,-0.000886623)
(-0.130258,-0.000889153)
(-0.130436,-0.000891695)
(-0.130614,-0.000894248)
(-0.130793,-0.000896812)
(-0.130973,-0.000899388)
(-0.131153,-0.000901976)
(-0.131334,-0.000904575)
(-0.131515,-0.000907186)
(-0.131696,-0.000909809)
(-0.131879,-0.000912443)
 (-0.132061,-0.00091509)
(-0.132245,-0.000917748)
(-0.132428,-0.000920419)
(-0.132613,-0.000923101)
(-0.132798,-0.000925796)
(-0.132983,-0.000928503)
(-0.133169,-0.000931223)
(-0.133356,-0.000933955)
(-0.133543,-0.000936699)
 (-0.13373,-0.000939456)
(-0.133918,-0.000942226)
(-0.134107,-0.000945009)
(-0.134296,-0.000947804)
(-0.134486,-0.000950613)
(-0.134676,-0.000953434)
(-0.134867,-0.000956269)
(-0.135059,-0.000959116)
(-0.135251,-0.000961977)
(-0.135444,-0.000964852)
(-0.135637,-0.000967739)
(-0.135831,-0.000970641)
(-0.136025,-0.000973556)
 (-0.13622,-0.000976484)
(-0.136416,-0.000979427)
(-0.136612,-0.000982383)
(-0.136809,-0.000985353)
(-0.137006,-0.000988338)
(-0.137204,-0.000991336)
(-0.137402,-0.000994349)
(-0.137602,-0.000997376)
 (-0.137801,-0.00100042)
 (-0.138002,-0.00100347)
 (-0.138203,-0.00100654)
 (-0.138404,-0.00100963)
 (-0.138606,-0.00101273)
 (-0.138809,-0.00101585)
 (-0.139013,-0.00101898)
 (-0.139217,-0.00102212)
 (-0.139422,-0.00102528)
 (-0.139627,-0.00102846)
 (-0.139833,-0.00103165)
  (-0.14004,-0.00103486)
 (-0.140247,-0.00103808)
 (-0.140455,-0.00104132)
 (-0.140663,-0.00104457)
 (-0.140872,-0.00104784)
 (-0.141082,-0.00105113)
 (-0.141293,-0.00105443)
 (-0.141504,-0.00105775)
 (-0.141716,-0.00106108)
 (-0.141928,-0.00106443)
  (-0.142142,-0.0010678)
 (-0.142355,-0.00107119)
  (-0.14257,-0.00107459)
 (-0.142785,-0.00107801)
 (-0.143001,-0.00108144)
  (-0.143218,-0.0010849)
 (-0.143435,-0.00108837)
 (-0.143653,-0.00109186)
 (-0.143872,-0.00109536)
 (-0.144091,-0.00109888)
 (-0.144311,-0.00110242)
 (-0.144532,-0.00110598)
 (-0.144754,-0.00110956)
 (-0.144976,-0.00111316)
 (-0.145199,-0.00111677)
  (-0.145422,-0.0011204)
 (-0.145647,-0.00112405)
 (-0.145872,-0.00112772)
 (-0.146098,-0.00113141)
 (-0.146325,-0.00113512)
 (-0.146552,-0.00113884)
  (-0.14678,-0.00114259)
 (-0.147009,-0.00114635)
 (-0.147239,-0.00115014)
 (-0.147469,-0.00115394)
   (-0.1477,-0.00115776)
 (-0.147932,-0.00116161)
 (-0.148165,-0.00116547)
 (-0.148398,-0.00116935)
 (-0.148632,-0.00117326)
 (-0.148867,-0.00117718)
 (-0.149103,-0.00118113)
   (-0.14934,-0.0011851)
 (-0.149577,-0.00118908)
 (-0.149815,-0.00119309)
 (-0.150054,-0.00119712)
 (-0.150294,-0.00120117)
 (-0.150535,-0.00120525)
 (-0.150776,-0.00120934)
 (-0.151018,-0.00121346)
  (-0.151261,-0.0012176)
 (-0.151505,-0.00122176)
  (-0.15175,-0.00122594)
 (-0.151996,-0.00123015)
 (-0.152242,-0.00123438)
 (-0.152489,-0.00123863)
  (-0.152737,-0.0012429)
  (-0.152986,-0.0012472)
 (-0.153236,-0.00125152)
 (-0.153487,-0.00125587)
 (-0.153738,-0.00126024)
 (-0.153991,-0.00126463)
 (-0.154244,-0.00126905)
 (-0.154498,-0.00127349)
 (-0.154754,-0.00127796)
  (-0.15501,-0.00128245)
 (-0.155266,-0.00128697)
 (-0.155524,-0.00129151)
 (-0.155783,-0.00129607)
 (-0.156043,-0.00130067)
 (-0.156303,-0.00130528)
 (-0.156565,-0.00130993)
  (-0.156827,-0.0013146)
  (-0.15709,-0.00131929)
 (-0.157355,-0.00132402)
  (-0.15762,-0.00132877)
 (-0.157886,-0.00133354)
 (-0.158153,-0.00133835)
 (-0.158421,-0.00134318)
  (-0.15869,-0.00134804)
  (-0.15896,-0.00135292)
 (-0.159231,-0.00135784)
 (-0.159503,-0.00136278)
 (-0.159776,-0.00136775)
  (-0.16005,-0.00137275)
 (-0.160325,-0.00137778)
 (-0.160601,-0.00138284)
 (-0.160879,-0.00138793)
 (-0.161157,-0.00139305)
 (-0.161436,-0.00139819)
 (-0.161716,-0.00140337)
 (-0.161997,-0.00140858)
 (-0.162279,-0.00141382)
 (-0.162562,-0.00141909)
 (-0.162847,-0.00142439)
 (-0.163132,-0.00142972)
 (-0.163418,-0.00143508)
 (-0.163706,-0.00144048)
 (-0.163994,-0.00144591)
 (-0.164284,-0.00145137)
 (-0.164575,-0.00145686)
 (-0.164867,-0.00146239)
  (-0.16516,-0.00146795)
 (-0.165454,-0.00147354)
 (-0.165749,-0.00147917)
 (-0.166045,-0.00148483)
 (-0.166343,-0.00149052)
 (-0.166641,-0.00149625)
 (-0.166941,-0.00150202)
 (-0.167242,-0.00150782)
 (-0.167544,-0.00151365)
 (-0.167848,-0.00151953)
 (-0.168152,-0.00152544)
 (-0.168458,-0.00153138)
 (-0.168764,-0.00153736)
 (-0.169072,-0.00154338)
 (-0.169382,-0.00154944)
 (-0.169692,-0.00155553)
 (-0.170004,-0.00156166)
 (-0.170317,-0.00156784)
 (-0.170631,-0.00157405)
 (-0.170946,-0.00158029)
 (-0.171263,-0.00158658)
 (-0.171581,-0.00159291)
   (-0.1719,-0.00159928)
  (-0.17222,-0.00160569)
 (-0.172542,-0.00161214)
 (-0.172865,-0.00161863)
 (-0.173189,-0.00162516)
 (-0.173515,-0.00163174)
 (-0.173842,-0.00163836)
  (-0.17417,-0.00164502)
   (-0.1745,-0.00165172)
 (-0.174831,-0.00165847)
 (-0.175163,-0.00166526)
  (-0.175497,-0.0016721)
 (-0.175832,-0.00167898)
  (-0.176168,-0.0016859)
 (-0.176506,-0.00169287)
 (-0.176845,-0.00169989)
 (-0.177186,-0.00170696)
 (-0.177528,-0.00171407)
 (-0.177871,-0.00172123)
 (-0.178216,-0.00172843)
 (-0.178562,-0.00173569)
  (-0.17891,-0.00174299)
 (-0.179259,-0.00175034)
  (-0.17961,-0.00175774)
 (-0.179962,-0.00176519)
  (-0.180316,-0.0017727)
 (-0.180671,-0.00178025)
 (-0.181028,-0.00178786)
 (-0.181386,-0.00179551)
 (-0.181746,-0.00180322)
 (-0.182107,-0.00181099)
   (-0.18247,-0.0018188)
 (-0.182835,-0.00182667)
  (-0.183201,-0.0018346)
 (-0.183568,-0.00184258)
 (-0.183937,-0.00185061)
  (-0.184308,-0.0018587)
 (-0.184681,-0.00186685)
 (-0.185055,-0.00187506)
 (-0.185431,-0.00188332)
 (-0.185808,-0.00189164)
 (-0.186187,-0.00190002)
 (-0.186568,-0.00190847)
  (-0.18695,-0.00191697)
 (-0.187334,-0.00192553)
  (-0.18772,-0.00193415)
 (-0.188108,-0.00194284)
 (-0.188497,-0.00195158)
 (-0.188888,-0.00196039)
 (-0.189281,-0.00196927)
 (-0.189676,-0.00197821)
 (-0.190072,-0.00198721)
  (-0.19047,-0.00199629)
 (-0.190871,-0.00200542)
 (-0.191272,-0.00201463)
  (-0.191676,-0.0020239)
 (-0.192082,-0.00203324)
 (-0.192489,-0.00204265)
 (-0.192899,-0.00205213)
  (-0.19331,-0.00206169)
 (-0.193723,-0.00207131)
 (-0.194138,-0.00208101)
 (-0.194555,-0.00209077)
 (-0.194974,-0.00210062)
 (-0.195395,-0.00211053)
 (-0.195818,-0.00212053)
  (-0.196243,-0.0021306)
  (-0.19667,-0.00214074)
 (-0.197099,-0.00215097)
  (-0.19753,-0.00216127)
 (-0.197963,-0.00217166)
 (-0.198399,-0.00218212)
 (-0.198836,-0.00219266)
 (-0.199275,-0.00220329)
   (-0.199717,-0.002214)
  (-0.200161,-0.0022248)
 (-0.200607,-0.00223568)
 (-0.201055,-0.00224664)
 (-0.201505,-0.00225769)
 (-0.201958,-0.00226883)
 (-0.202412,-0.00228006)
 (-0.202869,-0.00229138)
 (-0.203329,-0.00230279)
   (-0.20379,-0.0023143)
 (-0.204254,-0.00232589)
  (-0.20472,-0.00233758)
 (-0.205189,-0.00234937)
  (-0.20566,-0.00236125)
 (-0.206133,-0.00237322)
  (-0.206609,-0.0023853)
 (-0.207087,-0.00239748)
 (-0.207567,-0.00240975)
  (-0.20805,-0.00242213)
 (-0.208536,-0.00243462)
  (-0.209024,-0.0024472)
 (-0.209514,-0.00245989)
 (-0.210007,-0.00247269)
  (-0.210503,-0.0024856)
 (-0.211001,-0.00249862)
 (-0.211502,-0.00251174)
 (-0.212006,-0.00252498)
 (-0.212512,-0.00253834)
  (-0.213021,-0.0025518)
 (-0.213532,-0.00256539)
 (-0.214046,-0.00257909)
 (-0.214563,-0.00259291)
 (-0.215083,-0.00260685)
 (-0.215606,-0.00262091)
  (-0.216131,-0.0026351)
 (-0.216659,-0.00264941)
  (-0.21719,-0.00266385)
 (-0.217724,-0.00267841)
 (-0.218261,-0.00269311)
 (-0.218801,-0.00270794)
  (-0.219344,-0.0027229)
  (-0.21989,-0.00273799)
 (-0.220439,-0.00275322)
 (-0.220991,-0.00276859)
  (-0.221546,-0.0027841)
 (-0.222104,-0.00279975)
 (-0.222665,-0.00281555)
  (-0.22323,-0.00283149)
 (-0.223797,-0.00284758)
 (-0.224368,-0.00286381)
  (-0.224942,-0.0028802)
  (-0.22552,-0.00289674)
 (-0.226101,-0.00291344)
  (-0.226685,-0.0029303)
 (-0.227272,-0.00294731)
 (-0.227863,-0.00296449)
 (-0.228457,-0.00298183)
 (-0.229055,-0.00299933)
 (-0.229657,-0.00301701)
 (-0.230261,-0.00303485)
  (-0.23087,-0.00305287)
 (-0.231482,-0.00307106)
 (-0.232098,-0.00308943)
 (-0.232717,-0.00310798)
  (-0.23334,-0.00312672)
 (-0.233967,-0.00314563)
 (-0.234598,-0.00316474)
 (-0.235233,-0.00318404)
 (-0.235871,-0.00320353)
 (-0.236513,-0.00322321)
   (-0.23716,-0.0032431)
  (-0.23781,-0.00326319)
 (-0.238464,-0.00328348)
 (-0.239123,-0.00330398)
 (-0.239785,-0.00332468)
 (-0.240452,-0.00334561)
 (-0.241123,-0.00336675)
 (-0.241798,-0.00338811)
 (-0.242477,-0.00340969)
  (-0.243161,-0.0034315)
 (-0.243849,-0.00345353)
 (-0.244542,-0.00347581)
 (-0.245239,-0.00349831)
  (-0.24594,-0.00352106)
 (-0.246646,-0.00354406)
  (-0.247357,-0.0035673)
 (-0.248072,-0.00359079)
 (-0.248792,-0.00361454)
 (-0.249517,-0.00363854)
 (-0.250247,-0.00366281)
 (-0.250982,-0.00368735)
 (-0.251721,-0.00371216)
 (-0.252466,-0.00373724)
 (-0.253215,-0.00376261)
  (-0.25397,-0.00378826)
  (-0.254729,-0.0038142)
 (-0.255494,-0.00384043)
 (-0.256265,-0.00386696)
   (-0.25704,-0.0038938)
 (-0.257821,-0.00392094)
  (-0.258607,-0.0039484)
 (-0.259399,-0.00397618)
 (-0.260197,-0.00400428)
    (-0.261,-0.00403271)
 (-0.261809,-0.00406147)
 (-0.262624,-0.00409058)
 (-0.263444,-0.00412003)
  (-0.26427,-0.00414983)
    (-0.265103,-0.00418)
 (-0.265941,-0.00421052)
 (-0.266786,-0.00424142)
 (-0.267637,-0.00427269)
 (-0.268494,-0.00430435)
  (-0.269357,-0.0043364)
 (-0.270227,-0.00436884)
 (-0.271103,-0.00440169)
 (-0.271986,-0.00443495)
 (-0.272876,-0.00446863)
 (-0.273772,-0.00450274)
 (-0.274675,-0.00453728)
 (-0.275586,-0.00457226)
 (-0.276503,-0.00460769)
 (-0.277427,-0.00464358)
 (-0.278359,-0.00467994)
 (-0.279298,-0.00471677)
 (-0.280244,-0.00475408)
 (-0.281198,-0.00479189)
  (-0.282159,-0.0048302)
 (-0.283128,-0.00486903)
 (-0.284105,-0.00490837)
  (-0.28509,-0.00494825)
 (-0.286083,-0.00498867)
 (-0.287083,-0.00502965)
 (-0.288093,-0.00507118)
  (-0.28911,-0.00511329)
 (-0.290136,-0.00515599)
  (-0.29117,-0.00519929)
 (-0.292214,-0.00524319)
 (-0.293266,-0.00528772)
 (-0.294327,-0.00533288)
 (-0.295397,-0.00537869)
 (-0.296476,-0.00542516)
 (-0.297565,-0.00547231)
 (-0.298663,-0.00552014)
  (-0.29977,-0.00556868)
 (-0.300888,-0.00561793)
 (-0.302015,-0.00566792)
 (-0.303152,-0.00571866)
   (-0.3043,-0.00577016)
 (-0.305458,-0.00582244)
 (-0.306626,-0.00587552)
 (-0.307806,-0.00592942)
 (-0.308995,-0.00598415)
 (-0.310196,-0.00603973)
 (-0.311409,-0.00609619)
 (-0.312632,-0.00615353)
 (-0.313867,-0.00621179)
 (-0.315114,-0.00627097)
 (-0.316372,-0.00633111)
 (-0.317643,-0.00639223)
 (-0.318926,-0.00645434)
 (-0.320221,-0.00651748)
 (-0.321529,-0.00658166)
   (-0.32285,-0.0066469)
 (-0.324185,-0.00671325)
 (-0.325532,-0.00678072)
 (-0.326893,-0.00684933)
 (-0.328268,-0.00691913)
 (-0.329657,-0.00699013)
  (-0.33106,-0.00706236)
 (-0.332478,-0.00713587)
  (-0.33391,-0.00721067)
 (-0.335358,-0.00728681)
  (-0.33682,-0.00736431)
 (-0.338299,-0.00744321)
 (-0.339793,-0.00752355)
 (-0.341303,-0.00760537)
   (-0.34283,-0.0076887)
 (-0.344374,-0.00777359)
 (-0.345934,-0.00786007)
 (-0.347512,-0.00794819)
   (-0.349108,-0.008038)
 (-0.350722,-0.00812954)
 (-0.352354,-0.00822285)
   (-0.354005,-0.008318)
 (-0.355675,-0.00841502)
 (-0.357365,-0.00851398)
 (-0.359074,-0.00861493)
 (-0.360804,-0.00871792)
 (-0.362554,-0.00882302)
 (-0.364326,-0.00893028)
 (-0.366119,-0.00903978)
 (-0.367934,-0.00915158)
 (-0.369772,-0.00926574)
 (-0.371633,-0.00938235)
 (-0.373517,-0.00950147)
 (-0.375425,-0.00962319)
 (-0.377357,-0.00974758)
 (-0.379315,-0.00987474)
  (-0.381298,-0.0100047)
  (-0.383307,-0.0101377)
  (-0.385343,-0.0102737)
  (-0.387406,-0.0104128)
  (-0.389498,-0.0105551)
  (-0.391617,-0.0107008)
    (-0.393767,-0.01085)
  (-0.395946,-0.0110027)
  (-0.398156,-0.0111592)
  (-0.400397,-0.0113195)
   (-0.40267,-0.0114837)
  (-0.404977,-0.0116521)
  (-0.407317,-0.0118247)
  (-0.409692,-0.0120018)
  (-0.412103,-0.0121834)
   (-0.41455,-0.0123698)
  (-0.417035,-0.0125611)
  (-0.419558,-0.0127575)
   (-0.42212,-0.0129593)
  (-0.424723,-0.0131665)
  (-0.427368,-0.0133796)
  (-0.430056,-0.0135985)
  (-0.432787,-0.0138237)
  (-0.435564,-0.0140554)
  (-0.438387,-0.0142938)
  (-0.441258,-0.0145392)
   (-0.444179,-0.014792)
   (-0.44715,-0.0150524)
  (-0.450174,-0.0153207)
  (-0.453251,-0.0155974)
  (-0.456384,-0.0158828)
  (-0.459574,-0.0161773)
  (-0.462824,-0.0164813)
  (-0.466134,-0.0167952)
  (-0.469508,-0.0171196)
  (-0.472946,-0.0174549)
  (-0.476452,-0.0178017)
  (-0.480027,-0.0181606)
   (-0.483674,-0.018532)
  (-0.487396,-0.0189168)
  (-0.491195,-0.0193156)
  (-0.495074,-0.0197291)
  (-0.499036,-0.0201581)
  (-0.503084,-0.0206035)
   (-0.50722,-0.0210661)
    (-0.51145,-0.021547)
  (-0.515776,-0.0220472)
  (-0.520202,-0.0225678)
  (-0.524732,-0.0231101)
   (-0.52937,-0.0236753)
  (-0.534121,-0.0242649)
  (-0.538991,-0.0248804)
  (-0.543983,-0.0255235)
   (-0.549103,-0.026196)
  (-0.554357,-0.0268998)
  (-0.559752,-0.0276372)
  (-0.565294,-0.0284103)
   (-0.57099,-0.0292219)
  (-0.576847,-0.0300746)
  (-0.582873,-0.0309716)
  (-0.589077,-0.0319163)
  (-0.595469,-0.0329123)
  (-0.602058,-0.0339638)
  (-0.608856,-0.0350754)
  (-0.615872,-0.0362521)
  (-0.623121,-0.0374995)
   (-0.630616,-0.038824)
  (-0.638371,-0.0402326)
  (-0.646402,-0.0417332)
  (-0.654727,-0.0433347)
  (-0.663365,-0.0450473)
  (-0.672336,-0.0468824)
   (-0.681663,-0.048853)
   (-0.691371,-0.050974)
  (-0.701488,-0.0532625)
  (-0.712044,-0.0557384)
  (-0.723072,-0.0584245)
   (-0.73461,-0.0613474)
  (-0.746699,-0.0645385)
  (-0.759384,-0.0680344)
  (-0.772718,-0.0718788)
  (-0.786757,-0.0761235)
  (-0.801565,-0.0808309)
  (-0.817215,-0.0860763)
  (-0.833787,-0.0919515)
   (-0.851372,-0.098569)
    (-0.87007,-0.106068)
   (-0.889994,-0.114623)
   (-0.911266,-0.124452)
   (-0.934019,-0.135835)
     (-0.95839,-0.14913)
   (-0.984514,-0.164799)
      (-1.0125,-0.18345)
    (-1.04242,-0.205879)
    (-1.07421,-0.233142)
      (-1.1076,-0.26663)
    (-1.14189,-0.308158)
    (-1.17561,-0.360023)
    (-1.20597,-0.424915)
    (-1.22796,-0.505437)
    (-1.23333,-0.602697)
    (-1.21032,-0.713253)
     (-1.1464,-0.824497)
     (-1.03696,-0.91223)
   (-0.896905,-0.948709)
   (-0.760067,-0.922003)
   (-0.659094,-0.846685)
    (-0.60667,-0.751175)
   (-0.596947,-0.658919)
     (-0.6173,-0.581722)
   (-0.656414,-0.522733)
   (-0.706597,-0.481001)
    (-0.76333,-0.454365)
   (-0.824244,-0.440762)
    (-0.888279,-0.43869)
    (-0.95513,-0.447321)
    (-1.02491,-0.466502)
    (-1.09791,-0.496759)
    (-1.17451,-0.539343)
     (-1.2549,-0.596332)
    (-1.33897,-0.670805)
    (-1.42585,-0.767083)
    (-1.51331,-0.891013)
      (-1.5966,-1.05018)
     (-1.66657,-1.25369)
      (-1.70671,-1.5108)
     (-1.68954,-1.82652)
      (-1.57471,-2.1918)
     (-1.31641,-2.56757)
    (-0.890857,-2.87323)
    (-0.338265,-3.00777)
     (0.228473,-2.91534)
     (0.687365,-2.63386)
     (0.981452,-2.26111)
       (1.12456,-1.8853)
      (1.16099,-1.55369)
      (1.13339,-1.28006)
      (1.07198,-1.06116)
    (0.995314,-0.888029)
    (0.913859,-0.751171)
    (0.833175,-0.642454)
     (0.755995,-0.55544)
    (0.683493,-0.485204)
    (0.616009,-0.428034)
    (0.553455,-0.381139)
    (0.495539,-0.342423)
    (0.441899,-0.310302)
    (0.392168,-0.283573)
     (0.34602,-0.261303)
    (0.303192,-0.242732)
    (0.263456,-0.227184)
    (0.226543,-0.214014)
    (0.192054,-0.202676)
    (0.159502,-0.192875)
     (0.12852,-0.184611)
   (0.0990453,-0.178006)
   (0.0713042,-0.173064)
   (0.0456735,-0.169484)
   (0.0224232,-0.166554)
  (0.00132396,-0.163252)
  (-0.0185817,-0.158782)
  (-0.0385709,-0.153161)
   (-0.0594806,-0.14714)
  (-0.0814436,-0.141573)
   (-0.104193,-0.136989)
   (-0.127413,-0.133587)
   (-0.150885,-0.131386)
   (-0.174506,-0.130345)
    (-0.19826,-0.130435)
   (-0.222178,-0.131659)
   (-0.246324,-0.134073)
   (-0.270771,-0.137791)
   (-0.295587,-0.142994)
   (-0.320814,-0.149949)
   (-0.346441,-0.159027)
   (-0.372345,-0.170722)
    (-0.398202,-0.18567)
   (-0.423337,-0.204612)
   (-0.446502,-0.228268)
   (-0.465634,-0.256942)
    (-0.47786,-0.289724)
    (-0.48036,-0.323399)
   (-0.472684,-0.352193)
   (-0.459242,-0.370345)
   (-0.448167,-0.376833)
   (-0.445873,-0.376919)
   (-0.453116,-0.378247)
    (-0.46586,-0.386343)
    (-0.47807,-0.402821)
   (-0.484161,-0.425208)
   (-0.481594,-0.447703)
   (-0.473115,-0.464268)
   (-0.465297,-0.473475)
   (-0.462828,-0.479902)
    (-0.46448,-0.489755)
   (-0.464506,-0.505667)
   (-0.456915,-0.524838)
     (-0.4393,-0.540579)
   (-0.414486,-0.545796)
    (-0.389517,-0.53657)
   (-0.372403,-0.514203)
   (-0.368342,-0.484067)
   (-0.378634,-0.452288)
   (-0.402112,-0.423779)
   (-0.436434,-0.401963)
   (-0.478873,-0.388817)
    (-0.52701,-0.385177)
   (-0.579076,-0.391349)
   (-0.633856,-0.407674)
   (-0.690366,-0.434879)
    (-0.747415,-0.47424)
    (-0.803056,-0.52753)
   (-0.853923,-0.596641)
   (-0.894613,-0.682542)
   (-0.917848,-0.783311)
   (-0.916803,-0.891912)
   (-0.890103,-0.996693)
    (-0.845149,-1.08762)
    (-0.793341,-1.16346)
    (-0.741423,-1.23055)
    (-0.689099,-1.29617)
    (-0.631128,-1.36465)
     (-0.559514,-1.4346)
     (-0.46921,-1.49662)
    (-0.366166,-1.53861)
    (-0.265921,-1.55874)
    (-0.178913,-1.57036)
   (-0.0991551,-1.59061)
   (-0.00716708,-1.6259)
     (0.118518,-1.66399)
     (0.285417,-1.67548)
      (0.475133,-1.6301)
     (0.651071,-1.51871)
     (0.781245,-1.35853)
     (0.853238,-1.17927)
     (0.873035,-1.00697)
    (0.855526,-0.856441)
    (0.815935,-0.732115)
    (0.765775,-0.632098)
    (0.712123,-0.551852)
      (0.65835,-0.48665)
    (0.605505,-0.432945)
     (0.55379,-0.388597)
    (0.503398,-0.352342)
     (0.45466,-0.323251)
    (0.407954,-0.300519)
    (0.363675,-0.283406)
    (0.322271,-0.271173)
    (0.284254,-0.262911)
    (0.249993,-0.257311)
    (0.219204,-0.252678)
    (0.190509,-0.247589)
     (0.16188,-0.241853)
    (0.131821,-0.236603)
   (0.0999841,-0.233395)
   (0.0668295,-0.233439)
    (0.033107,-0.237503)
(-0.000336949,-0.246113)
  (-0.0324745,-0.259659)
  (-0.0619527,-0.278276)
  (-0.0871217,-0.301526)
   (-0.106379,-0.328095)
    (-0.118725,-0.35578)
   (-0.124312,-0.381785)
   (-0.124987,-0.403382)
   (-0.124343,-0.419347)
   (-0.126071,-0.431287)
     (-0.131596,-0.4427)
   (-0.139922,-0.456468)
   (-0.149505,-0.474036)
   (-0.158951,-0.496641)
    (-0.165814,-0.52556)
   (-0.166397,-0.560334)
   (-0.158107,-0.597984)
   (-0.141201,-0.635565)
   (-0.116289,-0.672933)
   (-0.080381,-0.710606)
  (-0.0276897,-0.744328)
   (0.0439527,-0.762774)
    (0.126317,-0.752844)
    (0.202006,-0.710132)
    (0.255185,-0.643323)
    (0.280078,-0.567377)
    (0.279999,-0.494847)
      (0.2621,-0.432606)
    (0.233397,-0.382762)
     (0.19919,-0.344695)
    (0.162948,-0.316622)
    (0.126653,-0.296423)
   (0.0910992,-0.282109)
   (0.0562095,-0.272167)
   (0.0214407,-0.265761)
  (-0.0138342,-0.262733)
  (-0.0499997,-0.263465)
  (-0.0869879,-0.268594)
   (-0.124307,-0.278691)
   (-0.161205,-0.294088)
   (-0.196826,-0.314806)
    (-0.230361,-0.34051)
   (-0.261307,-0.370429)
    (-0.29005,-0.403555)
   (-0.318242,-0.439671)
   (-0.347938,-0.480654)
   (-0.379793,-0.530644)
   (-0.411694,-0.595008)
   (-0.438004,-0.679062)
    (-0.44878,-0.786424)
   (-0.429304,-0.915915)
    (-0.362116,-1.05641)
    (-0.235236,-1.18223)
   (-0.0565081,-1.25772)
     (0.139721,-1.25779)
     (0.310176,-1.18796)
     (0.429713,-1.07822)
     (0.49809,-0.959906)
    (0.528592,-0.852254)
    (0.536875,-0.762142)
     (0.53525,-0.687766)
    (0.529757,-0.622996)
      (0.520101,-0.5626)
    (0.503412,-0.505746)
    (0.478563,-0.454957)
      (0.4471,-0.412906)
    (0.411683,-0.380867)
    (0.374863,-0.359068)
    (0.338987,-0.347331)
    (0.306528,-0.345176)
    (0.280275,-0.351452)
     (0.263058,-0.36374)
    (0.256792,-0.378025)
    (0.261297,-0.389298)
    (0.273842,-0.392972)
    (0.289564,-0.386235)
    (0.302584,-0.369329)
    (0.308381,-0.345905)
    (0.305811,-0.320986)
     (0.296501,-0.29831)
    (0.282803,-0.279594)
    (0.266673,-0.265455)
    (0.249881,-0.256161)
    (0.234375,-0.251483)
    (0.222072,-0.250298)
    (0.214284,-0.250461)
    (0.210955,-0.249145)
    (0.210201,-0.243924)
    (0.208954,-0.234103)
    (0.204546,-0.221087)
    (0.195985,-0.207406)
    (0.184037,-0.195212)
    (0.170248,-0.185375)
      (0.155838,-0.1776)
    (0.141153,-0.171201)
    (0.125882,-0.165859)
    (0.109649,-0.161852)
   (0.0924024,-0.159831)
   (0.0745275,-0.160545)
   (0.0568314,-0.164637)
   (0.0405224,-0.172503)
   (0.0272296,-0.184089)
   (0.0189197,-0.198487)
   (0.0173467,-0.213426)
    (0.0228586,-0.22528)
   (0.0333008,-0.230337)
   (0.0443875,-0.226835)
   (0.0517218,-0.215987)
   (0.0527544,-0.201042)
     (0.04724,-0.185497)
   (0.0365074,-0.171884)
    (0.0224632,-0.16142)
  (0.00686791,-0.154229)
 (-0.00904273,-0.149724)
  (-0.0247437,-0.147009)
  (-0.0404164,-0.145356)
  (-0.0566022,-0.144617)
  (-0.0736612,-0.145234)
  (-0.0914606,-0.147886)
   (-0.109402,-0.153133)
   (-0.126557,-0.161227)
   (-0.141797,-0.171958)
   (-0.154018,-0.184491)
   (-0.162528,-0.197322)
   (-0.167517,-0.208491)
     (-0.170418,-0.2162)
   (-0.173692,-0.219769)
   (-0.179773,-0.220148)
   (-0.190045,-0.219381)
    (-0.204672,-0.21972)
   (-0.222837,-0.223122)
      (-0.243,-0.230921)
   (-0.263256,-0.243588)
   (-0.281802,-0.260654)
   (-0.297456,-0.280932)
   (-0.309883,-0.303096)
   (-0.319334,-0.326132)
   (-0.326421,-0.349445)
   (-0.331897,-0.373247)
    (-0.335542,-0.39862)
    (-0.33538,-0.425867)
   (-0.329368,-0.452648)
   (-0.318444,-0.474911)
   (-0.307167,-0.490755)
   (-0.300056,-0.502983)
   (-0.297614,-0.516965)
   (-0.296078,-0.536679)
   (-0.289495,-0.562371)
   (-0.272444,-0.589459)
   (-0.244076,-0.609215)
   (-0.211188,-0.613755)
   (-0.185067,-0.602593)
   (-0.173861,-0.583132)
   (-0.178907,-0.565058)
   (-0.196615,-0.555904)
   (-0.221098,-0.560021)
   (-0.245668,-0.578542)
    (-0.26429,-0.609256)
    (-0.273668,-0.64733)
   (-0.274706,-0.688106)
   (-0.270765,-0.730788)
   (-0.262931,-0.779053)
   (-0.246681,-0.837266)
    (-0.21262,-0.905435)
   (-0.150536,-0.975891)
   (-0.0552278,-1.03302)
    (0.0673248,-1.05733)
      (0.19775,-1.03529)
      (0.3116,-0.968866)
    (0.392171,-0.873384)
    (0.435022,-0.767685)
    (0.444963,-0.666966)
    (0.431247,-0.580013)
    (0.403282,-0.509569)
    (0.368154,-0.454507)
    (0.330059,-0.412226)
     (0.290988,-0.38034)
    (0.251886,-0.357379)
    (0.213633,-0.342616)
    (0.177453,-0.335477)
    (0.144792,-0.335025)
    (0.116958,-0.339695)
   (0.0945758,-0.347292)
   (0.0770109,-0.355551)
   (0.0625478,-0.363205)
   (0.0494986,-0.370444)
   (0.0370851,-0.378302)
    (0.025525,-0.387864)
   (0.0157131,-0.399819)
  (0.00894784,-0.414395)
  (0.00702302,-0.431268)
   (0.0122407,-0.448881)
   (0.0264417,-0.463454)
   (0.0485858,-0.469089)
   (0.0727218,-0.460946)
   (0.0902823,-0.439655)
   (0.0955602,-0.411356)
   (0.0881603,-0.383296)
   (0.0711002,-0.360393)
   (0.0482012,-0.344877)
   (0.0229035,-0.337262)
 (-0.00185064,-0.337092)
  (-0.0234511,-0.343125)
  (-0.0397239,-0.353095)
  (-0.0496692,-0.363553)
  (-0.0545439,-0.370638)
  (-0.0579892,-0.371996)
  (-0.0642155,-0.368274)
  (-0.0756103,-0.362386)
  (-0.0921354,-0.357258)
   (-0.112704,-0.354401)
   (-0.136711,-0.354364)
   (-0.164133,-0.357982)
   (-0.194628,-0.366729)
    (-0.22702,-0.382221)
   (-0.259252,-0.405701)
   (-0.288513,-0.437472)
   (-0.311899,-0.476262)
   (-0.327818,-0.519298)
   (-0.337045,-0.564061)
   (-0.341282,-0.610673)
   (-0.339566,-0.661568)
   (-0.326583,-0.717295)
   (-0.296045,-0.772134)
   (-0.247449,-0.814607)
   (-0.189944,-0.834614)
   (-0.137771,-0.831198)
   (-0.101481,-0.812568)
  (-0.0838912,-0.789937)
  (-0.0816774,-0.772349)
   (-0.088639,-0.764676)
  (-0.0985489,-0.767918)
   (-0.106567,-0.780819)
   (-0.108791,-0.801143)
   (-0.101592,-0.824852)
  (-0.0837782,-0.844688)
   (-0.0605188,-0.85267)
  (-0.0429492,-0.846632)
  (-0.0412936,-0.833732)
  (-0.0581753,-0.826504)
  (-0.0878866,-0.836161)
    (-0.119631,-0.86861)
   (-0.141001,-0.923141)
    (-0.14157,-0.992022)
    (-0.117701,-1.06233)
   (-0.0754294,-1.12255)
    (-0.0258594,-1.1701)
    (0.0240609,-1.21125)
    (0.0760394,-1.25409)
     (0.138265,-1.30202)
     (0.220747,-1.35073)
       (0.3299,-1.38781)
     (0.462318,-1.39618)
       (0.602851,-1.363)
     (0.730975,-1.28676)
      (0.82866,-1.17727)
     (0.886241,-1.05233)
    (0.905811,-0.930635)
     (0.89786,-0.823986)
    (0.873827,-0.735388)
    (0.841147,-0.662784)
      (0.803166,-0.6038)
    (0.762016,-0.557635)
    (0.720572,-0.523761)
    (0.681857,-0.500257)
    (0.647284,-0.483923)
    (0.615927,-0.472249)
     (0.58623,-0.465227)
    (0.558629,-0.464578)
    (0.536181,-0.471079)
     (0.52286,-0.482517)
    (0.520767,-0.493457)
    (0.527545,-0.497431)
    (0.536489,-0.491219)
    (0.540897,-0.477484)
    (0.538727,-0.462153)
     (0.532607,-0.44943)
    (0.526207,-0.439593)
    (0.521127,-0.430462)
     (0.516408,-0.42009)
    (0.510015,-0.408433)
    (0.500831,-0.397263)
    (0.489735,-0.388489)
    (0.478594,-0.382372)
    (0.468251,-0.377779)
    (0.458183,-0.374059)
     (0.44807,-0.371711)
    (0.438517,-0.371167)
    (0.430156,-0.372167)
     (0.42319,-0.374493)
    (0.418143,-0.378279)
    (0.416242,-0.383169)
    (0.418665,-0.387633)
     (0.42563,-0.389154)
    (0.435647,-0.384818)
    (0.445013,-0.372769)
     (0.449115,-0.35416)
    (0.445268,-0.332941)
    (0.433885,-0.313306)
    (0.417146,-0.297762)
    (0.397299,-0.287136)
    (0.375961,-0.281474)
      (0.354302,-0.2808)
    (0.333688,-0.285308)
    (0.316164,-0.294752)
      (0.304066,-0.3075)
     (0.29866,-0.320129)
     (0.298507,-0.32856)
    (0.299447,-0.330657)
    (0.297193,-0.327821)
    (0.289997,-0.323471)
    (0.278614,-0.320349)
    (0.264452,-0.319511)
    (0.248301,-0.321126)
    (0.230422,-0.325417)
    (0.210998,-0.332809)
    (0.190141,-0.343848)
     (0.16791,-0.359513)
    (0.144902,-0.381466)
    (0.122971,-0.411548)
    (0.105323,-0.450817)
   (0.0959821,-0.498756)
    (0.0989677,-0.55286)
     (0.117265,-0.60845)
    (0.151226,-0.659099)
     (0.197159,-0.69889)
    (0.248828,-0.725808)
    (0.301729,-0.742056)
      (0.355256,-0.7504)
    (0.410711,-0.750931)
     (0.46802,-0.741078)
    (0.524019,-0.717976)
     (0.573124,-0.68115)
    (0.609752,-0.633777)
    (0.630764,-0.581815)
    (0.636571,-0.531924)
    (0.630781,-0.489289)
    (0.618529,-0.456138)
     (0.604313,-0.43191)
    (0.590964,-0.414834)
    (0.580319,-0.403081)
     (0.573849,-0.39439)
    (0.571952,-0.385656)
      (0.573099,-0.3738)
     (0.574055,-0.35716)
    (0.571085,-0.336487)
    (0.561834,-0.314808)
     (0.54647,-0.295692)
    (0.526974,-0.281465)
    (0.505681,-0.272824)
    (0.484384,-0.269424)
    (0.464228,-0.270619)
    (0.446063,-0.275749)
    (0.430578,-0.283926)
     (0.417862,-0.29399)
    (0.407143,-0.305244)
    (0.397512,-0.318223)
     (0.38911,-0.334471)
     (0.383801,-0.35554)
    (0.385229,-0.381599)
    (0.397753,-0.409731)
    (0.423512,-0.433164)
    (0.458872,-0.443817)
     (0.49455,-0.438028)
    (0.521382,-0.419855)
    (0.536119,-0.397666)
     (0.541411,-0.37823)
    (0.541973,-0.364254)
    (0.541687,-0.355533)
    (0.543102,-0.350751)
    (0.548012,-0.348085)
    (0.557452,-0.344907)
    (0.570814,-0.337959)
    (0.585301,-0.324769)
     (0.597066,-0.30524)
    (0.603215,-0.281502)
      (0.6026,-0.256531)
    (0.595591,-0.233179)
    (0.583698,-0.213591)
     (0.568994,-0.19885)
     (0.55351,-0.189019)
     (0.538868,-0.18345)
     (0.52617,-0.181068)
    (0.515916,-0.180563)
    (0.507877,-0.180725)
    (0.501351,-0.180982)
    (0.495947,-0.181448)
    (0.491928,-0.182101)
     (0.48949,-0.182207)
     (0.487948,-0.18089)
    (0.486059,-0.178127)
    (0.483024,-0.174808)
     (0.47893,-0.172015)
    (0.474552,-0.170412)
    (0.470902,-0.169902)
    (0.468615,-0.169643)
    (0.467477,-0.168555)
    (0.466494,-0.166084)
     (0.46465,-0.162658)
    (0.461735,-0.159206)
    (0.458246,-0.156213)
     (0.45453,-0.153509)
     (0.45041,-0.150937)
    (0.445666,-0.148794)
    (0.440479,-0.147509)
     (0.435278,-0.14723)
      (0.4304,-0.147824)
    (0.425975,-0.149087)
    (0.421988,-0.150907)
    (0.418406,-0.153357)
    (0.415415,-0.156688)
       (0.413632,-0.161)
    (0.413818,-0.165746)
    (0.416115,-0.169799)
    (0.419792,-0.172329)
    (0.424041,-0.173339)
    (0.428632,-0.173079)
    (0.433555,-0.171407)
     (0.438444,-0.16795)
     (0.442542,-0.16263)
    (0.445149,-0.155882)
    (0.445953,-0.148356)
    (0.444886,-0.140621)
    (0.441969,-0.133233)
    (0.437429,-0.126807)
    (0.431829,-0.121828)
    (0.425938,-0.118353)
     (0.42033,-0.115911)
    (0.414963,-0.113815)
    (0.409212,-0.111806)
    (0.402519,-0.110363)
    (0.394929,-0.110282)
    (0.386991,-0.112124)
    (0.379387,-0.116085)
    (0.372754,-0.122167)
    (0.367779,-0.130279)
    (0.365311,-0.140139)
    (0.366355,-0.151001)
    (0.371708,-0.161287)
    (0.381052,-0.168672)
     (0.392337,-0.17129)
    (0.402686,-0.169118)
    (0.410069,-0.163895)
    (0.414067,-0.157883)
    (0.415519,-0.152761)
    (0.415706,-0.149247)
    (0.415776,-0.147313)
    (0.416543,-0.146458)
    (0.418315,-0.145959)
    (0.420922,-0.145307)
    (0.424215,-0.144435)
    (0.428474,-0.143261)
     (0.43404,-0.141113)
    (0.440571,-0.136897)
     (0.446838,-0.12988)
    (0.451257,-0.120317)
    (0.452713,-0.109442)
   (0.451085,-0.0988573)
   (0.447138,-0.0897861)
   (0.441994,-0.0827204)
   (0.436637,-0.0775088)
   (0.431656,-0.0736474)
      (0.42723,-0.07061)
   (0.423322,-0.0680428)
   (0.419875,-0.0657033)
   (0.416765,-0.0633413)
   (0.413689,-0.0607993)
   (0.410282,-0.0582111)
   (0.406401,-0.0559705)
   (0.402241,-0.0544772)
     (0.398228,-0.05392)
   (0.394849,-0.0541946)
   (0.392469,-0.0549158)
   (0.391169,-0.0555283)
   (0.390676,-0.0555424)
    (0.39051,-0.0547749)
   (0.390298,-0.0533722)
   (0.389944,-0.0515466)
   (0.389463,-0.0493325)
   (0.388722,-0.0466732)
   (0.387474,-0.0436679)
    (0.385581,-0.040611)
   (0.383134,-0.0378087)
   (0.380353,-0.0354227)
   (0.377456,-0.0334605)
   (0.374583,-0.0318466)
   (0.371798,-0.0304919)
   (0.369121,-0.0293311)
   (0.366571,-0.0283187)
   (0.364169,-0.0273964)
   (0.361901,-0.0264882)
   (0.359708,-0.0255384)
   (0.357512,-0.0245435)
   (0.355262,-0.0235437)
   (0.352942,-0.0225948)
   (0.350573,-0.0217401)
   (0.348186,-0.0209974)
   (0.345803,-0.0203725)
   (0.343448,-0.0198733)
   (0.341162,-0.0194983)
   (0.338987,-0.0192151)
   (0.336939,-0.0189569)
   (0.334972,-0.0186572)
      (0.333,-0.0183043)
   (0.330951,-0.0179623)
    (0.328831,-0.017728)
   (0.326711,-0.0176657)
   (0.324687,-0.0177729)
   (0.322828,-0.0179827)
    (0.321136,-0.018202)
   (0.319548,-0.0183721)
   (0.317992,-0.0184978)
   (0.316425,-0.0186212)
   (0.314829,-0.0188023)
   (0.313223,-0.0191195)
   (0.311689,-0.0196464)
    (0.310369,-0.020402)
   (0.309423,-0.0213068)
   (0.308961,-0.0221789)
   (0.308984,-0.0227682)
   (0.309335,-0.0228255)
    (0.309704,-0.022222)
    (0.30975,-0.0210515)
   (0.309274,-0.0195888)
   (0.308286,-0.0181286)
   (0.306926,-0.0168586)
   (0.305361,-0.0158409)
    (0.30371,-0.0150572)
   (0.302042,-0.0144612)
   (0.300383,-0.0140133)
   (0.298742,-0.0136896)
   (0.297124,-0.0134784)
   (0.295533,-0.0133801)
   (0.293986,-0.0134011)
   (0.292507,-0.0135398)
   (0.291118,-0.0137854)
   (0.289834,-0.0141327)
   (0.288681,-0.0145874)
   (0.287714,-0.0151489)
   (0.287012,-0.0157825)
    (0.286663,-0.016386)
    (0.28669,-0.0167741)
    (0.28698,-0.0167348)
    (0.287272,-0.016161)
   (0.287287,-0.0151482)
   (0.286892,-0.0139335)
   (0.286125,-0.0127387)
    (0.285111,-0.011678)
   (0.283964,-0.0107695)
  (0.282748,-0.00998893)
  (0.281492,-0.00931221)
   (0.280212,-0.0087266)
   (0.27892,-0.00822525)
  (0.277632,-0.00780114)
   (0.276359,-0.0074439)
   (0.27511,-0.00714043)
  (0.273884,-0.00687908)
  (0.272681,-0.00665314)
     (0.2715,-0.0064599)
  (0.270342,-0.00629724)
   (0.26921,-0.00616141)
  (0.268107,-0.00604724)
  (0.267031,-0.00594953)
  (0.265981,-0.00586486)
  (0.264956,-0.00579217)
  (0.263957,-0.00573098)
  (0.262988,-0.00567816)
  (0.262053,-0.00562558)
  (0.261148,-0.00556149)
   (0.260262,-0.0054768)
   (0.25938,-0.00537157)
  (0.258492,-0.00525479)
  (0.257595,-0.00513831)
  (0.256692,-0.00503127)
  (0.255791,-0.00493838)
  (0.254897,-0.00486034)
   (0.254018,-0.0047945)
  (0.253156,-0.00473539)
  (0.252312,-0.00467623)
  (0.251482,-0.00461175)
  (0.250658,-0.00454088)
  (0.249836,-0.00446672)
  (0.249015,-0.00439415)
  (0.248195,-0.00432706)
   (0.24738,-0.00426731)
  (0.246572,-0.00421476)
  (0.245775,-0.00416772)
  (0.244989,-0.00412348)
  (0.244212,-0.00407957)
  (0.243443,-0.00403524)
  (0.242679,-0.00399186)
   (0.24192,-0.00395137)
  (0.241169,-0.00391456)
  (0.240427,-0.00388046)
  (0.239694,-0.00384696)
  (0.238969,-0.00381226)
  (0.238251,-0.00377622)
  (0.237536,-0.00374025)
  (0.236827,-0.00370594)
   (0.236123,-0.0036737)
  (0.235427,-0.00364286)
  (0.234737,-0.00361246)
  (0.234055,-0.00358188)
  (0.233378,-0.00355094)
  (0.232708,-0.00351951)
  (0.232043,-0.00348702)
  (0.231384,-0.00345261)
  (0.230729,-0.00341598)
  (0.230076,-0.00337791)
  (0.229424,-0.00333988)
  (0.228775,-0.00330324)
  (0.228129,-0.00326873)
   (0.227486,-0.0032365)
   (0.226847,-0.0032064)
  (0.226213,-0.00317815)
  (0.225583,-0.00315147)
  (0.224959,-0.00312613)
  (0.224339,-0.00310197)
  (0.223723,-0.00307886)
  (0.223113,-0.00305667)
  (0.222507,-0.00303525)
  (0.221906,-0.00301434)
    (0.22131,-0.0029936)
  (0.220718,-0.00297279)
   (0.22013,-0.00295189)
  (0.219546,-0.00293111)
  (0.218965,-0.00291068)
  (0.218388,-0.00289076)
  (0.217814,-0.00287142)
  (0.217244,-0.00285269)
  (0.216677,-0.00283464)
  (0.216114,-0.00281731)
  (0.215554,-0.00280074)
  (0.214998,-0.00278493)
  (0.214446,-0.00276991)
  (0.213897,-0.00275574)
  (0.213352,-0.00274255)
   (0.21281,-0.00273046)
  (0.212272,-0.00271954)
  (0.211738,-0.00270977)
  (0.211208,-0.00270113)