(-0.129114,-0.000861964)
 (-0.129287,-0.00086435)
 (-0.12946,-0.000866747)
(-0.129633,-0.000869153)
 (-0.129807,-0.00087157)
(-0.129982,-0.000873997)
(-0.130157,-0.000876435)
(-0.130332,-0.000878883)
(-0.130508,-0.000881342)
(-0.130685,-0.000883812)
(-0.130862,-0.000886292)
(-0.131039,-0.000888784)
(-0.131217,-0.000891286)
(-0.131396,-0.000893799)
(-0.131575,-0.000896323)
(-0.131754,-0.000898858)
(-0.131934,-0.000901404)
(-0.132115,-0.000903962)
(-0.132296,-0.000906531)
(-0.132477,-0.000909111)
 (-0.13266,-0.000911703)
(-0.132842,-0.000914306)
(-0.133025,-0.000916921)
(-0.133209,-0.000919547)
(-0.133393,-0.000922185)
(-0.133578,-0.000924835)
(-0.133763,-0.000927496)
 (-0.133949,-0.00093017)
(-0.134135,-0.000932856)
(-0.134322,-0.000935553)
(-0.134509,-0.000938263)
(-0.134697,-0.000940985)
(-0.134885,-0.000943719)
(-0.135074,-0.000946466)
(-0.135264,-0.000949225)
(-0.135454,-0.000951997)
(-0.135645,-0.000954781)
(-0.135836,-0.000957578)
(-0.136028,-0.000960388)
 (-0.13622,-0.000963211)
(-0.136413,-0.000966046)
(-0.136606,-0.000968895)
  (-0.1368,-0.000971757)
(-0.136995,-0.000974631)
 (-0.13719,-0.000977519)
(-0.137386,-0.000980421)
(-0.137582,-0.000983336)
(-0.137779,-0.000986264)
(-0.137977,-0.000989206)
(-0.138175,-0.000992162)
(-0.138374,-0.000995132)
(-0.138573,-0.000998115)
 (-0.138773,-0.00100111)
 (-0.138973,-0.00100412)
 (-0.139174,-0.00100715)
 (-0.139376,-0.00101019)
 (-0.139579,-0.00101324)
 (-0.139781,-0.00101631)
 (-0.139985,-0.00101939)
 (-0.140189,-0.00102249)
  (-0.140394,-0.0010256)
 (-0.140599,-0.00102873)
 (-0.140805,-0.00103187)
 (-0.141012,-0.00103503)
  (-0.141219,-0.0010382)
 (-0.141427,-0.00104139)
 (-0.141636,-0.00104459)
 (-0.141845,-0.00104781)
 (-0.142055,-0.00105104)
 (-0.142265,-0.00105429)
 (-0.142477,-0.00105756)
 (-0.142688,-0.00106084)
 (-0.142901,-0.00106414)
 (-0.143114,-0.00106745)
 (-0.143328,-0.00107078)
 (-0.143542,-0.00107412)
 (-0.143757,-0.00107748)
 (-0.143973,-0.00108086)
  (-0.14419,-0.00108426)
 (-0.144407,-0.00108767)
  (-0.144625,-0.0010911)
 (-0.144843,-0.00109454)
   (-0.145062,-0.001098)
 (-0.145282,-0.00110148)
 (-0.145503,-0.00110498)
 (-0.145724,-0.00110849)
 (-0.145946,-0.00111202)
 (-0.146169,-0.00111557)
 (-0.146393,-0.00111914)
 (-0.146617,-0.00112272)
 (-0.146842,-0.00112633)
 (-0.147067,-0.00112995)
 (-0.147293,-0.00113359)
 (-0.147521,-0.00113724)
 (-0.147748,-0.00114092)
 (-0.147977,-0.00114461)
 (-0.148206,-0.00114833)
 (-0.148436,-0.00115206)
 (-0.148667,-0.00115581)
 (-0.148898,-0.00115958)
 (-0.149131,-0.00116337)
 (-0.149364,-0.00116718)
 (-0.149597,-0.00117101)
 (-0.149832,-0.00117486)
 (-0.150067,-0.00117873)
 (-0.150303,-0.00118261)
  (-0.15054,-0.00118652)
 (-0.150778,-0.00119045)
  (-0.151016,-0.0011944)
 (-0.151256,-0.00119837)
 (-0.151496,-0.00120236)
 (-0.151737,-0.00120637)
 (-0.151978,-0.00121041)
 (-0.152221,-0.00121446)
 (-0.152464,-0.00121854)
 (-0.152708,-0.00122263)
 (-0.152953,-0.00122675)
 (-0.153199,-0.00123089)
 (-0.153445,-0.00123506)
 (-0.153693,-0.00123924)
 (-0.153941,-0.00124345)
  (-0.15419,-0.00124768)
  (-0.15444,-0.00125193)
  (-0.154691,-0.0012562)
  (-0.154942,-0.0012605)
 (-0.155195,-0.00126482)
 (-0.155448,-0.00126917)
 (-0.155702,-0.00127353)
 (-0.155957,-0.00127793)
 (-0.156213,-0.00128234)
  (-0.15647,-0.00128678)
 (-0.156728,-0.00129125)
 (-0.156987,-0.00129573)
 (-0.157246,-0.00130025)
 (-0.157507,-0.00130479)
 (-0.157768,-0.00130935)
  (-0.15803,-0.00131394)
 (-0.158294,-0.00131855)
 (-0.158558,-0.00132319)
 (-0.158823,-0.00132785)
 (-0.159089,-0.00133254)
 (-0.159356,-0.00133726)
 (-0.159624,-0.00134201)
 (-0.159892,-0.00134678)
 (-0.160162,-0.00135157)
  (-0.160433,-0.0013564)
 (-0.160705,-0.00136125)
 (-0.160977,-0.00136613)
 (-0.161251,-0.00137103)
 (-0.161526,-0.00137597)
 (-0.161801,-0.00138093)
 (-0.162078,-0.00138592)
 (-0.162356,-0.00139094)
 (-0.162634,-0.00139599)
 (-0.162914,-0.00140106)
 (-0.163195,-0.00140617)
 (-0.163476,-0.00141131)
 (-0.163759,-0.00141647)
 (-0.164043,-0.00142167)
 (-0.164328,-0.00142689)
 (-0.164613,-0.00143215)
   (-0.1649,-0.00143744)
 (-0.165188,-0.00144275)
  (-0.165477,-0.0014481)
 (-0.165767,-0.00145348)
  (-0.166059,-0.0014589)
 (-0.166351,-0.00146434)
 (-0.166644,-0.00146982)
 (-0.166939,-0.00147533)
 (-0.167234,-0.00148087)
 (-0.167531,-0.00148644)
 (-0.167829,-0.00149205)
  (-0.168128,-0.0014977)
 (-0.168428,-0.00150337)
 (-0.168729,-0.00150908)
 (-0.169031,-0.00151483)
 (-0.169335,-0.00152061)
 (-0.169639,-0.00152642)
 (-0.169945,-0.00153227)
 (-0.170252,-0.00153816)
  (-0.17056,-0.00154408)
  (-0.17087,-0.00155004)
  (-0.17118,-0.00155603)
 (-0.171492,-0.00156206)
 (-0.171805,-0.00156813)
 (-0.172119,-0.00157424)
 (-0.172434,-0.00158039)
 (-0.172751,-0.00158657)
 (-0.173069,-0.00159279)
 (-0.173388,-0.00159905)
 (-0.173708,-0.00160535)
  (-0.17403,-0.00161169)
 (-0.174353,-0.00161807)
 (-0.174677,-0.00162449)
 (-0.175003,-0.00163095)
 (-0.175329,-0.00163745)
 (-0.175657,-0.00164399)
 (-0.175987,-0.00165058)
 (-0.176318,-0.00165721)
  (-0.17665,-0.00166387)
 (-0.176983,-0.00167059)
 (-0.177318,-0.00167734)
 (-0.177654,-0.00168414)
 (-0.177991,-0.00169099)
  (-0.17833,-0.00169787)
  (-0.17867,-0.00170481)
 (-0.179012,-0.00171179)
 (-0.179355,-0.00171881)
 (-0.179699,-0.00172588)
   (-0.180045,-0.001733)
 (-0.180392,-0.00174016)
 (-0.180741,-0.00174737)
 (-0.181091,-0.00175463)
 (-0.181443,-0.00176194)
  (-0.181796,-0.0017693)
   (-0.18215,-0.0017767)
 (-0.182506,-0.00178416)
 (-0.182864,-0.00179167)
 (-0.183223,-0.00179922)
 (-0.183583,-0.00180683)
 (-0.183945,-0.00181449)
 (-0.184309,-0.00182221)
 (-0.184674,-0.00182997)
 (-0.185041,-0.00183779)
 (-0.185409,-0.00184566)
 (-0.185779,-0.00185359)
  (-0.18615,-0.00186157)
 (-0.186523,-0.00186961)
  (-0.186898,-0.0018777)
 (-0.187274,-0.00188585)
 (-0.187652,-0.00189405)
 (-0.188031,-0.00190232)
 (-0.188413,-0.00191064)
 (-0.188796,-0.00191902)
  (-0.18918,-0.00192746)
 (-0.189566,-0.00193596)
 (-0.189954,-0.00194452)
 (-0.190344,-0.00195314)
 (-0.190735,-0.00196182)
 (-0.191128,-0.00197057)
 (-0.191523,-0.00197938)
  (-0.19192,-0.00198825)
 (-0.192318,-0.00199719)
 (-0.192719,-0.00200619)
 (-0.193121,-0.00201526)
 (-0.193525,-0.00202439)
  (-0.19393,-0.00203359)
 (-0.194338,-0.00204286)
  (-0.194747,-0.0020522)
 (-0.195158,-0.00206161)
 (-0.195572,-0.00207108)
 (-0.195987,-0.00208063)
 (-0.196404,-0.00209025)
 (-0.196822,-0.00209994)
  (-0.197243,-0.0021097)
 (-0.197666,-0.00211954)
 (-0.198091,-0.00212945)
 (-0.198518,-0.00213944)
 (-0.198946,-0.00214951)
 (-0.199377,-0.00215965)
  (-0.19981,-0.00216987)
 (-0.200245,-0.00218016)
 (-0.200682,-0.00219054)
   (-0.201121,-0.002201)
 (-0.201562,-0.00221154)
 (-0.202005,-0.00222216)
 (-0.202451,-0.00223286)
 (-0.202898,-0.00224365)
 (-0.203348,-0.00225452)
   (-0.2038,-0.00226548)
 (-0.204254,-0.00227653)
  (-0.20471,-0.00228766)
 (-0.205168,-0.00229889)
  (-0.205629,-0.0023102)
 (-0.206092,-0.00232161)
  (-0.206558,-0.0023331)
 (-0.207025,-0.00234469)
 (-0.207495,-0.00235638)
 (-0.207967,-0.00236816)
 (-0.208442,-0.00238003)
 (-0.208919,-0.00239201)
 (-0.209399,-0.00240408)
  (-0.20988,-0.00241625)
 (-0.210365,-0.00242852)
  (-0.210851,-0.0024409)
 (-0.211341,-0.00245338)
 (-0.211832,-0.00246596)
 (-0.212327,-0.00247865)
 (-0.212824,-0.00249145)
 (-0.213323,-0.00250436)
 (-0.213825,-0.00251737)
   (-0.21433,-0.0025305)
 (-0.214837,-0.00254374)
  (-0.215347,-0.0025571)
 (-0.215859,-0.00257057)
 (-0.216375,-0.00258416)
 (-0.216893,-0.00259786)
 (-0.217413,-0.00261169)
 (-0.217937,-0.00262563)
  (-0.218463,-0.0026397)
  (-0.218992,-0.0026539)
 (-0.219524,-0.00266822)
 (-0.220059,-0.00268267)
 (-0.220597,-0.00269725)
 (-0.221138,-0.00271196)
  (-0.221681,-0.0027268)
 (-0.222228,-0.00274178)
 (-0.222778,-0.00275689)
  (-0.22333,-0.00277214)
 (-0.223886,-0.00278753)
 (-0.224445,-0.00280306)
 (-0.225007,-0.00281874)
 (-0.225572,-0.00283456)
  (-0.22614,-0.00285053)
 (-0.226712,-0.00286665)
 (-0.227286,-0.00288292)
 (-0.227864,-0.00289935)
 (-0.228445,-0.00291593)
  (-0.22903,-0.00293267)
 (-0.229618,-0.00294957)
 (-0.230209,-0.00296663)
 (-0.230804,-0.00298385)
 (-0.231402,-0.00300125)
 (-0.232004,-0.00301881)
 (-0.232609,-0.00303654)
 (-0.233218,-0.00305445)
  (-0.23383,-0.00307254)
  (-0.234447,-0.0030908)
 (-0.235066,-0.00310924)
  (-0.23569,-0.00312787)
 (-0.236317,-0.00314669)
  (-0.236948,-0.0031657)
  (-0.237582,-0.0031849)
 (-0.238221,-0.00320429)
 (-0.238863,-0.00322388)
  (-0.23951,-0.00324368)
  (-0.24016,-0.00326367)
 (-0.240815,-0.00328388)
  (-0.241473,-0.0033043)
 (-0.242136,-0.00332492)
 (-0.242802,-0.00334577)
 (-0.243473,-0.00336684)
 (-0.244148,-0.00338813)
 (-0.244828,-0.00340965)
 (-0.245511,-0.00343139)
   (-0.2462,-0.00345338)
  (-0.246892,-0.0034756)
 (-0.247589,-0.00349806)
  (-0.24829,-0.00352077)
 (-0.248997,-0.00354373)
 (-0.249707,-0.00356694)
  (-0.250422,-0.0035904)
 (-0.251142,-0.00361413)
 (-0.251867,-0.00363813)
  (-0.252597,-0.0036624)
 (-0.253331,-0.00368694)
 (-0.254071,-0.00371176)
 (-0.254815,-0.00373687)
 (-0.255564,-0.00376226)
 (-0.256319,-0.00378795)
 (-0.257079,-0.00381394)
 (-0.257844,-0.00384023)
 (-0.258614,-0.00386683)
 (-0.259389,-0.00389374)
  (-0.26017,-0.00392098)
 (-0.260957,-0.00394854)
 (-0.261749,-0.00397643)
 (-0.262546,-0.00400466)
 (-0.263349,-0.00403323)
 (-0.264158,-0.00406215)
 (-0.264973,-0.00409142)
 (-0.265794,-0.00412106)
  (-0.26662,-0.00415107)
 (-0.267453,-0.00418145)
 (-0.268292,-0.00421221)
 (-0.269136,-0.00424336)
 (-0.269988,-0.00427491)
 (-0.270845,-0.00430687)
 (-0.271709,-0.00433923)
 (-0.272579,-0.00437202)
 (-0.273456,-0.00440523)
  (-0.27434,-0.00443887)
 (-0.275231,-0.00447296)
 (-0.276128,-0.00450751)
 (-0.277032,-0.00454251)
 (-0.277943,-0.00457799)
 (-0.278862,-0.00461394)
 (-0.279787,-0.00465038)
  (-0.28072,-0.00468733)
  (-0.28166,-0.00472478)
 (-0.282608,-0.00476275)
 (-0.283564,-0.00480126)
  (-0.284527,-0.0048403)
  (-0.285498,-0.0048799)
 (-0.286477,-0.00492006)
 (-0.287464,-0.00496079)
  (-0.28846,-0.00500212)
 (-0.289463,-0.00504404)
 (-0.290475,-0.00508658)
 (-0.291496,-0.00512975)
 (-0.292525,-0.00517356)
 (-0.293563,-0.00521802)
  (-0.29461,-0.00526315)
 (-0.295666,-0.00530896)
 (-0.296731,-0.00535548)
 (-0.297806,-0.00540271)
  (-0.29889,-0.00545067)
 (-0.299984,-0.00549938)
 (-0.301087,-0.00554885)
 (-0.302201,-0.00559911)
 (-0.303324,-0.00565017)
 (-0.304458,-0.00570205)
 (-0.305602,-0.00575477)
 (-0.306757,-0.00580836)
 (-0.307923,-0.00586282)
 (-0.309099,-0.00591818)
 (-0.310287,-0.00597447)
 (-0.311486,-0.00603171)
 (-0.312697,-0.00608992)
 (-0.313919,-0.00614912)
 (-0.315153,-0.00620935)
 (-0.316399,-0.00627062)
 (-0.317658,-0.00633297)
 (-0.318929,-0.00639642)
   (-0.320212,-0.006461)
 (-0.321509,-0.00652674)
 (-0.322819,-0.00659367)
 (-0.324143,-0.00666183)
  (-0.32548,-0.00673124)
 (-0.326831,-0.00680194)
 (-0.328196,-0.00687397)
 (-0.329576,-0.00694737)
 (-0.330971,-0.00702216)
   (-0.33238,-0.0070984)
 (-0.333805,-0.00717612)
 (-0.335246,-0.00725537)
 (-0.336702,-0.00733618)
 (-0.338175,-0.00741861)
 (-0.339664,-0.00750271)
  (-0.34117,-0.00758852)
 (-0.342694,-0.00767609)
 (-0.344235,-0.00776548)
 (-0.345794,-0.00785675)
 (-0.347371,-0.00794995)
 (-0.348967,-0.00804514)
 (-0.350583,-0.00814239)
 (-0.352217,-0.00824176)
 (-0.353872,-0.00834333)
 (-0.355547,-0.00844715)
 (-0.357243,-0.00855331)
 (-0.358961,-0.00866189)
   (-0.3607,-0.00877296)
 (-0.362461,-0.00888661)
 (-0.364246,-0.00900293)
 (-0.366054,-0.00912201)
 (-0.367885,-0.00924395)
 (-0.369741,-0.00936885)
 (-0.371623,-0.00949681)
  (-0.37353,-0.00962795)
 (-0.375463,-0.00976238)
 (-0.377424,-0.00990023)
  (-0.379412,-0.0100416)
  (-0.381428,-0.0101867)
  (-0.383474,-0.0103356)
  (-0.385549,-0.0104884)
  (-0.387656,-0.0106454)
  (-0.389793,-0.0108066)
  (-0.391964,-0.0109723)
  (-0.394167,-0.0111426)
  (-0.396405,-0.0113178)
   (-0.398678,-0.011498)
  (-0.400987,-0.0116834)
  (-0.403333,-0.0118742)
  (-0.405718,-0.0120708)
  (-0.408142,-0.0122733)
   (-0.410607,-0.012482)
  (-0.413114,-0.0126972)
  (-0.415664,-0.0129192)
  (-0.418258,-0.0131483)
  (-0.420899,-0.0133848)
   (-0.423586,-0.013629)
  (-0.426323,-0.0138814)
  (-0.429111,-0.0141424)
  (-0.431951,-0.0144123)
  (-0.434845,-0.0146916)
  (-0.437795,-0.0149808)
  (-0.440803,-0.0152804)
  (-0.443871,-0.0155909)
  (-0.447002,-0.0159129)
  (-0.450197,-0.0162471)
   (-0.453458,-0.016594)
   (-0.45679,-0.0169545)
  (-0.460193,-0.0173292)
  (-0.463672,-0.0177189)
  (-0.467228,-0.0181247)
  (-0.470866,-0.0185473)
  (-0.474588,-0.0189878)
  (-0.478399,-0.0194473)
   (-0.482301,-0.019927)
  (-0.486299,-0.0204281)
   (-0.490397,-0.020952)
  (-0.494599,-0.0215003)
  (-0.498911,-0.0220744)
  (-0.503338,-0.0226763)
  (-0.507884,-0.0233077)
  (-0.512556,-0.0239708)
  (-0.517361,-0.0246679)
  (-0.522303,-0.0254013)
  (-0.527392,-0.0261739)
  (-0.532634,-0.0269885)
  (-0.538037,-0.0278485)
  (-0.543611,-0.0287574)
  (-0.549365,-0.0297192)
  (-0.555309,-0.0307383)
  (-0.561454,-0.0318194)
  (-0.567813,-0.0329679)
  (-0.574397,-0.0341898)
  (-0.581223,-0.0354917)
   (-0.588303,-0.036881)
  (-0.595656,-0.0383659)
    (-0.6033,-0.0399556)
  (-0.611254,-0.0416607)
   (-0.61954,-0.0434929)
  (-0.628181,-0.0454654)
  (-0.637205,-0.0475933)
  (-0.646639,-0.0498939)
  (-0.656517,-0.0523867)
  (-0.666871,-0.0550942)
  (-0.677743,-0.0580421)
  (-0.689175,-0.0612604)
  (-0.701215,-0.0647837)
  (-0.713916,-0.0686521)
   (-0.72734,-0.0729127)
   (-0.741553,-0.077621)
  (-0.756631,-0.0828423)
   (-0.77266,-0.0886541)
  (-0.789734,-0.0951491)
   (-0.807964,-0.102439)
   (-0.827471,-0.110657)
   (-0.848394,-0.119969)
   (-0.870891,-0.130574)
    (-0.895139,-0.14272)
   (-0.921338,-0.156716)
   (-0.949712,-0.172948)
   (-0.980506,-0.191906)
    (-1.01399,-0.214216)
    (-1.05044,-0.240681)
    (-1.09012,-0.272348)
    (-1.13327,-0.310589)
    (-1.17999,-0.357213)
    (-1.23015,-0.414618)
    (-1.28313,-0.485985)
     (-1.3374,-0.575489)
    (-1.38978,-0.688472)
    (-1.43412,-0.831358)
      (-1.4594,-1.01078)
       (-1.4471,-1.2308)
     (-1.36968,-1.48643)
     (-1.19485,-1.75273)
    (-0.903347,-1.97584)
    (-0.518342,-2.08481)
     (-0.115415,-2.0357)
     (0.218078,-1.84927)
     (0.437241,-1.59236)
     (0.548331,-1.32875)
      (0.58163,-1.09413)
    (0.567599,-0.899778)
    (0.528225,-0.744101)
    (0.477139,-0.620979)
    (0.422094,-0.523734)
    (0.367228,-0.446569)
    (0.314598,-0.384873)
    (0.265107,-0.335107)
    (0.219036,-0.294599)
    (0.176347,-0.261334)
     (0.136842,-0.23379)
     (0.100255,-0.21081)
    (0.0663008,-0.19151)
   (0.0347008,-0.175207)
    (0.0051914,-0.16137)
  (-0.0224688,-0.149582)
   (-0.048499,-0.139518)
  (-0.0730966,-0.130918)
  (-0.0964393,-0.123579)
   (-0.118687,-0.117339)
   (-0.139986,-0.112073)
   (-0.160468,-0.107684)
   (-0.180253,-0.104103)
   (-0.199455,-0.101284)
  (-0.218176,-0.0992042)
  (-0.236514,-0.0978632)
  (-0.254558,-0.0972879)
  (-0.272392,-0.0975352)
   (-0.290084,-0.098699)
    (-0.307688,-0.10092)
   (-0.325223,-0.104398)
   (-0.342651,-0.109411)
   (-0.359833,-0.116328)
   (-0.376448,-0.125618)
     (-0.39186,-0.13782)
   (-0.404936,-0.153411)
   (-0.413838,-0.172455)
   (-0.416062,-0.193885)
   (-0.409237,-0.214562)
   (-0.393187,-0.229113)
   (-0.372027,-0.232246)
   (-0.353062,-0.222759)
     (-0.3422,-0.204636)
   (-0.340971,-0.183692)
    (-0.347638,-0.16415)
   (-0.359582,-0.147896)
   (-0.374636,-0.135282)
   (-0.391366,-0.125997)
   (-0.408917,-0.119567)
    (-0.42679,-0.115561)
   (-0.444669,-0.113651)
    (-0.462295,-0.11359)
   (-0.479378,-0.115138)
   (-0.495593,-0.117936)
    (-0.51072,-0.121366)
   (-0.524946,-0.124598)
       (-0.53908,-0.127)
   (-0.554234,-0.128658)
    (-0.57116,-0.130337)
   (-0.589992,-0.132955)
   (-0.610492,-0.137204)
   (-0.632334,-0.143551)
   (-0.655216,-0.152382)
    (-0.67882,-0.164128)
   (-0.702691,-0.179336)
   (-0.726054,-0.198642)
   (-0.747574,-0.222622)
    (-0.76513,-0.251356)
    (-0.775891,-0.28359)
   (-0.777348,-0.315693)
   (-0.769694,-0.341699)
   (-0.757924,-0.356153)
   (-0.750163,-0.358358)
   (-0.752753,-0.353048)
   (-0.767526,-0.346841)
   (-0.792911,-0.345039)
   (-0.826022,-0.350829)
   (-0.863902,-0.365803)
     (-0.90388,-0.39059)
    (-0.94358,-0.425113)
   (-0.981121,-0.468608)
    (-1.01564,-0.519911)
    (-1.04761,-0.578412)
    (-1.07823,-0.645388)
    (-1.10754,-0.724809)
    (-1.13177,-0.822223)
      (-1.1423,-0.94147)
     (-1.12734,-1.08144)
      (-1.0751,-1.23509)
    (-0.975498,-1.38994)
    (-0.821891,-1.52603)
    (-0.619906,-1.61506)
       (-0.397,-1.63395)
    (-0.190755,-1.58507)
   (-0.0226671,-1.49271)
     (0.107794,-1.37881)
     (0.206239,-1.25151)
     (0.271546,-1.11461)
    (0.300673,-0.977364)
    (0.296731,-0.852186)
    (0.269002,-0.747872)
    (0.228373,-0.667266)
     (0.18413,-0.608688)
    (0.142927,-0.567808)
    (0.108434,-0.539034)
    (0.081376,-0.517049)
   (0.0606628,-0.498145)
   (0.0450198,-0.480087)
   (0.0333238,-0.460861)
   (0.0234332,-0.438444)
   (0.0119243,-0.412439)
 (-0.00387388,-0.384932)
  (-0.0242353,-0.358726)
   (-0.0479463,-0.33535)
  (-0.0740277,-0.315123)
   (-0.102053,-0.298334)
   (-0.131357,-0.285573)
   (-0.160697,-0.277067)
   (-0.188811,-0.272135)
    (-0.21525,-0.269429)
   (-0.240659,-0.267854)
   (-0.266093,-0.267323)
   (-0.292107,-0.268536)
    (-0.318533,-0.27228)
   (-0.344769,-0.278988)
   (-0.370204,-0.288636)
   (-0.394574,-0.301047)
    (-0.41779,-0.316381)
   (-0.439369,-0.335131)
   (-0.458216,-0.357559)
   (-0.473021,-0.383302)
   (-0.482649,-0.411559)
   (-0.485886,-0.441295)
   (-0.481246,-0.470532)
   (-0.468228,-0.495579)
   (-0.449082,-0.512293)
    (-0.42842,-0.518491)
   (-0.411309,-0.514761)
    (-0.40197,-0.504174)
    (-0.40242,-0.491847)
   (-0.411157,-0.483138)
   (-0.423836,-0.480947)
   (-0.435995,-0.484491)
   (-0.445725,-0.490678)
   (-0.454214,-0.497037)
   (-0.463704,-0.503856)
    (-0.474549,-0.51374)
   (-0.483786,-0.528799)
   (-0.486704,-0.547535)
   (-0.480829,-0.564006)
   (-0.469768,-0.571117)
    (-0.462445,-0.56682)
   (-0.466584,-0.556817)
   (-0.483361,-0.550276)
   (-0.508016,-0.554199)
    (-0.53321,-0.571095)
    (-0.55186,-0.598936)
    (-0.559584,-0.63211)
   (-0.556373,-0.664014)
   (-0.545545,-0.690151)
   (-0.531176,-0.708612)
   (-0.517509,-0.719104)
   (-0.508772,-0.723634)
   (-0.507045,-0.726441)
    (-0.511347,-0.73138)
   (-0.519643,-0.740105)
   (-0.530987,-0.753005)
   (-0.545619,-0.771315)
   (-0.563038,-0.798204)
   (-0.579955,-0.837547)
   (-0.589948,-0.891566)
    (-0.584546,-0.95866)
    (-0.555892,-1.03164)
     (-0.501358,-1.0984)
    (-0.426636,-1.14734)
    (-0.342063,-1.17371)
    (-0.255438,-1.17882)
    (-0.170662,-1.16401)
   (-0.0924667,-1.12852)
   (-0.0290545,-1.07379)
    (0.0118028,-1.00741)
     (0.02834,-0.940967)
   (0.0258206,-0.884378)
    (0.0130329,-0.84198)
 (-0.00223249,-0.812607)
  (-0.0157013,-0.792479)
  (-0.0260377,-0.778295)
  (-0.0324936,-0.768031)
   (-0.0338698,-0.75921)
  (-0.0303468,-0.747774)
  (-0.0253151,-0.730054)
  (-0.0241897,-0.705571)
  (-0.0313686,-0.677536)
  (-0.0482204,-0.650804)
   (-0.0735408,-0.62957)
   (-0.104972,-0.616808)
    (-0.139457,-0.61468)
   (-0.173049,-0.624381)
    (-0.201153,-0.64548)
     (-0.2194,-0.675526)
   (-0.224606,-0.710322)
   (-0.215241,-0.744546)
    (-0.19177,-0.771944)
    (-0.158001,-0.78589)
   (-0.122016,-0.782349)
  (-0.0932157,-0.763332)
  (-0.0771231,-0.736093)
  (-0.0731189,-0.708398)
  (-0.0766849,-0.684099)
  (-0.0841028,-0.662314)
  (-0.0955451,-0.640869)
   (-0.113434,-0.620334)
   (-0.138599,-0.604036)
   (-0.169052,-0.595183)
   (-0.201477,-0.595011)
   (-0.233038,-0.602928)
   (-0.262107,-0.617819)
    (-0.28741,-0.639062)
   (-0.306934,-0.665751)
   (-0.318805,-0.695274)
    (-0.323315,-0.72398)
   (-0.323004,-0.749614)
    (-0.32042,-0.772345)
   (-0.316593,-0.793274)
    (-0.311715,-0.81322)
     (-0.30537,-0.83309)
   (-0.295618,-0.852978)
    (-0.28049,-0.869885)
    (-0.26194,-0.878599)
   (-0.246979,-0.876635)
   (-0.243526,-0.868044)
   (-0.254882,-0.862086)
   (-0.277446,-0.868468)
     (-0.30225,-0.89294)
   (-0.318356,-0.935105)
   (-0.316573,-0.988313)
    (-0.292858,-1.04145)
    (-0.250465,-1.08274)
    (-0.199189,-1.10469)
     (-0.150943,-1.1076)
    (-0.113966,-1.09875)
   (-0.0894635,-1.08788)
   (-0.0722455,-1.08182)
   (-0.0548236,-1.08108)
   (-0.0329149,-1.08043)
  (-0.00855442,-1.07377)
    (0.0121129,-1.05947)
    (0.0242609,-1.04115)
    (0.0270911,-1.02399)
    (0.0223511,-1.01176)
    (0.0124556,-1.00688)
  (0.000288575,-1.01107)
   (-0.0104211,-1.02501)
    (-0.015994,-1.04749)
   (-0.0140764,-1.07626)
  (-0.00306344,-1.10934)
    (0.0191784,-1.14445)
    (0.0546487,-1.17712)
     (0.102062,-1.20067)
       (0.15488,-1.2105)
     (0.205472,-1.20873)
     (0.251855,-1.20186)
       (0.2984,-1.19357)
     (0.350199,-1.18097)
     (0.407423,-1.15695)
      (0.463819,-1.1157)
     (0.509914,-1.05714)
    (0.538052,-0.987115)
    (0.545244,-0.914363)
    (0.533388,-0.847204)
    (0.507522,-0.791027)
    (0.473175,-0.747926)
     (0.434994,-0.71801)
    (0.396782,-0.700411)
    (0.361749,-0.693588)
     (0.332638,-0.69528)
     (0.311506,-0.70228)
    (0.299053,-0.710402)
    (0.293655,-0.715169)
    (0.291089,-0.713601)
    (0.286006,-0.705936)
     (0.274312,-0.69569)
    (0.254877,-0.688198)
     (0.230048,-0.68853)
    (0.204912,-0.699437)
    (0.185318,-0.719957)
    (0.175125,-0.745695)
    (0.174302,-0.771244)
    (0.179543,-0.793407)
    (0.187332,-0.812888)
    (0.197467,-0.832675)
    (0.213661,-0.853806)
    (0.240127,-0.872292)
    (0.276539,-0.880044)
    (0.315287,-0.870253)
     (0.34483,-0.843525)
    (0.357014,-0.808365)
    (0.351264,-0.775814)
    (0.333253,-0.753822)
    (0.310805,-0.744846)
    (0.289961,-0.746754)
    (0.273107,-0.755966)
    (0.260348,-0.770506)
    (0.252444,-0.790012)
     (0.251449,-0.81327)
    (0.258648,-0.837305)
    (0.273413,-0.858903)
    (0.293907,-0.875674)
    (0.317371,-0.886168)
    (0.340486,-0.890821)
     (0.361349,-0.89218)
     (0.38071,-0.892669)
    (0.400294,-0.892504)
    (0.420404,-0.890466)
    (0.439812,-0.886021)
    (0.457203,-0.880147)
    (0.472459,-0.874803)
    (0.487056,-0.871598)
    (0.503151,-0.870805)
    (0.522655,-0.871697)
    (0.547355,-0.872924)
    (0.578979,-0.871984)
      (0.61812,-0.86458)
    (0.662251,-0.845389)
    (0.704859,-0.811136)
     (0.738256,-0.76365)
    (0.757876,-0.708761)
    (0.763105,-0.652663)
    (0.755684,-0.600315)
    (0.738885,-0.555237)
    (0.716901,-0.518941)
    (0.693623,-0.490736)
    (0.671546,-0.468379)
    (0.651256,-0.449178)
    (0.631642,-0.431276)
    (0.611069,-0.414537)
    (0.588871,-0.400077)
    (0.565618,-0.388864)
     (0.54222,-0.381029)
    (0.519177,-0.376238)
    (0.496552,-0.374297)
    (0.474362,-0.375459)
    (0.453089,-0.380333)
     (0.43398,-0.389338)
    (0.418787,-0.402029)
    (0.408997,-0.416771)
    (0.404958,-0.431149)
    (0.405586,-0.442947)
    (0.408889,-0.450988)
    (0.412778,-0.455352)
    (0.415773,-0.457154)
     (0.41752,-0.457924)
    (0.418707,-0.458666)
    (0.420195,-0.459356)
     (0.42216,-0.459418)
    (0.424156,-0.458651)
    (0.425939,-0.457489)
    (0.428022,-0.456356)
    (0.431308,-0.454792)
    (0.435996,-0.451338)
    (0.440834,-0.444562)
    (0.443667,-0.434263)
    (0.442605,-0.421655)
    (0.436729,-0.408739)
     (0.42617,-0.397644)
     (0.411923,-0.39019)
    (0.395624,-0.387621)
    (0.379208,-0.390394)
    (0.364517,-0.398286)
    (0.353279,-0.410638)
     (0.34728,-0.426185)
     (0.347991,-0.44249)
     (0.355303,-0.45597)
    (0.366496,-0.463537)
    (0.377406,-0.464857)
    (0.385285,-0.462376)
    (0.390051,-0.458875)
    (0.392941,-0.455612)
    (0.394788,-0.452603)
    (0.395739,-0.449798)
     (0.395929,-0.44746)
    (0.395782,-0.445754)
    (0.395723,-0.444463)
    (0.395873,-0.443123)
    (0.395921,-0.441224)
    (0.394993,-0.438566)
    (0.391959,-0.435909)
    (0.386526,-0.435099)
    (0.380029,-0.437985)
    (0.374971,-0.445108)
     (0.373754,-0.45522)
    (0.377521,-0.465862)
     (0.38586,-0.474438)
    (0.397019,-0.478912)
     (0.408154,-0.47862)
    (0.416646,-0.475095)
    (0.421892,-0.471102)
    (0.425272,-0.468589)
    (0.428669,-0.467848)
    (0.433326,-0.468007)
    (0.439461,-0.467851)
    (0.446482,-0.466638)
    (0.453796,-0.464423)
    (0.461467,-0.461435)
    (0.469768,-0.457263)
    (0.478289,-0.451116)
    (0.485925,-0.442699)
    (0.491511,-0.432581)
    (0.494452,-0.422056)
    (0.495161,-0.412541)
    (0.494812,-0.404826)
    (0.494742,-0.398891)
    (0.496141,-0.393978)
    (0.499633,-0.388563)
       (0.50466,-0.3808)
    (0.509404,-0.369519)
    (0.511592,-0.354969)
    (0.509514,-0.338727)
    (0.502653,-0.323057)
     (0.491816,-0.31006)
    (0.478681,-0.300962)
    (0.465081,-0.295937)
    (0.452484,-0.294349)
    (0.441762,-0.295115)
    (0.433114,-0.297035)
    (0.426117,-0.299175)
    (0.420067,-0.301179)
    (0.414467,-0.303221)
    (0.409262,-0.305614)
    (0.404732,-0.308422)
    (0.401079,-0.311268)
     (0.39799,-0.313652)
     (0.39479,-0.315555)
    (0.391068,-0.317485)
    (0.386893,-0.319994)
    (0.382564,-0.323385)
    (0.378369,-0.327771)
     (0.374534,-0.33319)
    (0.371221,-0.339739)
    (0.368769,-0.347671)
    (0.367945,-0.357054)
    (0.369623,-0.367328)
    (0.374233,-0.377408)
    (0.381571,-0.386084)
    (0.390795,-0.392362)
     (0.400607,-0.39587)
    (0.409802,-0.397054)
    (0.417743,-0.396825)
    (0.424311,-0.396127)
    (0.429818,-0.395902)
    (0.435248,-0.396844)
    (0.441971,-0.398683)
     (0.450702,-0.40017)
    (0.461093,-0.400059)
    (0.472354,-0.397705)
     (0.483741,-0.39279)
     (0.49435,-0.385015)
     (0.50275,-0.374469)
    (0.507427,-0.362368)
    (0.507893,-0.350918)
     (0.505115,-0.34223)
       (0.501,-0.337538)
    (0.497824,-0.337001)
     (0.49777,-0.339587)
    (0.502237,-0.343116)
    (0.511124,-0.344903)
    (0.522816,-0.342894)
     (0.53508,-0.336425)
    (0.546067,-0.325971)
    (0.554581,-0.312468)
    (0.559876,-0.296963)
    (0.561497,-0.280612)
    (0.559372,-0.264739)
    (0.553981,-0.250665)
    (0.546357,-0.239416)
    (0.537917,-0.231453)
    (0.530144,-0.226477)
    (0.524103,-0.223441)
    (0.519991,-0.220968)
     (0.51715,-0.218066)
     (0.514698,-0.21458)
    (0.512192,-0.210907)
    (0.509729,-0.207403)
    (0.507601,-0.204086)
    (0.505991,-0.200688)
    (0.504842,-0.196839)
    (0.503856,-0.192227)
    (0.502555,-0.186748)
    (0.500455,-0.180601)
    (0.497261,-0.174227)
    (0.492977,-0.168154)
    (0.487927,-0.162791)
    (0.482604,-0.158184)
    (0.477292,-0.153985)
    (0.471801,-0.149795)
    (0.465625,-0.145599)
    (0.458388,-0.141873)
     (0.45018,-0.139294)
    (0.441528,-0.138332)
    (0.433096,-0.139034)
    (0.425359,-0.141117)
     (0.41851,-0.144245)
    (0.412628,-0.148221)
    (0.407875,-0.152896)
    (0.404459,-0.157974)
    (0.402439,-0.162988)
    (0.401577,-0.167443)
    (0.401341,-0.171078)
    (0.401175,-0.174076)
    (0.400881,-0.176921)
    (0.400692,-0.179971)
    (0.400912,-0.183199)
    (0.401542,-0.186432)
    (0.402398,-0.189819)
    (0.403702,-0.193851)
    (0.406345,-0.198708)
     (0.411353,-0.20362)
    (0.418933,-0.207017)
    (0.428055,-0.207501)
    (0.437069,-0.204715)
    (0.444634,-0.199291)
    (0.450089,-0.192253)
    (0.453335,-0.184592)
    (0.454655,-0.177093)
    (0.454563,-0.170228)
    (0.453596,-0.164098)
    (0.452083,-0.158513)
    (0.449995,-0.153251)
     (0.447075,-0.14838)
      (0.44321,-0.14434)
    (0.438711,-0.141666)
     (0.434232,-0.14061)
     (0.430456,-0.14101)
    (0.427862,-0.142425)
    (0.426678,-0.144313)
    (0.426929,-0.146119)
     (0.42842,-0.147301)
    (0.430707,-0.147478)
    (0.433254,-0.146587)
    (0.435697,-0.144836)
     (0.437917,-0.14245)
    (0.439871,-0.139541)
    (0.441495,-0.136201)
    (0.442759,-0.132538)
    (0.443667,-0.128617)
    (0.444182,-0.124481)
    (0.444262,-0.120229)
    (0.443937,-0.115981)
    (0.443293,-0.111806)
    (0.442412,-0.107703)
    (0.441339,-0.103629)
   (0.440065,-0.0995188)
   (0.438506,-0.0953324)
   (0.436541,-0.0911134)
   (0.434084,-0.0870066)
   (0.431159,-0.0832039)
   (0.427904,-0.0798486)
   (0.424495,-0.0769787)
   (0.421076,-0.0745436)
   (0.417724,-0.0724581)
   (0.414464,-0.0706366)
   (0.411276,-0.0690144)
   (0.408112,-0.0675778)
   (0.404947,-0.0663711)
   (0.401822,-0.0654564)
   (0.398836,-0.0648527)
   (0.396087,-0.0645012)
    (0.393612,-0.064297)
   (0.391383,-0.0641599)
   (0.389369,-0.0640529)
    (0.38755,-0.0639458)
    (0.385896,-0.063806)
   (0.384359,-0.0636213)
     (0.3829,-0.0634189)
   (0.381537,-0.0632374)
   (0.380314,-0.0630512)
   (0.379192,-0.0627876)
    (0.37805,-0.0624839)
    (0.37688,-0.0623296)
   (0.375905,-0.0624633)
   (0.375437,-0.0627673)
   (0.375628,-0.0628811)
   (0.376332,-0.0624016)
   (0.377167,-0.0611182)
   (0.377741,-0.0590927)
   (0.377799,-0.0565467)
   (0.377226,-0.0537432)
   (0.376022,-0.0509449)
   (0.374298,-0.0483678)
   (0.372223,-0.0461259)
   (0.369953,-0.0442384)
   (0.367592,-0.0426829)
   (0.365216,-0.0414299)
   (0.362881,-0.0404487)
   (0.360639,-0.0397063)
   (0.358534,-0.0391625)
   (0.356605,-0.0387652)
    (0.35488,-0.0384465)
   (0.353355,-0.0381166)
   (0.351971,-0.0376904)
   (0.350624,-0.0371388)
   (0.349222,-0.0365006)
   (0.347719,-0.0358472)
   (0.346099,-0.0352573)
   (0.344379,-0.0348202)
   (0.342626,-0.0346307)
   (0.340976,-0.0347503)
    (0.33961,-0.0351559)
   (0.338696,-0.0357117)
     (0.338314,-0.03618)
    (0.338392,-0.036288)
   (0.338697,-0.0358418)
   (0.338925,-0.0348248)
   (0.338844,-0.0333946)
   (0.338375,-0.0317717)
   (0.337558,-0.0301302)
   (0.336478,-0.0285663)
   (0.335215,-0.0271154)
   (0.333821,-0.0257868)
   (0.332335,-0.0245935)
   (0.330811,-0.0235445)
   (0.329309,-0.0226156)
   (0.327861,-0.0217469)
   (0.326449,-0.0208774)
   (0.325019,-0.0199815)
   (0.323519,-0.0190814)
   (0.321929,-0.0182276)
   (0.320267,-0.0174694)
    (0.318571,-0.016837)
   (0.316893,-0.0163346)
   (0.315274,-0.0159404)
   (0.313735,-0.0156167)
   (0.312272,-0.0153302)
   (0.310874,-0.0150649)
   (0.309537,-0.0148123)
   (0.308259,-0.0145574)
   (0.307029,-0.0142825)
   (0.305822,-0.0139823)
   (0.304624,-0.0136659)
   (0.303432,-0.0133427)
   (0.302243,-0.0130173)
    (0.301057,-0.012693)
   (0.299875,-0.0123714)
   (0.298694,-0.0120515)
   (0.297507,-0.0117361)
   (0.296308,-0.0114373)
    (0.295105,-0.011171)
   (0.293916,-0.0109472)
   (0.292763,-0.0107614)
   (0.291666,-0.0105928)
   (0.290627,-0.0104112)
    (0.289626,-0.010191)
   (0.288636,-0.0099223)
  (0.287626,-0.00961405)
   (0.286581,-0.0092895)
  (0.285502,-0.00897402)
  (0.284401,-0.00868372)
  (0.283297,-0.00842147)
  (0.282201,-0.00817987)
  (0.281112,-0.00794912)
  (0.280024,-0.00772604)
  (0.278934,-0.00751581)
   (0.277843,-0.0073242)
  (0.276758,-0.00715092)
   (0.27568,-0.00699216)
  (0.274604,-0.00684787)
  (0.273531,-0.00672332)
  (0.272465,-0.00662371)
  (0.271412,-0.00654948)
  (0.270378,-0.00649749)
  (0.269364,-0.00646529)
  (0.268371,-0.00645379)
  (0.267406,-0.00646513)
  (0.266479,-0.00649673)
  (0.265604,-0.00653632)
  (0.264782,-0.00656202)
  (0.264002,-0.00655045)
  (0.263236,-0.00649157)
  (0.262457,-0.00639673)
  (0.261655,-0.00628894)
  (0.260836,-0.00618739)
  (0.260013,-0.00610107)
  (0.259198,-0.00603044)
  (0.258401,-0.00597056)
  (0.257625,-0.00591354)
   (0.256873,-0.0058501)
   (0.25614,-0.00577095)
  (0.255419,-0.00566913)
  (0.254697,-0.00554242)
  (0.253965,-0.00539422)
  (0.253212,-0.00523339)
  (0.252437,-0.00507261)
  (0.251642,-0.00492386)
    (0.250837,-0.004794)
  (0.250031,-0.00468405)
  (0.249231,-0.00459134)
  (0.248441,-0.00451168)
  (0.247663,-0.00444051)
  (0.246896,-0.00437384)
   (0.24614,-0.00430898)
  (0.245391,-0.00424469)
  (0.244648,-0.00418072)
   (0.24391,-0.00411749)
  (0.243175,-0.00405609)
  (0.242444,-0.00399787)
  (0.241716,-0.00394383)
  (0.240994,-0.00389434)
  (0.240278,-0.00384941)
  (0.239568,-0.00380874)
  (0.238867,-0.00377163)
  (0.238173,-0.00373713)
  (0.237489,-0.00370417)
  (0.236813,-0.00367146)
  (0.236146,-0.00363722)
   (0.235485,-0.0035997)
  (0.234829,-0.00355845)
  (0.234174,-0.00351478)
  (0.233521,-0.00347081)
   (0.23287,-0.00342807)
  (0.232221,-0.00338723)
  (0.231575,-0.00334858)
  (0.230932,-0.00331229)
  (0.230293,-0.00327842)
  (0.229659,-0.00324685)
   (0.22903,-0.00321724)
  (0.228406,-0.00318913)
  (0.227787,-0.00316203)
  (0.227173,-0.00313554)
  (0.226564,-0.00310946)
  (0.225958,-0.00308378)
  (0.225357,-0.00305856)
   (0.22476,-0.00303389)
  (0.224166,-0.00300994)
  (0.223576,-0.00298684)
  (0.222991,-0.00296466)
  (0.222409,-0.00294329)
   (0.221832,-0.0029225)
  (0.221259,-0.00290196)
    (0.22069,-0.0028814)
  (0.220124,-0.00286071)
  (0.219562,-0.00283998)
   (0.219003,-0.0028195)
  (0.218447,-0.00279958)
  (0.217894,-0.00278048)
  (0.217344,-0.00276229)
    (0.216798,-0.002745)
  (0.216255,-0.00272849)
  (0.215716,-0.00271266)
  (0.215181,-0.00269747)
  (0.214649,-0.00268296)
  (0.214121,-0.00266912)
  (0.213598,-0.00265575)
  (0.213078,-0.00264241)
  (0.212563,-0.00262856)
  (0.212052,-0.00261371)
   (0.211543,-0.0025976)
  (0.211038,-0.00258029)
  (0.210534,-0.00256216)
   (0.210032,-0.0025438)
  (0.209531,-0.00252576)
  (0.209033,-0.00250839)
  (0.208537,-0.00249177)
  (0.208044,-0.00247586)
  (0.207553,-0.00246053)
  (0.207066,-0.00244567)
   (0.20658,-0.00243121)
   (0.206098,-0.0024171)
  (0.205618,-0.00240333)
  (0.205141,-0.00238989)
   (0.204667,-0.0023768)
  (0.204195,-0.00236405)
  (0.203726,-0.00235167)
   (0.20326,-0.00233965)
  (0.202796,-0.00232795)
  (0.202336,-0.00231651)
  (0.201878,-0.00230518)
  (0.201423,-0.00229376)
    (0.200971,-0.002282)
  (0.200521,-0.00226975)
  (0.200074,-0.00225701)
  (0.199629,-0.00224395)
  (0.199185,-0.00223078)
  (0.198743,-0.00221771)
  (0.198303,-0.00220486)
  (0.197866,-0.00219229)
      (0.19743,-0.00218)
  (0.196996,-0.00216799)
  (0.196565,-0.00215626)
  (0.196135,-0.00214477)
   (0.195708,-0.0021335)
  (0.195283,-0.00212241)
   (0.19486,-0.00211148)
   (0.19444,-0.00210071)
  (0.194021,-0.00209008)
   (0.193604,-0.0020796)
   (0.19319,-0.00206924)
  (0.192777,-0.00205902)
  (0.192367,-0.00204891)
  (0.191958,-0.00203891)
  (0.191552,-0.00202902)
  (0.191147,-0.00201922)
  (0.190745,-0.00200953)
  (0.190344,-0.00199992)
  (0.189945,-0.00199038)
  (0.189549,-0.00198089)
  (0.189154,-0.00197146)
   (0.188761,-0.0019621)
   (0.18837,-0.00195281)
   (0.18798,-0.00194362)
  (0.187593,-0.00193451)
   (0.187207,-0.0019255)
  (0.186823,-0.00191657)
  (0.186441,-0.00190772)
   (0.18606,-0.00189894)
  (0.185681,-0.00189023)
  (0.185304,-0.00188158)
    (0.184929,-0.001873)
  (0.184556,-0.00186448)
  (0.184184,-0.00185604)
  (0.183813,-0.00184768)
  (0.183445,-0.00183938)
  (0.183078,-0.00183115)
  (0.182713,-0.00182299)
  (0.182349,-0.00181489)
  (0.181987,-0.00180685)
  (0.181627,-0.00179887)
  (0.181268,-0.00179095)
   (0.18091,-0.00178309)
  (0.180555,-0.00177529)
  (0.180201,-0.00176755)
  (0.179848,-0.00175987)
  (0.179497,-0.00175225)
  (0.179147,-0.00174468)
  (0.178799,-0.00173717)
  (0.178453,-0.00172971)
  (0.178108,-0.00172231)