 (-0.12115,-0.000764296)
(-0.121303,-0.000766304)
 (-0.121456,-0.00076832)
 (-0.12161,-0.000770345)
(-0.121764,-0.000772378)
(-0.121919,-0.000774419)
(-0.122074,-0.000776468)
(-0.122229,-0.000778526)
(-0.122385,-0.000780593)
(-0.122542,-0.000782668)
(-0.122698,-0.000784752)
(-0.122855,-0.000786844)
(-0.123013,-0.000788945)
(-0.123171,-0.000791054)
(-0.123329,-0.000793173)
  (-0.123488,-0.0007953)
(-0.123648,-0.000797436)
(-0.123807,-0.000799581)
(-0.123967,-0.000801735)
(-0.124128,-0.000803899)
(-0.124289,-0.000806071)
 (-0.12445,-0.000808252)
(-0.124612,-0.000810443)
(-0.124774,-0.000812643)
(-0.124937,-0.000814852)
   (-0.1251,-0.00081707)
(-0.125264,-0.000819298)
(-0.125428,-0.000821535)
(-0.125593,-0.000823782)
(-0.125758,-0.000826039)
(-0.125923,-0.000828305)
 (-0.126089,-0.00083058)
(-0.126255,-0.000832866)
(-0.126422,-0.000835161)
(-0.126589,-0.000837467)
(-0.126757,-0.000839782)
(-0.126925,-0.000842107)
(-0.127094,-0.000844442)
(-0.127263,-0.000846787)
(-0.127432,-0.000849142)
(-0.127602,-0.000851508)
(-0.127773,-0.000853884)
 (-0.127944,-0.00085627)
(-0.128115,-0.000858667)
(-0.128287,-0.000861074)
 (-0.12846,-0.000863492)
 (-0.128633,-0.00086592)
(-0.128806,-0.000868359)
 (-0.12898,-0.000870808)
(-0.129154,-0.000873269)
 (-0.129329,-0.00087574)
(-0.129505,-0.000878222)
(-0.129681,-0.000880716)
 (-0.129857,-0.00088322)
(-0.130034,-0.000885735)
(-0.130211,-0.000888262)
  (-0.130389,-0.0008908)
(-0.130567,-0.000893349)
(-0.130746,-0.000895909)
(-0.130926,-0.000898481)
(-0.131106,-0.000901065)
 (-0.131286,-0.00090366)
(-0.131467,-0.000906267)
(-0.131649,-0.000908885)
(-0.131831,-0.000911516)
(-0.132013,-0.000914158)
(-0.132196,-0.000916812)
 (-0.13238,-0.000919479)
(-0.132564,-0.000922157)
(-0.132749,-0.000924848)
(-0.132934,-0.000927551)
 (-0.13312,-0.000930266)
(-0.133306,-0.000932994)
(-0.133493,-0.000935734)
 (-0.13368,-0.000938487)
(-0.133868,-0.000941253)
(-0.134057,-0.000944031)
(-0.134246,-0.000946822)
(-0.134435,-0.000949627)
(-0.134626,-0.000952444)
(-0.134816,-0.000955274)
(-0.135008,-0.000958117)
  (-0.1352,-0.000960974)
(-0.135392,-0.000963844)
(-0.135585,-0.000966727)
(-0.135779,-0.000969624)
(-0.135973,-0.000972535)
(-0.136168,-0.000975459)
(-0.136363,-0.000978397)
(-0.136559,-0.000981348)
(-0.136755,-0.000984314)
(-0.136953,-0.000987294)
 (-0.13715,-0.000990288)
(-0.137349,-0.000993296)
(-0.137548,-0.000996319)
(-0.137747,-0.000999356)
 (-0.137947,-0.00100241)
 (-0.138148,-0.00100547)
 (-0.138349,-0.00100855)
 (-0.138551,-0.00101165)
 (-0.138754,-0.00101476)
 (-0.138957,-0.00101789)
 (-0.139161,-0.00102103)
 (-0.139366,-0.00102418)
 (-0.139571,-0.00102735)
 (-0.139777,-0.00103054)
 (-0.139983,-0.00103374)
  (-0.14019,-0.00103696)
 (-0.140398,-0.00104019)
 (-0.140606,-0.00104344)
 (-0.140815,-0.00104671)
 (-0.141025,-0.00104999)
 (-0.141235,-0.00105329)
  (-0.141446,-0.0010566)
 (-0.141658,-0.00105993)
  (-0.14187,-0.00106328)
 (-0.142083,-0.00106664)
 (-0.142296,-0.00107002)
 (-0.142511,-0.00107342)
 (-0.142726,-0.00107683)
 (-0.142941,-0.00108026)
 (-0.143158,-0.00108371)
 (-0.143375,-0.00108718)
 (-0.143593,-0.00109066)
 (-0.143811,-0.00109416)
  (-0.14403,-0.00109768)
  (-0.14425,-0.00110121)
 (-0.144471,-0.00110477)
 (-0.144692,-0.00110834)
 (-0.144914,-0.00111193)
 (-0.145137,-0.00111554)
  (-0.14536,-0.00111916)
 (-0.145584,-0.00112281)
 (-0.145809,-0.00112647)
 (-0.146035,-0.00113015)
 (-0.146261,-0.00113386)
 (-0.146488,-0.00113758)
 (-0.146716,-0.00114132)
 (-0.146945,-0.00114508)
 (-0.147174,-0.00114886)
 (-0.147404,-0.00115265)
 (-0.147635,-0.00115647)
 (-0.147867,-0.00116031)
 (-0.148099,-0.00116417)
 (-0.148332,-0.00116805)
 (-0.148566,-0.00117195)
 (-0.148801,-0.00117587)
 (-0.149037,-0.00117981)
 (-0.149273,-0.00118377)
  (-0.14951,-0.00118775)
 (-0.149748,-0.00119175)
 (-0.149987,-0.00119578)
 (-0.150226,-0.00119982)
 (-0.150466,-0.00120389)
 (-0.150708,-0.00120798)
  (-0.15095,-0.00121209)
 (-0.151192,-0.00121623)
 (-0.151436,-0.00122038)
  (-0.15168,-0.00122456)
 (-0.151926,-0.00122876)
 (-0.152172,-0.00123298)
 (-0.152419,-0.00123723)
  (-0.152667,-0.0012415)
 (-0.152915,-0.00124579)
 (-0.153165,-0.00125011)
 (-0.153415,-0.00125445)
 (-0.153667,-0.00125881)
  (-0.153919,-0.0012632)
 (-0.154172,-0.00126761)
 (-0.154426,-0.00127205)
 (-0.154681,-0.00127651)
   (-0.154936,-0.001281)
 (-0.155193,-0.00128551)
  (-0.15545,-0.00129004)
  (-0.155709,-0.0012946)
 (-0.155968,-0.00129919)
  (-0.156228,-0.0013038)
  (-0.15649,-0.00130844)
 (-0.156752,-0.00131311)
  (-0.157015,-0.0013178)
 (-0.157279,-0.00132251)
 (-0.157544,-0.00132726)
  (-0.15781,-0.00133203)
 (-0.158076,-0.00133683)
 (-0.158344,-0.00134165)
 (-0.158613,-0.00134651)
 (-0.158883,-0.00135139)
  (-0.159153,-0.0013563)
 (-0.159425,-0.00136124)
  (-0.159698,-0.0013662)
  (-0.159972,-0.0013712)
 (-0.160246,-0.00137622)
 (-0.160522,-0.00138127)
 (-0.160799,-0.00138636)
 (-0.161076,-0.00139147)
 (-0.161355,-0.00139661)
 (-0.161635,-0.00140178)
 (-0.161916,-0.00140698)
 (-0.162198,-0.00141222)
 (-0.162481,-0.00141748)
 (-0.162765,-0.00142278)
   (-0.16305,-0.0014281)
 (-0.163336,-0.00143346)
 (-0.163623,-0.00143885)
 (-0.163911,-0.00144428)
   (-0.1642,-0.00144973)
 (-0.164491,-0.00145522)
 (-0.164782,-0.00146074)
  (-0.165075,-0.0014663)
 (-0.165369,-0.00147188)
 (-0.165664,-0.00147751)
  (-0.16596,-0.00148316)
 (-0.166257,-0.00148885)
 (-0.166555,-0.00149458)
 (-0.166855,-0.00150034)
 (-0.167155,-0.00150614)
 (-0.167457,-0.00151197)
  (-0.16776,-0.00151783)
 (-0.168064,-0.00152374)
 (-0.168369,-0.00152968)
 (-0.168676,-0.00153566)
 (-0.168983,-0.00154167)
 (-0.169292,-0.00154772)
 (-0.169602,-0.00155381)
 (-0.169914,-0.00155994)
 (-0.170226,-0.00156611)
  (-0.17054,-0.00157231)
 (-0.170855,-0.00157856)
 (-0.171171,-0.00158484)
 (-0.171489,-0.00159117)
 (-0.171808,-0.00159753)
 (-0.172128,-0.00160394)
 (-0.172449,-0.00161038)
 (-0.172772,-0.00161687)
  (-0.173096,-0.0016234)
 (-0.173421,-0.00162997)
 (-0.173748,-0.00163659)
 (-0.174075,-0.00164324)
 (-0.174405,-0.00164995)
 (-0.174735,-0.00165669)
 (-0.175067,-0.00166348)
   (-0.1754,-0.00167031)
 (-0.175735,-0.00167719)
 (-0.176071,-0.00168411)
 (-0.176409,-0.00169108)
  (-0.176748,-0.0016981)
 (-0.177088,-0.00170516)
 (-0.177429,-0.00171227)
 (-0.177772,-0.00171942)
 (-0.178117,-0.00172663)
 (-0.178463,-0.00173388)
  (-0.17881,-0.00174118)
 (-0.179159,-0.00174853)
  (-0.17951,-0.00175593)
 (-0.179862,-0.00176338)
 (-0.180215,-0.00177088)
  (-0.18057,-0.00177843)
 (-0.180926,-0.00178604)
 (-0.181284,-0.00179369)
  (-0.181643,-0.0018014)
 (-0.182004,-0.00180916)
 (-0.182367,-0.00181698)
 (-0.182731,-0.00182485)
 (-0.183097,-0.00183277)
 (-0.183464,-0.00184075)
 (-0.183833,-0.00184879)
 (-0.184203,-0.00185688)
 (-0.184575,-0.00186503)
 (-0.184949,-0.00187324)
  (-0.185324,-0.0018815)
 (-0.185701,-0.00188983)
  (-0.18608,-0.00189821)
 (-0.186461,-0.00190665)
 (-0.186843,-0.00191515)
 (-0.187226,-0.00192372)
 (-0.187612,-0.00193234)
 (-0.187999,-0.00194103)
 (-0.188388,-0.00194978)
  (-0.188779,-0.0019586)
 (-0.189171,-0.00196747)
 (-0.189566,-0.00197642)
 (-0.189962,-0.00198543)
   (-0.19036,-0.0019945)
 (-0.190759,-0.00200364)
 (-0.191161,-0.00201285)
 (-0.191564,-0.00202213)
 (-0.191969,-0.00203148)
 (-0.192377,-0.00204089)
 (-0.192786,-0.00205038)
 (-0.193196,-0.00205994)
 (-0.193609,-0.00206957)
 (-0.194024,-0.00207927)
 (-0.194441,-0.00208905)
  (-0.194859,-0.0020989)
  (-0.19528,-0.00210882)
 (-0.195703,-0.00211883)
  (-0.196127,-0.0021289)
 (-0.196554,-0.00213906)
 (-0.196983,-0.00214929)
 (-0.197413,-0.00215961)
    (-0.197846,-0.00217)
 (-0.198281,-0.00218048)
 (-0.198718,-0.00219103)
 (-0.199157,-0.00220167)
 (-0.199599,-0.00221239)
  (-0.200042,-0.0022232)
 (-0.200488,-0.00223409)
 (-0.200935,-0.00224507)
 (-0.201385,-0.00225614)
  (-0.201838,-0.0022673)
 (-0.202292,-0.00227854)
 (-0.202749,-0.00228988)
  (-0.203208,-0.0023013)
 (-0.203669,-0.00231282)
 (-0.204132,-0.00232444)
 (-0.204598,-0.00233614)
 (-0.205067,-0.00234795)
 (-0.205537,-0.00235985)
  (-0.20601,-0.00237184)
 (-0.206486,-0.00238394)
 (-0.206963,-0.00239614)
 (-0.207444,-0.00240844)
 (-0.207927,-0.00242084)
 (-0.208412,-0.00243335)
   (-0.2089,-0.00244596)
  (-0.20939,-0.00245868)
  (-0.209883,-0.0024715)
 (-0.210378,-0.00248443)
 (-0.210876,-0.00249748)
 (-0.211377,-0.00251063)
   (-0.21188,-0.0025239)
 (-0.212386,-0.00253729)
 (-0.212894,-0.00255078)
  (-0.213406,-0.0025644)
  (-0.21392,-0.00257813)
 (-0.214437,-0.00259199)
 (-0.214956,-0.00260596)
 (-0.215479,-0.00262006)
 (-0.216004,-0.00263429)
 (-0.216532,-0.00264864)
 (-0.217063,-0.00266311)
 (-0.217597,-0.00267772)
 (-0.218134,-0.00269246)
 (-0.218673,-0.00270733)
 (-0.219216,-0.00272233)
 (-0.219762,-0.00273747)
 (-0.220311,-0.00275275)
 (-0.220862,-0.00276817)
 (-0.221417,-0.00278373)
 (-0.221975,-0.00279943)
 (-0.222537,-0.00281528)
 (-0.223101,-0.00283127)
 (-0.223669,-0.00284741)
  (-0.22424,-0.00286371)
 (-0.224814,-0.00288015)
 (-0.225391,-0.00289675)
 (-0.225972,-0.00291351)
 (-0.226556,-0.00293043)
 (-0.227144,-0.00294751)
 (-0.227734,-0.00296475)
 (-0.228329,-0.00298216)
 (-0.228927,-0.00299973)
 (-0.229528,-0.00301748)
  (-0.230133,-0.0030354)
 (-0.230742,-0.00305349)
 (-0.231354,-0.00307176)
  (-0.23197,-0.00309021)
  (-0.23259,-0.00310884)
 (-0.233213,-0.00312766)
  (-0.23384,-0.00314667)
 (-0.234471,-0.00316586)
 (-0.235106,-0.00318525)
 (-0.235744,-0.00320483)
 (-0.236387,-0.00322461)
  (-0.237034,-0.0032446)
 (-0.237684,-0.00326478)
 (-0.238339,-0.00328518)
 (-0.238998,-0.00330578)
   (-0.23966,-0.0033266)
 (-0.240327,-0.00334763)
 (-0.240999,-0.00336889)
 (-0.241674,-0.00339036)
 (-0.242354,-0.00341206)
   (-0.243038,-0.003434)
 (-0.243727,-0.00345616)
  (-0.24442,-0.00347856)
  (-0.245118,-0.0035012)
  (-0.24582,-0.00352409)
 (-0.246526,-0.00354722)
 (-0.247238,-0.00357061)
 (-0.247954,-0.00359424)
 (-0.248675,-0.00361814)
    (-0.2494,-0.0036423)
 (-0.250131,-0.00366673)
 (-0.250866,-0.00369143)
 (-0.251606,-0.00371641)
 (-0.252352,-0.00374167)
 (-0.253102,-0.00376721)
 (-0.253858,-0.00379304)
 (-0.254618,-0.00381916)
 (-0.255384,-0.00384558)
 (-0.256156,-0.00387231)
 (-0.256932,-0.00389934)
 (-0.257714,-0.00392669)
 (-0.258502,-0.00395436)
 (-0.259295,-0.00398235)
 (-0.260094,-0.00401067)
 (-0.260898,-0.00403933)
 (-0.261708,-0.00406833)
 (-0.262524,-0.00409767)
 (-0.263346,-0.00412736)
 (-0.264174,-0.00415742)
 (-0.265008,-0.00418784)
 (-0.265848,-0.00421863)
 (-0.266694,-0.00424979)
 (-0.267547,-0.00428134)
 (-0.268406,-0.00431329)
 (-0.269271,-0.00434562)
 (-0.270142,-0.00437837)
 (-0.271021,-0.00441152)
  (-0.271906,-0.0044451)
  (-0.272797,-0.0044791)
 (-0.273696,-0.00451353)
 (-0.274601,-0.00454841)
 (-0.275514,-0.00458374)
 (-0.276433,-0.00461953)
  (-0.27736,-0.00465578)
 (-0.278294,-0.00469251)
 (-0.279236,-0.00472973)
 (-0.280184,-0.00476744)
 (-0.281141,-0.00480565)
 (-0.282105,-0.00484438)
 (-0.283077,-0.00488363)
 (-0.284057,-0.00492341)
 (-0.285044,-0.00496374)
  (-0.28604,-0.00500462)
 (-0.287044,-0.00504606)
 (-0.288057,-0.00508808)
 (-0.289078,-0.00513069)
  (-0.290107,-0.0051739)
 (-0.291145,-0.00521771)
 (-0.292192,-0.00526216)
 (-0.293248,-0.00530723)
 (-0.294313,-0.00535296)
 (-0.295387,-0.00539935)
 (-0.296471,-0.00544641)
 (-0.297563,-0.00549417)
 (-0.298666,-0.00554262)
  (-0.299778,-0.0055918)
   (-0.3009,-0.00564172)
 (-0.302032,-0.00569238)
 (-0.303175,-0.00574381)
 (-0.304327,-0.00579602)
  (-0.30549,-0.00584903)
 (-0.306664,-0.00590286)
 (-0.307849,-0.00595753)
 (-0.309045,-0.00601305)
 (-0.310251,-0.00606944)
 (-0.311469,-0.00612672)
 (-0.312699,-0.00618492)
  (-0.31394,-0.00624405)
 (-0.315193,-0.00630414)
  (-0.316459,-0.0063652)
 (-0.317736,-0.00642726)
 (-0.319026,-0.00649034)
 (-0.320329,-0.00655448)
 (-0.321645,-0.00661968)
 (-0.322973,-0.00668598)
  (-0.324315,-0.0067534)
 (-0.325671,-0.00682197)
  (-0.32704,-0.00689173)
 (-0.328424,-0.00696269)
 (-0.329821,-0.00703488)
 (-0.331233,-0.00710835)
  (-0.33266,-0.00718311)
 (-0.334102,-0.00725921)
  (-0.33556,-0.00733667)
 (-0.337032,-0.00741554)
 (-0.338521,-0.00749584)
 (-0.340026,-0.00757761)
  (-0.341547,-0.0076609)
 (-0.343085,-0.00774575)
  (-0.34464,-0.00783219)
 (-0.346213,-0.00792026)
 (-0.347803,-0.00801002)
  (-0.349411,-0.0081015)
 (-0.351038,-0.00819476)
 (-0.352683,-0.00828984)
  (-0.354347,-0.0083868)
 (-0.356031,-0.00848568)
 (-0.357735,-0.00858654)
 (-0.359459,-0.00868945)
 (-0.361204,-0.00879444)
   (-0.36297,-0.0089016)
 (-0.364758,-0.00901097)
 (-0.366567,-0.00912263)
 (-0.368399,-0.00923665)
 (-0.370254,-0.00935309)
 (-0.372132,-0.00947202)
 (-0.374034,-0.00959353)
 (-0.375961,-0.00971769)
 (-0.377912,-0.00984459)
  (-0.379889,-0.0099743)
  (-0.381892,-0.0101069)
  (-0.383922,-0.0102426)
  (-0.385979,-0.0103813)
  (-0.388064,-0.0105232)
  (-0.390178,-0.0106684)
   (-0.39232,-0.0108171)
  (-0.394493,-0.0109692)
  (-0.396696,-0.0111251)
  (-0.398931,-0.0112846)
  (-0.401197,-0.0114481)
  (-0.403497,-0.0116156)
   (-0.40583,-0.0117873)
  (-0.408198,-0.0119633)
  (-0.410601,-0.0121438)
   (-0.41304,-0.0123289)
  (-0.415516,-0.0125189)
  (-0.418031,-0.0127138)
  (-0.420585,-0.0129138)
  (-0.423179,-0.0131193)
  (-0.425814,-0.0133303)
   (-0.428492,-0.013547)
  (-0.431214,-0.0137698)
   (-0.43398,-0.0139988)
  (-0.436792,-0.0142343)
  (-0.439651,-0.0144766)
  (-0.442559,-0.0147258)
  (-0.445518,-0.0149824)
  (-0.448527,-0.0152465)
   (-0.45159,-0.0155186)
  (-0.454708,-0.0157989)
  (-0.457882,-0.0160878)
  (-0.461114,-0.0163857)
   (-0.464405,-0.016693)
  (-0.467759,-0.0170101)
  (-0.471176,-0.0173374)
  (-0.474659,-0.0176754)
  (-0.478209,-0.0180246)
   (-0.48183,-0.0183854)
  (-0.485523,-0.0187586)
  (-0.489291,-0.0191445)
   (-0.493137,-0.019544)
  (-0.497062,-0.0199575)
  (-0.501071,-0.0203859)
  (-0.505166,-0.0208299)
  (-0.509349,-0.0212902)
  (-0.513625,-0.0217677)
  (-0.517997,-0.0222633)
   (-0.522468,-0.022778)
  (-0.527042,-0.0233128)
  (-0.531723,-0.0238689)
  (-0.536516,-0.0244473)
  (-0.541424,-0.0250493)
  (-0.546453,-0.0256763)
  (-0.551608,-0.0263298)
  (-0.556893,-0.0270113)
  (-0.562315,-0.0277224)
  (-0.567878,-0.0284651)
   (-0.57359,-0.0292412)
  (-0.579458,-0.0300528)
  (-0.585487,-0.0309022)
  (-0.591686,-0.0317919)
  (-0.598062,-0.0327246)
  (-0.604624,-0.0337031)
  (-0.611382,-0.0347305)
  (-0.618344,-0.0358103)
  (-0.625521,-0.0369462)
  (-0.632923,-0.0381423)
   (-0.640564,-0.039403)
  (-0.648455,-0.0407331)
    (-0.65661,-0.042138)
  (-0.665043,-0.0436235)
  (-0.673771,-0.0451961)
   (-0.68281,-0.0468628)
  (-0.692178,-0.0486315)
  (-0.701895,-0.0505109)
  (-0.711983,-0.0525105)
  (-0.722464,-0.0546412)
  (-0.733364,-0.0569146)
   (-0.74471,-0.0593443)
   (-0.756531,-0.061945)
  (-0.768861,-0.0647335)
  (-0.781735,-0.0677286)
  (-0.795191,-0.0709515)
  (-0.809273,-0.0744263)
  (-0.824026,-0.0781802)
  (-0.839503,-0.0822444)
  (-0.855761,-0.0866544)
  (-0.872863,-0.0914509)
  (-0.890878,-0.0966811)
   (-0.909885,-0.102399)
    (-0.92997,-0.108668)
    (-0.95123,-0.115562)
   (-0.973772,-0.123166)
   (-0.997719,-0.131582)
    (-1.02321,-0.140931)
    (-1.05039,-0.151356)
    (-1.07943,-0.163027)
    (-1.11054,-0.176152)
    (-1.14394,-0.190981)
    (-1.17986,-0.207819)
     (-1.2186,-0.227044)
    (-1.26047,-0.249122)
    (-1.30583,-0.274637)
    (-1.35507,-0.304326)
    (-1.40862,-0.339124)
    (-1.46692,-0.380235)
    (-1.53043,-0.429217)
    (-1.59955,-0.488106)
    (-1.67451,-0.559579)
    (-1.75523,-0.647182)
    (-1.84096,-0.755604)
    (-1.92967,-0.891005)
     (-2.01703,-1.06129)
     (-2.09459,-1.27604)
     (-2.14694,-1.54542)
     (-2.14798,-1.87638)
      (-2.0583,-2.26377)
     (-1.83029,-2.67471)
     (-1.43223,-3.03426)
    (-0.891305,-3.23906)
    (-0.313251,-3.21932)
     (0.171801,-2.99911)
     (0.492248,-2.67646)
      (0.65531,-2.35089)
     (0.709987,-2.08139)
     (0.711158,-1.88771)
      (0.70519,-1.76393)
     (0.725883,-1.68646)
     (0.788107,-1.61873)
     (0.879762,-1.52389)
     (0.967515,-1.38592)
      (1.02088,-1.21768)
      (1.03033,-1.04489)
     (1.00379,-0.887271)
    (0.954531,-0.753117)
    (0.893779,-0.642846)
    (0.828935,-0.553443)
     (0.76426,-0.481095)
      (0.701959,-0.4223)
    (0.643031,-0.374181)
    (0.587807,-0.334486)
    (0.536264,-0.301485)
    (0.488208,-0.273861)
    (0.443367,-0.250608)
    (0.401447,-0.230962)
     (0.362162,-0.21434)
    (0.325246,-0.200305)
     (0.29047,-0.188527)
    (0.257646,-0.178766)
    (0.226638,-0.170838)
    (0.197365,-0.164592)
    (0.169777,-0.159878)
    (0.143827,-0.156556)
    (0.119484,-0.154549)
   (0.0968496,-0.153831)
    (0.0762341,-0.15424)
   (0.0579648,-0.155212)
   (0.0419066,-0.155813)
   (0.0271421,-0.155327)
     (0.01244,-0.153984)
 (-0.00278262,-0.152881)
  (-0.0180345,-0.153154)
  (-0.0320607,-0.155232)
  (-0.0434383,-0.158474)
  (-0.0513801,-0.161116)
  (-0.0566499,-0.160934)
    (-0.061629,-0.15676)
   (-0.0688381,-0.14948)
  (-0.0793628,-0.141226)
  (-0.0927864,-0.133898)
   (-0.108032,-0.128553)
    (-0.123976,-0.12556)
   (-0.139604,-0.124886)
    (-0.153954,-0.12618)
   (-0.166157,-0.128638)
   (-0.175787,-0.130876)
   (-0.183431,-0.131269)
   (-0.190764,-0.128928)
   (-0.199553,-0.124373)
   (-0.210579,-0.118968)
   (-0.223606,-0.113872)
   (-0.238047,-0.109599)
   (-0.253462,-0.106231)
   (-0.269642,-0.103744)
   (-0.286468,-0.102155)
   (-0.303823,-0.101497)
   (-0.321592,-0.101775)
   (-0.339679,-0.102974)
   (-0.358004,-0.105068)
   (-0.376492,-0.108008)
   (-0.395091,-0.111703)
    (-0.41383,-0.116021)
   (-0.432865,-0.120873)
   (-0.452402,-0.126333)
   (-0.472521,-0.132621)
   (-0.493097,-0.139913)
   (-0.513932,-0.148159)
   (-0.534999,-0.157078)
   (-0.556611,-0.166361)
   (-0.579384,-0.175948)
   (-0.604016,-0.186164)
   (-0.631061,-0.197698)
   (-0.660811,-0.211425)
    (-0.69336,-0.228287)
   (-0.728672,-0.249313)
   (-0.766575,-0.275691)
   (-0.806693,-0.308848)
   (-0.848299,-0.350554)
   (-0.890002,-0.402989)
   (-0.929238,-0.468648)
   (-0.961558,-0.549842)
   (-0.980005,-0.647397)
   (-0.975473,-0.758324)
     (-0.9395,-0.873457)
   (-0.869312,-0.978104)
    (-0.770768,-1.05712)
    (-0.656544,-1.09949)
    (-0.544415,-1.10042)
    (-0.454528,-1.06576)
     (-0.399965,-1.0131)
   (-0.380177,-0.962341)
    (-0.38576,-0.926152)
    (-0.406706,-0.90931)
   (-0.435901,-0.913174)
   (-0.468085,-0.939235)
   (-0.497314,-0.990153)
    (-0.514481,-1.06857)
    (-0.506077,-1.17384)
    (-0.455745,-1.29755)
    (-0.350065,-1.41986)
    (-0.188098,-1.51137)
    (0.0120502,-1.54382)
     (0.217494,-1.50389)
     (0.394119,-1.39965)
     (0.520522,-1.25512)
     (0.592669,-1.09735)
    (0.618587,-0.946846)
     (0.611294,-0.81521)
    (0.583948,-0.706194)
    (0.546769,-0.618002)
    (0.505692,-0.546355)
    (0.462983,-0.487352)
    (0.419242,-0.438888)
    (0.375233,-0.400209)
    (0.332398,-0.370716)
    (0.292408,-0.349194)
    (0.256435,-0.333684)
    (0.224511,-0.322011)
    (0.195616,-0.312867)
    (0.168917,-0.306383)
    (0.145014,-0.303164)
    (0.125719,-0.302598)
    (0.112361,-0.301981)
    (0.103739,-0.297534)
   (0.0957935,-0.287188)
   (0.0841863,-0.272456)
    (0.067117,-0.257051)
   (0.0454883,-0.244258)
   (0.0214336,-0.235775)
 (-0.00282724,-0.231875)
  (-0.0254755,-0.231811)
  (-0.0454238,-0.234091)
  (-0.0626901,-0.236946)
  (-0.0784145,-0.239195)
  (-0.0940298,-0.240961)
   (-0.110051,-0.243347)
   (-0.125707,-0.247164)
   (-0.139851,-0.251919)
   (-0.152404,-0.256057)
   (-0.164939,-0.258485)
   (-0.179562,-0.259895)
   (-0.197261,-0.262487)
   (-0.217271,-0.268661)
   (-0.237478,-0.279925)
   (-0.255221,-0.296383)
   (-0.268134,-0.316757)
   (-0.274728,-0.338881)
   (-0.274365,-0.360287)
   (-0.266975,-0.378067)
   (-0.253919,-0.388406)
    (-0.239573,-0.38801)
   (-0.230356,-0.377187)
   (-0.230945,-0.360376)
   (-0.242189,-0.343148)
   (-0.262277,-0.329594)
   (-0.288642,-0.321857)
   (-0.319024,-0.320784)
     (-0.351723,-0.3267)
    (-0.385364,-0.33993)
    (-0.41845,-0.360973)
   (-0.448865,-0.390227)
   (-0.473794,-0.427206)
   (-0.490516,-0.469862)
    (-0.497602,-0.51494)
    (-0.49511,-0.559149)
   (-0.483931,-0.599316)
   (-0.466565,-0.632052)
   (-0.447962,-0.655719)
   (-0.433189,-0.672361)
    (-0.424905,-0.68621)
    (-0.42367,-0.701957)
      (-0.42796,-0.7249)
    (-0.432697,-0.76006)
   (-0.428779,-0.809263)
   (-0.405205,-0.867598)
   (-0.354681,-0.921303)
   (-0.281821,-0.951377)
   (-0.206128,-0.945873)
    (-0.150954,-0.91098)
   (-0.127739,-0.866486)
   (-0.132629,-0.831773)
   (-0.153709,-0.817955)
    (-0.17779,-0.828051)
   (-0.193363,-0.859204)
   (-0.192335,-0.904204)
   (-0.171846,-0.954006)
     (-0.133535,-1.0019)
    (-0.0787547,-1.0451)
   (-0.0048983,-1.08004)
    (0.0902181,-1.09602)
     (0.198327,-1.07769)
     (0.298348,-1.01804)
    (0.368775,-0.927351)
    (0.401242,-0.826036)
    (0.400761,-0.731487)
    (0.377608,-0.652618)
    (0.341229,-0.591783)
    (0.298412,-0.548101)
    (0.253438,-0.519679)
    (0.208906,-0.504985)
    (0.167027,-0.503412)
    (0.130875,-0.514769)
     (0.10498,-0.537974)
    (0.094827,-0.569211)
    (0.104356,-0.600372)
    (0.131706,-0.620416)
    (0.167342,-0.621211)
    (0.198805,-0.603116)
    (0.218043,-0.573771)
    (0.224034,-0.542173)
    (0.220328,-0.514219)
    (0.211386,-0.492022)
    (0.200732,-0.475495)
    (0.191057,-0.463476)
     (0.18413,-0.453632)
    (0.179694,-0.443001)
     (0.17545,-0.430032)
     (0.169259,-0.41556)
      (0.160711,-0.4012)
      (0.150367,-0.3879)
     (0.139016,-0.37611)
     (0.12783,-0.365676)
     (0.117663,-0.35511)
     (0.107484,-0.34231)
   (0.0944505,-0.326773)
   (0.0761623,-0.310502)
   (0.0523356,-0.296452)
   (0.0243146,-0.286704)
 (-0.00627624,-0.282087)
  (-0.0382684,-0.282829)
   (-0.070838,-0.289225)
    (-0.10306,-0.301855)
   (-0.133501,-0.321459)
   (-0.159834,-0.348574)
   (-0.178626,-0.382692)
   (-0.185944,-0.420941)
   (-0.179579,-0.457281)
    (-0.16207,-0.484391)
    (-0.14069,-0.498494)
   (-0.122427,-0.501857)
    (-0.10975,-0.499252)
   (-0.102086,-0.493542)
  (-0.0993094,-0.485725)
   (-0.102124,-0.477502)
   (-0.109788,-0.471649)
     (-0.1194,-0.469648)
   (-0.128034,-0.470146)
   (-0.135048,-0.470091)
   (-0.142424,-0.467039)
   (-0.153421,-0.460701)
   (-0.170727,-0.452969)
   (-0.195479,-0.446656)
    (-0.227676,-0.44442)
   (-0.266813,-0.448712)
   (-0.311939,-0.462059)
    (-0.361442,-0.48709)
    (-0.41289,-0.526428)
   (-0.462828,-0.582611)
   (-0.506309,-0.657902)
   (-0.536209,-0.753522)
   (-0.542861,-0.867923)
   (-0.515039,-0.994113)
      (-0.443597,-1.117)
    (-0.328606,-1.21369)
    (-0.186729,-1.26158)
   (-0.0484168,-1.25334)
    (0.0587546,-1.20362)
     (0.124572,-1.13854)
     (0.155847,-1.08053)
     (0.167712,-1.04098)
     (0.175245,-1.02023)
     (0.187936,-1.01149)
     (0.208275,-1.00661)
    (0.234437,-0.999898)
    (0.263096,-0.988272)
     (0.289975,-0.97087)
    (0.310872,-0.950068)
    (0.324382,-0.931186)
    (0.333754,-0.919676)
    (0.346207,-0.917458)
     (0.36954,-0.920118)
    (0.406443,-0.917294)
     (0.450055,-0.89866)
    (0.486943,-0.862755)
    (0.507446,-0.819132)
    (0.512536,-0.780431)
    (0.511077,-0.753655)
     (0.512975,-0.73767)
      (0.523987,-0.7257)
    (0.543926,-0.709717)
    (0.567921,-0.684233)
    (0.589335,-0.648191)
    (0.603012,-0.604582)
     (0.607132,-0.55789)
    (0.602302,-0.511535)
     (0.58968,-0.467528)
    (0.570318,-0.427295)
    (0.545398,-0.392033)
    (0.516264,-0.362548)
    (0.484186,-0.339299)
    (0.450357,-0.322607)
    (0.415995,-0.312694)
    (0.382375,-0.309688)
    (0.350934,-0.313684)
    (0.323578,-0.324658)
    (0.302997,-0.341926)
    (0.292394,-0.363053)
     (0.293893,-0.38293)
     (0.305847,-0.39468)
      (0.321617,-0.3935)
    (0.332853,-0.380442)
    (0.334619,-0.361369)
    (0.326883,-0.342588)
    (0.312429,-0.328112)
     (0.29464,-0.319556)
    (0.276523,-0.316905)
    (0.260405,-0.319022)
    (0.247538,-0.323991)
     (0.23772,-0.329974)
    (0.229951,-0.336418)
    (0.224113,-0.344031)
     (0.22179,-0.353111)
    (0.225185,-0.361801)
    (0.234651,-0.365882)
    (0.246656,-0.361211)
    (0.255067,-0.347398)
    (0.255313,-0.328521)
    (0.246929,-0.310035)
    (0.232573,-0.295591)
    (0.215645,-0.286078)
    (0.198495,-0.280402)
    (0.181811,-0.276927)
      (0.165162,-0.2746)
    (0.147807,-0.273119)
    (0.128992,-0.272734)
    (0.108117,-0.274293)
   (0.0851897,-0.279178)
   (0.0611779,-0.288764)
   (0.0378075,-0.303705)
   (0.0168271,-0.323563)
(-0.000895854,-0.347181)
  (-0.0156255,-0.373922)
  (-0.0274697,-0.404737)
  (-0.0343779,-0.441351)
  (-0.0316438,-0.483603)
  (-0.0141365,-0.526895)
   (0.0192793,-0.562309)
   (0.0625177,-0.581347)
    (0.105165,-0.582082)
    (0.139398,-0.569368)
    (0.162653,-0.549694)
    (0.175417,-0.528032)
     (0.179365,-0.50792)
    (0.177037,-0.491695)
    (0.171421,-0.480055)
    (0.164833,-0.471958)
     (0.15787,-0.465567)
    (0.149446,-0.459801)
     (0.13802,-0.455334)
    (0.123175,-0.454326)
    (0.106473,-0.459026)
   (0.0909397,-0.470183)
    (0.0795832,-0.48637)
   (0.0738704,-0.504478)
   (0.0727933,-0.521122)
   (0.0731025,-0.534645)
   (0.0712948,-0.546592)
    (0.0664355,-0.56099)
   (0.0614403,-0.581317)
   (0.0612538,-0.607417)
   (0.0690315,-0.635079)
   (0.0833216,-0.659047)
   (0.0988963,-0.677384)
       (0.111,-0.693372)
    (0.119309,-0.713226)
    (0.128709,-0.741955)
    (0.147316,-0.780006)
    (0.182694,-0.821584)
    (0.237011,-0.856142)
    (0.304682,-0.874007)
    (0.376033,-0.871801)
    (0.443293,-0.852076)
     (0.502803,-0.81897)
    (0.552766,-0.775175)
    (0.590539,-0.723165)
     (0.61388,-0.667734)
    (0.624024,-0.614787)
    (0.625396,-0.567603)
    (0.621929,-0.525606)
    (0.614602,-0.487113)
     (0.602942,-0.45218)
    (0.587542,-0.422082)
    (0.570079,-0.397416)
    (0.552064,-0.377842)
    (0.534541,-0.362775)
    (0.518374,-0.351558)
     (0.504227,-0.34338)
    (0.492564,-0.337426)
    (0.483898,-0.332773)
    (0.478544,-0.327918)
     (0.475774,-0.32103)
     (0.47383,-0.311067)
    (0.470916,-0.298079)
     (0.465552,-0.28266)
      (0.4564,-0.265956)
    (0.442717,-0.249864)
    (0.424893,-0.236504)
    (0.404309,-0.227453)
      (0.38279,-0.22343)
    (0.362177,-0.224325)
    (0.344026,-0.229315)
      (0.3293,-0.237071)
    (0.318246,-0.246195)
    (0.310666,-0.255576)
    (0.306191,-0.264244)
    (0.303993,-0.271331)
      (0.3028,-0.276754)
    (0.301956,-0.281478)
    (0.302226,-0.286419)
    (0.305166,-0.291074)
    (0.311525,-0.293222)
    (0.319817,-0.290129)
    (0.326503,-0.280756)
      (0.32818,-0.26688)
    (0.323568,-0.251722)
    (0.313275,-0.237984)
     (0.298558,-0.22736)
    (0.280822,-0.220958)
    (0.261691,-0.219461)
     (0.24299,-0.222953)
      (0.22651,-0.23076)
     (0.213616,-0.24138)
    (0.204673,-0.252724)
     (0.198694,-0.26293)
    (0.193841,-0.271359)
    (0.188674,-0.278794)
    (0.183001,-0.286468)
    (0.177467,-0.294904)
    (0.172455,-0.303816)
     (0.167651,-0.31295)
    (0.162574,-0.322693)
      (0.1572,-0.333885)
    (0.152099,-0.347391)
      (0.1484,-0.363887)
    (0.147921,-0.383501)
    (0.152837,-0.405073)
     (0.164521,-0.42588)
    (0.182463,-0.442482)
    (0.204075,-0.452162)
     (0.22563,-0.454184)
    (0.243759,-0.449946)
    (0.256468,-0.442307)
     (0.26376,-0.434605)
    (0.267522,-0.429228)
    (0.270327,-0.426738)
     (0.27422,-0.426062)
    (0.279922,-0.425103)
    (0.286224,-0.421813)
    (0.290426,-0.415926)
    (0.290486,-0.409755)
     (0.28699,-0.406601)
    (0.282902,-0.408322)
     (0.28173,-0.414126)
    (0.285557,-0.420895)
    (0.293604,-0.424698)
    (0.302212,-0.423339)
    (0.307192,-0.418236)
    (0.306872,-0.413523)
    (0.303172,-0.413251)
      (0.30041,-0.41894)
    (0.302962,-0.428593)
    (0.312684,-0.437433)
    (0.327395,-0.440565)
    (0.342104,-0.436174)
    (0.352442,-0.426339)
    (0.356933,-0.414756)
    (0.356329,-0.404261)
    (0.351955,-0.396425)
     (0.34513,-0.392222)
    (0.337341,-0.392248)
    (0.330211,-0.396532)
     (0.32518,-0.404456)
    (0.323144,-0.414997)
    (0.324461,-0.427274)
    (0.329577,-0.440747)
    (0.339372,-0.454504)
    (0.354378,-0.466699)
    (0.373976,-0.475182)
    (0.396571,-0.478275)
    (0.419855,-0.475096)
    (0.441251,-0.466079)
    (0.458983,-0.452911)
    (0.472531,-0.437521)
     (0.482176,-0.42141)
    (0.488561,-0.405537)
    (0.492337,-0.390273)
    (0.493683,-0.375654)
    (0.492205,-0.362121)
    (0.487742,-0.351139)
    (0.481552,-0.344696)
     (0.476602,-0.34382)
    (0.476544,-0.347258)
    (0.483805,-0.351183)
    (0.497734,-0.350555)
    (0.514318,-0.341751)
    (0.528143,-0.324651)
    (0.535247,-0.302418)
    (0.534554,-0.279377)
    (0.527322,-0.259088)
    (0.515982,-0.243679)
    (0.503353,-0.233842)
    (0.492092,-0.228881)
    (0.484034,-0.226869)
    (0.479525,-0.225283)
    (0.477369,-0.222137)
    (0.475664,-0.216784)
    (0.472867,-0.209847)
     (0.468378,-0.20247)
    (0.462323,-0.195562)
     (0.455033,-0.18969)
    (0.446975,-0.185275)
    (0.438801,-0.182436)
    (0.431024,-0.180863)
    (0.423733,-0.180135)
     (0.41679,-0.180092)
    (0.410152,-0.180758)
    (0.403837,-0.182121)
    (0.397748,-0.184221)
    (0.391827,-0.187424)
    (0.386551,-0.192314)
    (0.383093,-0.198982)
    (0.382589,-0.206438)
     (0.38518,-0.213038)
    (0.389927,-0.217536)
    (0.395596,-0.219563)
    (0.401168,-0.219307)
    (0.405848,-0.217295)
    (0.409206,-0.214431)
    (0.411547,-0.211731)
      (0.41393,-0.20964)
    (0.417467,-0.207423)
     (0.422137,-0.20348)
    (0.426438,-0.196775)
    (0.428573,-0.187792)
    (0.427616,-0.177969)
    (0.423584,-0.168839)
    (0.417208,-0.161683)
    (0.409795,-0.157237)
     (0.40286,-0.155376)
    (0.397549,-0.155097)
    (0.394122,-0.154915)
    (0.391814,-0.153562)
    (0.389265,-0.150639)
      (0.3853,-0.146699)
    (0.379419,-0.142757)
    (0.371732,-0.139736)
    (0.362628,-0.138248)
    (0.352515,-0.138679)
    (0.341773,-0.141348)
    (0.330817,-0.146597)
    (0.320223,-0.154803)
    (0.310827,-0.166257)
    (0.303727,-0.181015)
    (0.300239,-0.198724)
     (0.30174,-0.218427)
    (0.309371,-0.238399)
    (0.323534,-0.256115)
    (0.343156,-0.268603)
    (0.365196,-0.273728)
    (0.385757,-0.271832)
     (0.40242,-0.265535)
     (0.415127,-0.25764)
    (0.425043,-0.249685)
    (0.433286,-0.242059)
    (0.440501,-0.234682)
    (0.447003,-0.227456)
    (0.453056,-0.220373)
    (0.459068,-0.213343)
    (0.465455,-0.205887)
    (0.472176,-0.197136)
     (0.47844,-0.186338)
    (0.482965,-0.173421)
    (0.484545,-0.159219)
     (0.482711,-0.14526)
    (0.478037,-0.133033)
    (0.471749,-0.123322)
    (0.465085,-0.116121)
    (0.458937,-0.110921)
      (0.45377,-0.10701)
    (0.449665,-0.103669)
    (0.446387,-0.100309)
   (0.443454,-0.0965875)
   (0.440311,-0.0925678)
   (0.436667,-0.0886841)
   (0.432697,-0.0853884)
   (0.428841,-0.0827678)
   (0.425369,-0.0805198)
   (0.422148,-0.0783151)
    (0.41886,-0.0761563)
   (0.415382,-0.0743474)
    (0.41193,-0.0731783)
   (0.408887,-0.0726912)
   (0.406584,-0.0726888)
   (0.405223,-0.0728502)
   (0.404895,-0.0727715)
   (0.405514,-0.0719346)
   (0.406636,-0.0698216)
   (0.407463,-0.0662725)
   (0.407258,-0.0617118)
   (0.405768,-0.0568847)
   (0.403219,-0.0523958)
    (0.400009,-0.048515)
    (0.39647,-0.0452654)
   (0.392802,-0.0425792)
   (0.389126,-0.0403916)
   (0.385543,-0.0386497)
     (0.382151,-0.03728)
   (0.379018,-0.0361809)
   (0.376174,-0.0352407)
   (0.373614,-0.0343493)
   (0.371299,-0.0334029)
   (0.369153,-0.0323159)
   (0.367068,-0.0310347)
   (0.364908,-0.0295608)
   (0.362552,-0.0279764)
   (0.359955,-0.0264189)
    (0.35716,-0.0250088)
   (0.354255,-0.0238058)
   (0.351323,-0.0228063)
    (0.34841,-0.0219648)
   (0.345509,-0.0212376)
   (0.342582,-0.0206218)
   (0.339614,-0.0201521)
   (0.336617,-0.0198673)
    (0.33362,-0.0197916)
   (0.330647,-0.0199422)
   (0.327728,-0.0203402)
   (0.324902,-0.0210085)
    (0.32222,-0.0219649)
   (0.319745,-0.0232242)
   (0.317563,-0.0248003)
   (0.315803,-0.0266858)
   (0.314636,-0.0288065)
   (0.314229,-0.0309762)
   (0.314667,-0.0328873)
     (0.315857,-0.03417)
   (0.317501,-0.0345161)
   (0.319161,-0.0338061)
   (0.320396,-0.0321592)
   (0.320896,-0.0298869)
   (0.320553,-0.0273834)
    (0.31946,-0.0250013)
   (0.317833,-0.0229576)
   (0.315899,-0.0213216)
   (0.313833,-0.0200664)
   (0.311739,-0.0191306)
   (0.309675,-0.0184559)
   (0.307678,-0.0179927)
   (0.305767,-0.0176947)
    (0.303947,-0.017523)
   (0.302209,-0.0174514)
   (0.300539,-0.0174692)
   (0.298925,-0.0175869)
    (0.297376,-0.017833)
   (0.295933,-0.0182364)
   (0.294664,-0.0188059)
    (0.29366,-0.0195131)
   (0.293011,-0.0202744)
   (0.292766,-0.0209446)
   (0.292895,-0.0213469)
   (0.293273,-0.0213306)
    (0.293711,-0.020817)
   (0.293996,-0.0198269)
   (0.293953,-0.0184888)
   (0.293511,-0.0169923)
   (0.292701,-0.0155061)
   (0.291611,-0.0141302)
   (0.290323,-0.0129077)
   (0.288906,-0.0118543)
   (0.287418,-0.0109707)
   (0.285913,-0.0102419)
  (0.284425,-0.00963833)
  (0.282971,-0.00912568)
  (0.281549,-0.00867756)
  (0.280152,-0.00828168)
  (0.278774,-0.00793504)
  (0.277417,-0.00763674)
  (0.276085,-0.00738452)
  (0.274782,-0.00717466)
   (0.27351,-0.00700304)
  (0.272272,-0.00686616)
  (0.271073,-0.00676108)
  (0.269918,-0.00668321)
  (0.268816,-0.00662252)
  (0.267772,-0.00656109)
  (0.266775,-0.00647696)
  (0.265805,-0.00635616)
  (0.264835,-0.00620252)
  (0.263848,-0.00603404)
  (0.262844,-0.00587048)
  (0.261832,-0.00572486)
  (0.260821,-0.00560242)
  (0.259823,-0.00550291)
  (0.258846,-0.00542182)
  (0.257896,-0.00535065)
  (0.256972,-0.00527865)
  (0.256067,-0.00519725)
   (0.25517,-0.00510466)
  (0.254274,-0.00500621)
  (0.253375,-0.00490992)
  (0.252476,-0.00482217)
  (0.251582,-0.00474605)
  (0.250698,-0.00468178)
  (0.249828,-0.00462702)
  (0.248975,-0.00457732)
  (0.248136,-0.00452771)
    (0.24731,-0.0044756)
  (0.246491,-0.00442192)
  (0.245678,-0.00436925)
  (0.244873,-0.00431931)
   (0.244076,-0.0042719)
   (0.24329,-0.00422527)
  (0.242512,-0.00417774)
  (0.241741,-0.00412931)
  (0.240974,-0.00408159)
  (0.240214,-0.00403611)
   (0.23946,-0.00399313)
    (0.238715,-0.003952)
  (0.237977,-0.00391185)
  (0.237248,-0.00387186)
  (0.236526,-0.00383129)
  (0.235811,-0.00378954)
  (0.235101,-0.00374623)
  (0.234397,-0.00370125)
  (0.233696,-0.00365514)
  (0.232997,-0.00360914)
  (0.232302,-0.00356455)
  (0.231609,-0.00352219)
  (0.230921,-0.00348231)
   (0.230238,-0.0034449)
   (0.229559,-0.0034098)
  (0.228886,-0.00337683)
  (0.228218,-0.00334575)
  (0.227556,-0.00331634)
    (0.2269,-0.00328842)
  (0.226248,-0.00326183)
  (0.225603,-0.00323642)
  (0.224963,-0.00321197)
  (0.224329,-0.00318813)
    (0.2237,-0.00316446)
  (0.223076,-0.00314061)
  (0.222457,-0.00311659)
  (0.221841,-0.00309272)
   (0.221229,-0.0030694)
  (0.220622,-0.00304695)
   (0.220018,-0.0030255)
  (0.219418,-0.00300506)
  (0.218823,-0.00298554)
  (0.218232,-0.00296684)
  (0.217645,-0.00294891)
   (0.217062,-0.0029318)
  (0.216483,-0.00291564)
  (0.215908,-0.00290062)
  (0.215336,-0.00288695)
  (0.214769,-0.00287481)
  (0.214207,-0.00286422)
  (0.213649,-0.00285503)
   (0.213096,-0.0028472)