 (-0.121169,-0.00076467)
 (-0.121322,-0.00076668)
(-0.121476,-0.000768698)
 (-0.12163,-0.000770725)
(-0.121784,-0.000772759)
(-0.121939,-0.000774802)
(-0.122094,-0.000776854)
(-0.122249,-0.000778914)
(-0.122405,-0.000780982)
(-0.122562,-0.000783059)
(-0.122718,-0.000785144)
(-0.122876,-0.000787238)
(-0.123033,-0.000789341)
(-0.123191,-0.000791453)
 (-0.12335,-0.000793573)
(-0.123509,-0.000795702)
 (-0.123668,-0.00079784)
(-0.123828,-0.000799988)
(-0.123988,-0.000802144)
(-0.124149,-0.000804309)
 (-0.12431,-0.000806483)
(-0.124471,-0.000808666)
(-0.124633,-0.000810859)
(-0.124796,-0.000813061)
(-0.124958,-0.000815272)
(-0.125122,-0.000817492)
(-0.125285,-0.000819722)
 (-0.12545,-0.000821961)
 (-0.125614,-0.00082421)
(-0.125779,-0.000826469)
(-0.125945,-0.000828737)
(-0.126111,-0.000831015)
(-0.126277,-0.000833303)
  (-0.126444,-0.0008356)
(-0.126611,-0.000837907)
(-0.126779,-0.000840225)
(-0.126947,-0.000842552)
(-0.127116,-0.000844889)
(-0.127285,-0.000847236)
(-0.127455,-0.000849594)
(-0.127625,-0.000851962)
 (-0.127796,-0.00085434)
(-0.127967,-0.000856728)
(-0.128138,-0.000859127)
 (-0.12831,-0.000861537)
(-0.128483,-0.000863957)
(-0.128656,-0.000866387)
(-0.128829,-0.000868828)
 (-0.129003,-0.00087128)
(-0.129178,-0.000873743)
(-0.129353,-0.000876217)
(-0.129528,-0.000878701)
(-0.129704,-0.000881197)
(-0.129881,-0.000883703)
(-0.130058,-0.000886221)
 (-0.130235,-0.00088875)
 (-0.130413,-0.00089129)
(-0.130592,-0.000893842)
(-0.130771,-0.000896405)
 (-0.13095,-0.000898979)
 (-0.13113,-0.000901565)
(-0.131311,-0.000904163)
(-0.131492,-0.000906772)
(-0.131674,-0.000909393)
(-0.131856,-0.000912026)
(-0.132038,-0.000914671)
(-0.132221,-0.000917328)
(-0.132405,-0.000919997)
(-0.132589,-0.000922678)
(-0.132774,-0.000925371)
 (-0.13296,-0.000928077)
(-0.133145,-0.000930795)
(-0.133332,-0.000933525)
(-0.133519,-0.000936268)
(-0.133706,-0.000939024)
(-0.133894,-0.000941792)
(-0.134083,-0.000944573)
(-0.134272,-0.000947367)
(-0.134462,-0.000950174)
(-0.134652,-0.000952994)
(-0.134843,-0.000955827)
(-0.135034,-0.000958673)
(-0.135226,-0.000961532)
(-0.135419,-0.000964405)
(-0.135612,-0.000967291)
(-0.135806,-0.000970191)
   (-0.136,-0.000973104)
(-0.136195,-0.000976031)
(-0.136391,-0.000978972)
(-0.136587,-0.000981927)
(-0.136783,-0.000984895)
(-0.136981,-0.000987878)
(-0.137178,-0.000990875)
(-0.137377,-0.000993886)
(-0.137576,-0.000996912)
(-0.137776,-0.000999952)
 (-0.137976,-0.00100301)
 (-0.138177,-0.00100608)
 (-0.138378,-0.00100916)
  (-0.13858,-0.00101226)
 (-0.138783,-0.00101537)
  (-0.138986,-0.0010185)
  (-0.13919,-0.00102164)
  (-0.139395,-0.0010248)
   (-0.1396,-0.00102798)
 (-0.139806,-0.00103117)
 (-0.140013,-0.00103437)
  (-0.14022,-0.00103759)
 (-0.140428,-0.00104083)
 (-0.140636,-0.00104408)
 (-0.140845,-0.00104735)
 (-0.141055,-0.00105064)
 (-0.141265,-0.00105394)
 (-0.141477,-0.00105725)
 (-0.141688,-0.00106059)
 (-0.141901,-0.00106394)
  (-0.142114,-0.0010673)
 (-0.142328,-0.00107069)
 (-0.142542,-0.00107409)
  (-0.142757,-0.0010775)
 (-0.142973,-0.00108094)
  (-0.14319,-0.00108439)
 (-0.143407,-0.00108786)
 (-0.143625,-0.00109135)
 (-0.143843,-0.00109485)
 (-0.144062,-0.00109837)
 (-0.144282,-0.00110191)
 (-0.144503,-0.00110547)
 (-0.144725,-0.00110904)
 (-0.144947,-0.00111264)
  (-0.14517,-0.00111625)
 (-0.145393,-0.00111988)
 (-0.145617,-0.00112353)
  (-0.145843,-0.0011272)
 (-0.146068,-0.00113088)
 (-0.146295,-0.00113459)
 (-0.146522,-0.00113831)
  (-0.14675,-0.00114206)
 (-0.146979,-0.00114582)
  (-0.147208,-0.0011496)
  (-0.147439,-0.0011534)
  (-0.14767,-0.00115723)
 (-0.147901,-0.00116107)
 (-0.148134,-0.00116493)
 (-0.148367,-0.00116881)
 (-0.148601,-0.00117272)
 (-0.148836,-0.00117664)
 (-0.149072,-0.00118059)
 (-0.149309,-0.00118455)
 (-0.149546,-0.00118854)
 (-0.149784,-0.00119254)
 (-0.150023,-0.00119657)
 (-0.150262,-0.00120062)
 (-0.150503,-0.00120469)
 (-0.150744,-0.00120879)
  (-0.150986,-0.0012129)
 (-0.151229,-0.00121704)
  (-0.151473,-0.0012212)
 (-0.151718,-0.00122538)
 (-0.151963,-0.00122959)
  (-0.15221,-0.00123382)
 (-0.152457,-0.00123807)
 (-0.152705,-0.00124234)
 (-0.152954,-0.00124664)
 (-0.153203,-0.00125096)
  (-0.153454,-0.0012553)
 (-0.153705,-0.00125967)
 (-0.153958,-0.00126406)
 (-0.154211,-0.00126848)
 (-0.154465,-0.00127292)
  (-0.15472,-0.00127739)
 (-0.154976,-0.00128188)
 (-0.155233,-0.00128639)
  (-0.15549,-0.00129093)
  (-0.155749,-0.0012955)
 (-0.156008,-0.00130009)
 (-0.156269,-0.00130471)
  (-0.15653,-0.00130935)
 (-0.156792,-0.00131402)
 (-0.157056,-0.00131872)
  (-0.15732,-0.00132344)
 (-0.157585,-0.00132819)
 (-0.157851,-0.00133296)
 (-0.158118,-0.00133777)
  (-0.158386,-0.0013426)
 (-0.158655,-0.00134746)
 (-0.158925,-0.00135234)
 (-0.159196,-0.00135726)
  (-0.159468,-0.0013622)
 (-0.159741,-0.00136717)
 (-0.160015,-0.00137217)
  (-0.160289,-0.0013772)
 (-0.160565,-0.00138226)
 (-0.160842,-0.00138734)
  (-0.16112,-0.00139246)
 (-0.161399,-0.00139761)
 (-0.161679,-0.00140279)
  (-0.16196,-0.00140799)
 (-0.162242,-0.00141323)
  (-0.162525,-0.0014185)
   (-0.16281,-0.0014238)
 (-0.163095,-0.00142914)
  (-0.163381,-0.0014345)
  (-0.163668,-0.0014399)
 (-0.163957,-0.00144532)
 (-0.164246,-0.00145079)
 (-0.164537,-0.00145628)
 (-0.164829,-0.00146181)
 (-0.165122,-0.00146737)
 (-0.165416,-0.00147296)
 (-0.165711,-0.00147859)
 (-0.166007,-0.00148425)
 (-0.166304,-0.00148995)
 (-0.166603,-0.00149568)
 (-0.166903,-0.00150144)
 (-0.167203,-0.00150725)
 (-0.167505,-0.00151308)
 (-0.167808,-0.00151896)
 (-0.168113,-0.00152487)
 (-0.168418,-0.00153081)
  (-0.168725,-0.0015368)
 (-0.169033,-0.00154282)
 (-0.169342,-0.00154887)
 (-0.169652,-0.00155497)
  (-0.169964,-0.0015611)
 (-0.170277,-0.00156728)
 (-0.170591,-0.00157349)
 (-0.170906,-0.00157974)
 (-0.171222,-0.00158603)
  (-0.17154,-0.00159236)
 (-0.171859,-0.00159873)
  (-0.17218,-0.00160514)
  (-0.172501,-0.0016116)
 (-0.172824,-0.00161809)
 (-0.173148,-0.00162463)
 (-0.173474,-0.00163121)
 (-0.173801,-0.00163783)
 (-0.174129,-0.00164449)
  (-0.174458,-0.0016512)
 (-0.174789,-0.00165795)
 (-0.175121,-0.00166474)
 (-0.175455,-0.00167158)
  (-0.17579,-0.00167847)
  (-0.176126,-0.0016854)
 (-0.176464,-0.00169237)
 (-0.176803,-0.00169939)
 (-0.177143,-0.00170646)
 (-0.177485,-0.00171358)
 (-0.177829,-0.00172074)
 (-0.178173,-0.00172795)
  (-0.17852,-0.00173521)
 (-0.178867,-0.00174252)
 (-0.179217,-0.00174987)
 (-0.179567,-0.00175728)
 (-0.179919,-0.00176474)
 (-0.180273,-0.00177225)
 (-0.180628,-0.00177981)
 (-0.180985,-0.00178742)
 (-0.181343,-0.00179508)
  (-0.181703,-0.0018028)
 (-0.182064,-0.00181057)
 (-0.182427,-0.00181839)
 (-0.182791,-0.00182627)
  (-0.183157,-0.0018342)
 (-0.183524,-0.00184219)
 (-0.183894,-0.00185023)
 (-0.184264,-0.00185833)
 (-0.184637,-0.00186648)
  (-0.185011,-0.0018747)
 (-0.185386,-0.00188297)
  (-0.185764,-0.0018913)
 (-0.186143,-0.00189969)
 (-0.186523,-0.00190814)
 (-0.186906,-0.00191665)
  (-0.18729,-0.00192522)
 (-0.187676,-0.00193386)
 (-0.188063,-0.00194255)
 (-0.188453,-0.00195131)
 (-0.188844,-0.00196013)
 (-0.189236,-0.00196902)
 (-0.189631,-0.00197797)
 (-0.190027,-0.00198698)
 (-0.190426,-0.00199607)
 (-0.190826,-0.00200522)
 (-0.191227,-0.00201443)
 (-0.191631,-0.00202372)
 (-0.192037,-0.00203307)
  (-0.192444,-0.0020425)
 (-0.192853,-0.00205199)
 (-0.193265,-0.00206156)
  (-0.193678,-0.0020712)
 (-0.194093,-0.00208091)
  (-0.19451,-0.00209069)
 (-0.194929,-0.00210055)
  (-0.19535,-0.00211048)
 (-0.195773,-0.00212049)
 (-0.196198,-0.00213058)
 (-0.196625,-0.00214074)
 (-0.197054,-0.00215099)
 (-0.197485,-0.00216131)
 (-0.197918,-0.00217171)
 (-0.198353,-0.00218219)
 (-0.198791,-0.00219276)
   (-0.19923,-0.0022034)
 (-0.199672,-0.00221414)
 (-0.200116,-0.00222495)
 (-0.200562,-0.00223585)
  (-0.20101,-0.00224684)
  (-0.20146,-0.00225791)
 (-0.201913,-0.00226908)
 (-0.202367,-0.00228033)
 (-0.202824,-0.00229167)
 (-0.203284,-0.00230311)
 (-0.203745,-0.00231464)
 (-0.204209,-0.00232626)
 (-0.204676,-0.00233797)
 (-0.205144,-0.00234979)
 (-0.205615,-0.00236169)
  (-0.206088,-0.0023737)
 (-0.206564,-0.00238581)
 (-0.207042,-0.00239801)
 (-0.207523,-0.00241032)
 (-0.208006,-0.00242273)
 (-0.208492,-0.00243524)
  (-0.20898,-0.00244786)
 (-0.209471,-0.00246059)
 (-0.209964,-0.00247342)
  (-0.21046,-0.00248637)
 (-0.210958,-0.00249942)
 (-0.211459,-0.00251258)
 (-0.211963,-0.00252586)
 (-0.212469,-0.00253925)
 (-0.212978,-0.00255276)
  (-0.21349,-0.00256638)
 (-0.214004,-0.00258012)
 (-0.214521,-0.00259399)
 (-0.215041,-0.00260797)
 (-0.215564,-0.00262208)
  (-0.21609,-0.00263631)
 (-0.216618,-0.00265066)
  (-0.21715,-0.00266515)
 (-0.217684,-0.00267976)
 (-0.218221,-0.00269451)
 (-0.218761,-0.00270939)
  (-0.219305,-0.0027244)
 (-0.219851,-0.00273955)
   (-0.2204,-0.00275483)
 (-0.220952,-0.00277026)
 (-0.221508,-0.00278583)
 (-0.222066,-0.00280154)
 (-0.222628,-0.00281739)
 (-0.223193,-0.00283339)
 (-0.223761,-0.00284954)
 (-0.224332,-0.00286584)
  (-0.224906,-0.0028823)
 (-0.225484,-0.00289891)
 (-0.226065,-0.00291567)
   (-0.22665,-0.0029326)
 (-0.227238,-0.00294968)
 (-0.227829,-0.00296693)
 (-0.228424,-0.00298435)
 (-0.229023,-0.00300193)
 (-0.229624,-0.00301968)
  (-0.23023,-0.00303761)
 (-0.230839,-0.00305571)
 (-0.231452,-0.00307398)
 (-0.232068,-0.00309244)
 (-0.232688,-0.00311108)
  (-0.233312,-0.0031299)
 (-0.233939,-0.00314891)
 (-0.234571,-0.00316812)
 (-0.235206,-0.00318751)
  (-0.235845,-0.0032071)
 (-0.236488,-0.00322689)
 (-0.237135,-0.00324688)
 (-0.237786,-0.00326707)
 (-0.238441,-0.00328747)
   (-0.2391,-0.00330808)
  (-0.239764,-0.0033289)
 (-0.240431,-0.00334994)
  (-0.241103,-0.0033712)
 (-0.241779,-0.00339268)
 (-0.242459,-0.00341439)
 (-0.243144,-0.00343633)
  (-0.243833,-0.0034585)
  (-0.244527,-0.0034809)
 (-0.245225,-0.00350355)
 (-0.245927,-0.00352644)
 (-0.246634,-0.00354957)
 (-0.247346,-0.00357296)
  (-0.248063,-0.0035966)
 (-0.248784,-0.00362051)
  (-0.24951,-0.00364467)
  (-0.250241,-0.0036691)
 (-0.250977,-0.00369381)
 (-0.251718,-0.00371879)
 (-0.252464,-0.00374405)
 (-0.253214,-0.00376959)
  (-0.25397,-0.00379542)
 (-0.254732,-0.00382155)
 (-0.255498,-0.00384798)
  (-0.25627,-0.00387471)
 (-0.257047,-0.00390174)
  (-0.25783,-0.00392909)
 (-0.258618,-0.00395676)
 (-0.259411,-0.00398476)
  (-0.26021,-0.00401308)
 (-0.261015,-0.00404174)
 (-0.261826,-0.00407074)
 (-0.262642,-0.00410008)
 (-0.263465,-0.00412978)
 (-0.264293,-0.00415983)
 (-0.265128,-0.00419025)
 (-0.265968,-0.00422104)
 (-0.266815,-0.00425221)
 (-0.267668,-0.00428376)
  (-0.268527,-0.0043157)
 (-0.269393,-0.00434804)
 (-0.270265,-0.00438078)
 (-0.271144,-0.00441394)
 (-0.272029,-0.00444751)
 (-0.272921,-0.00448151)
  (-0.27382,-0.00451595)
 (-0.274726,-0.00455083)
 (-0.275639,-0.00458615)
 (-0.276559,-0.00462194)
 (-0.277486,-0.00465819)
 (-0.278421,-0.00469493)
 (-0.279363,-0.00473214)
 (-0.280312,-0.00476985)
 (-0.281269,-0.00480806)
 (-0.282234,-0.00484679)
 (-0.283206,-0.00488604)
 (-0.284186,-0.00492582)
 (-0.285175,-0.00496614)
 (-0.286171,-0.00500702)
 (-0.287176,-0.00504846)
 (-0.288188,-0.00509048)
  (-0.28921,-0.00513309)
   (-0.29024,-0.0051763)
 (-0.291278,-0.00522012)
 (-0.292326,-0.00526456)
 (-0.293382,-0.00530963)
 (-0.294448,-0.00535536)
 (-0.295522,-0.00540175)
 (-0.296606,-0.00544882)
 (-0.297699,-0.00549657)
 (-0.298802,-0.00554504)
 (-0.299915,-0.00559422)
 (-0.301038,-0.00564413)
   (-0.30217,-0.0056948)
 (-0.303313,-0.00574624)
 (-0.304466,-0.00579846)
  (-0.30563,-0.00585147)
 (-0.306804,-0.00590531)
 (-0.307989,-0.00595999)
 (-0.309185,-0.00601552)
 (-0.310393,-0.00607192)
 (-0.311611,-0.00612922)
 (-0.312841,-0.00618743)
 (-0.314083,-0.00624658)
 (-0.315337,-0.00630668)
 (-0.316602,-0.00636776)
 (-0.317881,-0.00642984)
 (-0.319171,-0.00649295)
 (-0.320474,-0.00655711)
  (-0.32179,-0.00662234)
  (-0.32312,-0.00668867)
 (-0.324462,-0.00675613)
 (-0.325818,-0.00682474)
 (-0.327188,-0.00689453)
 (-0.328572,-0.00696554)
  (-0.32997,-0.00703778)
  (-0.331383,-0.0071113)
 (-0.332811,-0.00718612)
 (-0.334253,-0.00726228)
 (-0.335711,-0.00733981)
 (-0.337185,-0.00741874)
 (-0.338674,-0.00749912)
 (-0.340179,-0.00758098)
 (-0.341701,-0.00766437)
  (-0.34324,-0.00774931)
 (-0.344796,-0.00783585)
 (-0.346369,-0.00792404)
  (-0.34796,-0.00801392)
 (-0.349569,-0.00810553)
 (-0.351196,-0.00819893)
 (-0.352842,-0.00829417)
 (-0.354508,-0.00839128)
 (-0.356193,-0.00849034)
 (-0.357897,-0.00859139)
  (-0.359622,-0.0086945)
 (-0.361368,-0.00879971)
  (-0.363135,-0.0089071)
 (-0.364924,-0.00901672)
 (-0.366734,-0.00912865)
 (-0.368567,-0.00924295)
 (-0.370423,-0.00935969)
 (-0.372303,-0.00947895)
 (-0.374207,-0.00960081)
 (-0.376135,-0.00972535)
 (-0.378088,-0.00985265)
 (-0.380066,-0.00998279)
  (-0.382071,-0.0101159)
   (-0.384103,-0.010252)
  (-0.386162,-0.0103912)
  (-0.388249,-0.0105337)
  (-0.390364,-0.0106796)
  (-0.392509,-0.0108289)
  (-0.394684,-0.0109817)
   (-0.39689,-0.0111383)
  (-0.399127,-0.0112986)
  (-0.401396,-0.0114629)
  (-0.403699,-0.0116314)
   (-0.406035,-0.011804)
  (-0.408406,-0.0119811)
  (-0.410812,-0.0121626)
  (-0.413255,-0.0123489)
  (-0.415736,-0.0125401)
  (-0.418255,-0.0127364)
  (-0.420813,-0.0129379)
  (-0.423412,-0.0131449)
  (-0.426053,-0.0133576)
  (-0.428736,-0.0135761)
  (-0.431463,-0.0138008)
  (-0.434235,-0.0140319)
  (-0.437054,-0.0142695)
  (-0.439921,-0.0145141)
  (-0.442836,-0.0147659)
  (-0.445802,-0.0150251)
  (-0.448821,-0.0152921)
  (-0.451893,-0.0155673)
   (-0.45502,-0.0158509)
  (-0.458204,-0.0161434)
  (-0.461447,-0.0164451)
   (-0.46475,-0.0167565)
   (-0.468116,-0.017078)
    (-0.471547,-0.01741)
  (-0.475044,-0.0177531)
   (-0.47861,-0.0181078)
  (-0.482247,-0.0184745)
   (-0.485958,-0.018854)
  (-0.489745,-0.0192468)
  (-0.493611,-0.0196536)
  (-0.497558,-0.0200751)
    (-0.50159,-0.020512)
   (-0.50571,-0.0209652)
   (-0.50992,-0.0214354)
  (-0.514225,-0.0219237)
  (-0.518627,-0.0224309)
  (-0.523131,-0.0229581)
  (-0.527741,-0.0235065)
   (-0.53246,-0.0240772)
  (-0.537294,-0.0246715)
  (-0.542247,-0.0252908)
  (-0.547323,-0.0259365)
  (-0.552529,-0.0266102)
   (-0.55787,-0.0273137)
  (-0.563351,-0.0280489)
  (-0.568978,-0.0288176)
    (-0.57476,-0.029622)
  (-0.580702,-0.0304646)
  (-0.586812,-0.0313477)
  (-0.593098,-0.0322743)
  (-0.599568,-0.0332471)
  (-0.606233,-0.0342696)
  (-0.613101,-0.0353452)
  (-0.620182,-0.0364779)
  (-0.627489,-0.0376717)
  (-0.635033,-0.0389315)
  (-0.642827,-0.0402622)
  (-0.650884,-0.0416695)
  (-0.659221,-0.0431595)
   (-0.667851,-0.044739)
  (-0.676794,-0.0464156)
  (-0.686068,-0.0481974)
  (-0.695693,-0.0500939)
   (-0.70569,-0.0521152)
  (-0.716085,-0.0542728)
  (-0.726903,-0.0565796)
  (-0.738172,-0.0590498)
  (-0.749923,-0.0616997)
  (-0.762191,-0.0645475)
  (-0.775012,-0.0676137)
  (-0.788427,-0.0709215)
  (-0.802481,-0.0744976)
  (-0.817223,-0.0783722)
  (-0.832709,-0.0825798)
  (-0.848998,-0.0871604)
  (-0.866158,-0.0921596)
  (-0.884265,-0.0976309)
     (-0.9034,-0.103636)
   (-0.923657,-0.110247)
   (-0.945141,-0.117549)
   (-0.967969,-0.125641)
   (-0.992273,-0.134644)
     (-1.0182,-0.144697)
    (-1.04592,-0.155972)
    (-1.07562,-0.168673)
    (-1.10752,-0.183049)
    (-1.14186,-0.199406)
     (-1.17891,-0.21812)
    (-1.21898,-0.239659)
    (-1.26242,-0.264609)
     (-1.3096,-0.293711)
    (-1.36095,-0.327909)
     (-1.4169,-0.368417)
    (-1.47787,-0.416814)
    (-1.54424,-0.475164)
    (-1.61621,-0.546189)
    (-1.69364,-0.633495)
    (-1.77568,-0.741863)
    (-1.86018,-0.877585)
     (-1.94258,-1.04874)
     (-2.01404,-1.26514)
     (-2.05851,-1.53721)
     (-2.04881,-1.87207)
     (-1.94377,-2.26438)
        (-1.69323,-2.68)
     (-1.26276,-3.04053)
    (-0.678717,-3.23625)
    (-0.050767,-3.19003)
     (0.482657,-2.92218)
      (0.841904,-2.5321)
      (1.02921,-2.12245)
      (1.08958,-1.75396)
      (1.07126,-1.44761)
      (1.01001,-1.20253)
     (0.928232,-1.00968)
    (0.838753,-0.858749)
    (0.748441,-0.740692)
     (0.66071,-0.648323)
    (0.577053,-0.576219)
    (0.497937,-0.520407)
    (0.423314,-0.478075)
    (0.352922,-0.447334)
    (0.286486,-0.427066)
    (0.223896,-0.416818)
    (0.165414,-0.416738)
     (0.111972,-0.42749)
   (0.0656377,-0.450023)
   (0.0302149,-0.484957)
   (0.0116978,-0.531151)
   (0.0175622,-0.583198)
   (0.0530592,-0.628974)
    (0.114301,-0.651418)
    (0.184546,-0.638195)
    (0.242276,-0.591913)
    (0.274833,-0.527694)
     (0.282397,-0.46148)
    (0.272115,-0.402729)
    (0.251885,-0.354443)
    (0.227595,-0.315741)
    (0.202508,-0.284094)
    (0.177546,-0.257002)
    (0.152319,-0.233124)
    (0.126443,-0.212293)
    (0.100135,-0.194729)
    (0.0740006,-0.18044)
   (0.0486959,-0.169102)
   (0.0247278,-0.160114)
    (0.0023094,-0.15268)
  (-0.0187867,-0.146003)
  (-0.0391631,-0.139639)
   (-0.059412,-0.133655)
  (-0.0797753,-0.128398)
    (-0.10016,-0.124145)
   (-0.120334,-0.120968)
   (-0.140091,-0.118737)
    (-0.15936,-0.117183)
   (-0.178294,-0.116031)
    (-0.197213,-0.11518)
   (-0.216419,-0.114774)
   (-0.236048,-0.115079)
   (-0.256092,-0.116348)
   (-0.276492,-0.118786)
    (-0.297176,-0.12259)
   (-0.318044,-0.128002)
   (-0.338926,-0.135335)
   (-0.359488,-0.144985)
    (-0.379107,-0.15738)
   (-0.396708,-0.172829)
   (-0.410641,-0.191129)
    (-0.418903,-0.21091)
   (-0.420153,-0.229012)
     (-0.41553,-0.24107)
   (-0.409472,-0.244119)
   (-0.407415,-0.239097)
   (-0.412344,-0.229931)
   (-0.424071,-0.220441)
   (-0.441006,-0.212649)
   (-0.461829,-0.207166)
    (-0.485878,-0.20423)
   (-0.512734,-0.204208)
   (-0.541912,-0.207499)
   (-0.572881,-0.214385)
    (-0.605156,-0.22505)
    (-0.638279,-0.23965)
   (-0.671728,-0.258293)
   (-0.704914,-0.280843)
   (-0.737518,-0.306741)
    (-0.77005,-0.335314)
   (-0.803945,-0.366735)
   (-0.840602,-0.402819)
   (-0.880051,-0.446741)
   (-0.920224,-0.501909)
   (-0.956968,-0.570719)
   (-0.984633,-0.653257)
   (-0.997801,-0.746126)
   (-0.994418,-0.843102)
   (-0.977443,-0.939411)
    (-0.950765,-1.03599)
     (-0.91305,-1.13685)
    (-0.858242,-1.24254)
    (-0.780906,-1.34907)
    (-0.676818,-1.45145)
    (-0.539384,-1.54145)
    (-0.364938,-1.59991)
     (-0.168201,-1.6014)
    (0.0158116,-1.53671)
     (0.155166,-1.42511)
     (0.241065,-1.29824)
     (0.283415,-1.17984)
      (0.297895,-1.0813)
     (0.299757,-1.00486)
    (0.301136,-0.945662)
    (0.307908,-0.894378)
     (0.31898,-0.842123)
     (0.32895,-0.783737)
    (0.330824,-0.718702)
    (0.318918,-0.651359)
    (0.291886,-0.588658)
    (0.252646,-0.536348)
    (0.205844,-0.497262)
    (0.155876,-0.471889)
    (0.106251,-0.459395)
   (0.0595076,-0.458245)
   (0.0170937,-0.466697)
   (-0.020515,-0.483633)
  (-0.0528014,-0.509272)
  (-0.0777136,-0.544713)
   (-0.090836,-0.590352)
  (-0.0857272,-0.643744)
  (-0.0559379,-0.697436)
 (0.000637296,-0.738272)
   (0.0764472,-0.751215)
    (0.153848,-0.728321)
    (0.213738,-0.675246)
    (0.246097,-0.607334)
    (0.252228,-0.539771)
    (0.239556,-0.481706)
    (0.216327,-0.436333)
    (0.189236,-0.402988)
    (0.162697,-0.378808)
    (0.138498,-0.360131)
    (0.116118,-0.344063)
   (0.0940532,-0.329413)
   (0.0710917,-0.316414)
    (0.0468894,-0.30604)
    (0.0222058,-0.29923)
 (-0.00146827,-0.295964)
  (-0.0230674,-0.294929)
   (-0.0429933,-0.29444)
  (-0.0627682,-0.293923)
  (-0.0835526,-0.294224)
    (-0.10544,-0.296554)
   (-0.127946,-0.301852)
   (-0.150207,-0.311014)
   (-0.170475,-0.324719)
   (-0.186071,-0.342326)
   (-0.194743,-0.360862)
    (-0.196958,-0.37568)
   (-0.196897,-0.383465)
   (-0.199936,-0.385083)
   (-0.208763,-0.384624)
     (-0.222576,-0.3858)
   (-0.239424,-0.390085)
   (-0.258179,-0.397686)
   (-0.278432,-0.409041)
   (-0.299538,-0.425095)
   (-0.320167,-0.446771)
    (-0.33844,-0.474444)
   (-0.352399,-0.507761)
   (-0.360213,-0.546068)
   (-0.359332,-0.588512)
    (-0.34587,-0.632112)
   (-0.317466,-0.669208)
   (-0.278983,-0.689572)
    (-0.24364,-0.688737)
   (-0.224793,-0.673734)
    (-0.226955,-0.65839)
   (-0.245461,-0.654742)
   (-0.271338,-0.669322)
   (-0.294884,-0.703848)
   (-0.306622,-0.756366)
   (-0.297724,-0.820716)
   (-0.262854,-0.885508)
    (-0.204882,-0.93718)
   (-0.134475,-0.967775)
  (-0.0620246,-0.978125)
    (0.007485,-0.971792)
    (0.0704652,-0.95042)
    (0.121497,-0.917429)
    (0.158114,-0.880873)
    (0.185044,-0.847988)
     (0.20996,-0.818769)
    (0.235604,-0.787136)
     (0.25713,-0.748578)
     (0.26774,-0.706022)
      (0.26612,-0.66749)
    (0.257812,-0.639308)
    (0.251227,-0.621811)
    (0.252436,-0.609282)
    (0.261415,-0.593585)
    (0.272475,-0.569763)
    (0.279321,-0.538657)
       (0.2791,-0.50395)
    (0.271591,-0.468551)
    (0.256966,-0.434302)
    (0.235438,-0.403016)
    (0.207781,-0.376538)
    (0.175265,-0.356323)
    (0.139327,-0.343427)
    (0.101499,-0.338702)
     (0.0635261,-0.3429)
   (0.0275926,-0.356667)
 (-0.00333527,-0.380301)
  (-0.0252134,-0.413008)
  (-0.0333198,-0.451511)
  (-0.0243695,-0.488744)
(-0.000300451,-0.514963)
   (0.0297751,-0.523009)
   (0.0536979,-0.513882)
   (0.0635935,-0.496146)
   (0.0590096,-0.480074)
    (0.0447514,-0.47305)
   (0.0278007,-0.478512)
   (0.0156307,-0.496239)
    (0.015049,-0.522212)
   (0.0299809,-0.548476)
   (0.0582284,-0.565408)
   (0.0912211,-0.567539)
    (0.120093,-0.557377)
        (0.142,-0.54148)
    (0.159368,-0.523867)
    (0.174913,-0.504148)
    (0.188512,-0.480071)
    (0.197438,-0.450583)
    (0.198343,-0.417288)
    (0.189513,-0.384077)
    (0.172031,-0.355177)
       (0.149,-0.333219)
    (0.123986,-0.318726)
   (0.0999596,-0.310522)
    (0.0786865,-0.30627)
   (0.0601796,-0.303251)
   (0.0427785,-0.299699)
    (0.024498,-0.295675)
    (0.00446679,-0.2923)
  (-0.0171778,-0.290306)
  (-0.0404647,-0.289717)
  (-0.0661536,-0.290763)
  (-0.0950405,-0.294629)
    (-0.12713,-0.303089)
   (-0.161649,-0.317823)
    (-0.197414,-0.34028)
    (-0.23291,-0.371892)
   (-0.265979,-0.414219)
    (-0.29324,-0.468731)
     (-0.3095,-0.535907)
   (-0.307899,-0.613434)
   (-0.282025,-0.694246)
   (-0.230118,-0.766926)
   (-0.157914,-0.820379)
  (-0.0760166,-0.849402)
  (0.00612634,-0.855297)
   (0.0830527,-0.841395)
    (0.150462,-0.809983)
    (0.202804,-0.764885)
    (0.236639,-0.713907)
    (0.254169,-0.665344)
    (0.261185,-0.623448)
    (0.262874,-0.588177)
    (0.261871,-0.557732)
    (0.258906,-0.530887)
    (0.254729,-0.507512)
    (0.251105,-0.486962)
    (0.249168,-0.466634)
    (0.247138,-0.443556)
     (0.241274,-0.41758)
    (0.229411,-0.391601)
    (0.212334,-0.368581)
    (0.191971,-0.349527)
    (0.169368,-0.334118)
     (0.144467,-0.32237)
     (0.117324,-0.31536)
   (0.0891426,-0.314552)
    (0.062308,-0.320737)
   (0.0398552,-0.333277)
   (0.0245324,-0.349562)
   (0.0171827,-0.365121)
   (0.0152428,-0.375453)
    (0.0135124,-0.37896)
  (0.00732222,-0.377956)
 (-0.00516249,-0.376672)
   (-0.023226,-0.378963)
   (-0.0447817,-0.38756)
  (-0.0670167,-0.404066)
  (-0.0867765,-0.428929)
   (-0.100923,-0.461509)
   (-0.106504,-0.500107)
   (-0.101213,-0.541812)
    (-0.084119,-0.58306)
  (-0.0552141,-0.620636)
  (-0.0143719,-0.650893)
   (0.0370378,-0.668098)
   (0.0927909,-0.666468)
    (0.142786,-0.645574)
    (0.179198,-0.611846)
    (0.200477,-0.573958)
    (0.209837,-0.537964)
    (0.211621,-0.505976)
    (0.208848,-0.477467)
     (0.20254,-0.451062)
    (0.191985,-0.425996)
     (0.17583,-0.403227)
    (0.153832,-0.385314)
    (0.127689,-0.374933)
    (0.100473,-0.373647)
   (0.0758439,-0.381571)
   (0.0575421,-0.397208)
   (0.0486412,-0.417177)
    (0.050267,-0.436534)
   (0.0607548,-0.450262)
   (0.0762533,-0.454838)
   (0.0916746,-0.448772)
    (0.101401,-0.433251)
    (0.101119,-0.412596)
     (0.0898171,-0.3927)
   (0.0696888,-0.378475)
    (0.044422,-0.372567)
   (0.0176489,-0.375653)
   (-0.00761515,-0.3873)
   (-0.0288459,-0.40647)
  (-0.0439019,-0.431577)
  (-0.0511255,-0.460517)
  (-0.0493583,-0.490775)
   (-0.0379309,-0.51925)
  (-0.0172026,-0.541852)
  (0.00993802,-0.553816)
   (0.0368928,-0.552212)
   (0.0555548,-0.539447)
   (0.0613697,-0.523071)
    (0.0557269,-0.51133)
    (0.0441091,-0.50951)
   (0.0335318,-0.519086)
    (0.030982,-0.537689)
   (0.0415126,-0.558807)
   (0.0649737,-0.573056)
    (0.094261,-0.573204)
    (0.119542,-0.559395)
    (0.135203,-0.537661)
    (0.141172,-0.513746)
    (0.138971,-0.490474)
      (0.1294,-0.469677)
    (0.113543,-0.453567)
   (0.0935812,-0.443904)
    (0.0721423,-0.44118)
   (0.0514173,-0.444702)
   (0.0325017,-0.453238)
   (0.0154962,-0.466266)
  (0.00108789,-0.484588)
 (-0.00792114,-0.508782)
 (-0.00748439,-0.536623)
  (0.00444809,-0.562383)
    (0.0251605,-0.57965)
   (0.0483104,-0.585546)
   (0.0679947,-0.581707)
   (0.0809599,-0.571865)
   (0.0860851,-0.560034)
   (0.0840579,-0.550225)
    (0.0777546,-0.54556)
   (0.0714793,-0.546592)
   (0.0686324,-0.550652)
   (0.0693486,-0.553492)
   (0.0704348,-0.552495)
   (0.0680472,-0.548457)
   (0.0602408,-0.544426)
   (0.0473756,-0.543703)
   (0.0315315,-0.548661)
   (0.0156434,-0.559876)
  (0.00176623,-0.575929)
  (-0.0103947,-0.595224)
   (-0.0222881,-0.61861)
   (-0.033137,-0.649484)
   (-0.037872,-0.690591)
  (-0.0285183,-0.739909)
 (0.000911551,-0.788431)
   (0.0479384,-0.823236)
     (0.100221,-0.83674)
    (0.144328,-0.833414)
    (0.176015,-0.824796)
    (0.200545,-0.819088)
    (0.225375,-0.816418)
    (0.253449,-0.811455)
       (0.28134,-0.7995)
    (0.302932,-0.781317)
     (0.315203,-0.76259)
    (0.320462,-0.749138)
    (0.323889,-0.743148)
     (0.32984,-0.743132)
    (0.340262,-0.746387)
    (0.355789,-0.750762)
    (0.376907,-0.754173)
    (0.403204,-0.753909)
    (0.432577,-0.747898)
     (0.462664,-0.73592)
    (0.492302,-0.718453)
    (0.520826,-0.695284)
    (0.546865,-0.665719)
    (0.567933,-0.629575)
    (0.580927,-0.588304)
    (0.583639,-0.545488)
    (0.576401,-0.505738)
    (0.562183,-0.472528)
     (0.54499,-0.446838)
    (0.528067,-0.427484)
    (0.513209,-0.412276)
      (0.5008,-0.398752)
      (0.4897,-0.384817)
    (0.477624,-0.369884)
    (0.462727,-0.355438)
    (0.445131,-0.343914)
    (0.426922,-0.336791)
    (0.410714,-0.333391)
    (0.397739,-0.331133)
      (0.386666,-0.3273)
    (0.374399,-0.321297)
    (0.358548,-0.315206)
     (0.33907,-0.312059)
    (0.317785,-0.313892)
    (0.296925,-0.321176)
    (0.278166,-0.333466)
    (0.262743,-0.350228)
     (0.25205,-0.370792)
    (0.247493,-0.393755)
    (0.249797,-0.417061)
      (0.2589,-0.438576)
    (0.274171,-0.456116)
     (0.29392,-0.467429)
    (0.314966,-0.471301)
    (0.333872,-0.468994)
    (0.349415,-0.463708)
    (0.363376,-0.457681)
    (0.378112,-0.449978)
    (0.393371,-0.437684)
    (0.405858,-0.419262)
    (0.411878,-0.396471)
    (0.410006,-0.373108)
    (0.401315,-0.352633)
    (0.388096,-0.337097)
    (0.372946,-0.327259)
     (0.358378,-0.32268)
    (0.346217,-0.321787)
    (0.336989,-0.322545)
     (0.330115,-0.32343)
    (0.324723,-0.323758)
    (0.320134,-0.323296)
    (0.315751,-0.321956)
    (0.311018,-0.319904)
    (0.305654,-0.317485)
      (0.299589,-0.3149)
     (0.292659,-0.31226)
    (0.284695,-0.309805)
     (0.27565,-0.307755)
     (0.26539,-0.306278)
    (0.253738,-0.305733)
    (0.240735,-0.306589)
    (0.226526,-0.309175)
    (0.211125,-0.313835)
    (0.194611,-0.321207)
    (0.177478,-0.332048)
    (0.160579,-0.346864)
    (0.144855,-0.365843)
    (0.131228,-0.388949)
     (0.12053,-0.415994)
    (0.113533,-0.446833)
    (0.111282,-0.481427)
     (0.115396,-0.51941)
    (0.127736,-0.559436)
    (0.149548,-0.599182)
    (0.181201,-0.636109)
    (0.222837,-0.667625)
    (0.274337,-0.689972)
    (0.333052,-0.697799)
    (0.391704,-0.687432)
    (0.441377,-0.661315)
    (0.477508,-0.626936)
    (0.501362,-0.591167)
    (0.516354,-0.557153)
    (0.525003,-0.525771)
       (0.52922,-0.4974)
      (0.53081,-0.47148)
    (0.530201,-0.446421)
     (0.52588,-0.421528)
    (0.516294,-0.398376)
     (0.501789,-0.37963)
    (0.484471,-0.367143)
    (0.466966,-0.361229)
    (0.451369,-0.360985)
    (0.438839,-0.365155)
    (0.430172,-0.372847)
    (0.426648,-0.383051)
    (0.429564,-0.393467)
    (0.438558,-0.400597)
    (0.450795,-0.401627)
    (0.462292,-0.396205)
    (0.469991,-0.386286)
    (0.472618,-0.374705)
    (0.470342,-0.364149)
    (0.464355,-0.356819)
    (0.456693,-0.354185)
    (0.449915,-0.356534)
    (0.446251,-0.362744)
       (0.446759,-0.371)
    (0.451605,-0.379852)
       (0.461,-0.388254)
     (0.475389,-0.39475)
    (0.494678,-0.396977)
    (0.517129,-0.392161)
    (0.539015,-0.378743)
    (0.556099,-0.357873)
    (0.565858,-0.332911)
     (0.56819,-0.307395)
    (0.564325,-0.283724)
    (0.555734,-0.263297)
    (0.543881,-0.246985)
    (0.530297,-0.235273)
    (0.516591,-0.228245)
     (0.504463,-0.22548)
    (0.495563,-0.225757)
    (0.490843,-0.226834)
    (0.489593,-0.226021)
     (0.48929,-0.221769)
    (0.487178,-0.214875)
    (0.482198,-0.207631)
    (0.475177,-0.201911)
    (0.467595,-0.198216)
    (0.460451,-0.195996)
    (0.453894,-0.194458)
    (0.447484,-0.193184)
    (0.440648,-0.192343)
     (0.43312,-0.192649)
     (0.42532,-0.195018)
    (0.418374,-0.199987)
    (0.413701,-0.207301)
    (0.412474,-0.215875)
    (0.415176,-0.224046)
    (0.421357,-0.230042)
    (0.429697,-0.232502)
    (0.438295,-0.230929)
    (0.445355,-0.226002)
     (0.45001,-0.219067)
    (0.452161,-0.211227)
    (0.451858,-0.203316)
    (0.449348,-0.196197)
    (0.445257,-0.190538)
     (0.44031,-0.186574)
     (0.43505,-0.184295)
    (0.429878,-0.183698)
    (0.425269,-0.184831)
    (0.421889,-0.187619)
    (0.420491,-0.191652)
     (0.42173,-0.196147)
    (0.426016,-0.199879)
    (0.433077,-0.201164)
     (0.44144,-0.198434)
    (0.448643,-0.191312)
     (0.452448,-0.18115)
     (0.452028,-0.17029)
    (0.448038,-0.160825)
    (0.441935,-0.153926)
    (0.435308,-0.149792)
    (0.429426,-0.147833)
    (0.424909,-0.146986)
    (0.421603,-0.146233)
    (0.418948,-0.145051)
    (0.416433,-0.143281)
    (0.413502,-0.140867)
    (0.409423,-0.138145)
    (0.403788,-0.136086)
    (0.397046,-0.135823)
    (0.390351,-0.137901)
      (0.3849,-0.141958)
    (0.381245,-0.147019)
    (0.379106,-0.152261)
    (0.377963,-0.157598)
     (0.37784,-0.163405)
    (0.379406,-0.169735)
     (0.383406,-0.17582)
    (0.389857,-0.180182)
    (0.397477,-0.181477)
    (0.404189,-0.179711)
    (0.408587,-0.176381)
     (0.410702,-0.17332)
    (0.411513,-0.171732)
      (0.412326,-0.1721)
    (0.414611,-0.174234)
    (0.419717,-0.176965)
    (0.427968,-0.178188)
    (0.437986,-0.176019)
    (0.447572,-0.170194)
    (0.455381,-0.161803)
     (0.461197,-0.15183)
    (0.464903,-0.140671)
    (0.466042,-0.128839)
    (0.464381,-0.117371)
    (0.460403,-0.107367)
   (0.455081,-0.0994243)
   (0.449399,-0.0935409)
   (0.444074,-0.0893483)
   (0.439526,-0.0863343)
   (0.435933,-0.0839605)
   (0.433274,-0.0817276)
    (0.431375,-0.079194)
   (0.429887,-0.0759798)
   (0.428226,-0.0719106)
    (0.42576,-0.0672419)
   (0.422177,-0.0625859)
    (0.417609,-0.058559)
   (0.412445,-0.0555454)
   (0.407143,-0.0536784)
    (0.40212,-0.0529027)
   (0.397717,-0.0530279)
   (0.394168,-0.0537753)
   (0.391596,-0.0548396)
   (0.390068,-0.0559092)
   (0.389601,-0.0565894)
    (0.389997,-0.056367)
    (0.39067,-0.0548536)
   (0.390855,-0.0521447)
   (0.390068,-0.0487978)
   (0.388307,-0.0454279)
   (0.385843,-0.0424052)
   (0.382964,-0.0398535)
   (0.379875,-0.0377862)
   (0.376734,-0.0361886)
   (0.373685,-0.0350139)
   (0.370842,-0.0341732)
   (0.368278,-0.0335541)
   (0.366025,-0.0330262)
   (0.364059,-0.0324455)
   (0.362275,-0.0316978)
   (0.360527,-0.0307557)
   (0.358702,-0.0296764)
    (0.35675,-0.0285484)
   (0.354673,-0.0274517)
     (0.3525,-0.0264439)
   (0.350278,-0.0255568)
   (0.348051,-0.0248015)
   (0.345867,-0.0241705)
    (0.34377,-0.0236309)
    (0.341779,-0.023125)
   (0.339874,-0.0225863)
   (0.337985,-0.0219672)
   (0.336015,-0.0212788)
   (0.333889,-0.0206078)
    (0.331614,-0.020071)
   (0.329261,-0.0197521)
   (0.326926,-0.0196754)
   (0.324692,-0.0198165)
    (0.322605,-0.020123)
   (0.320669,-0.0205465)
   (0.318862,-0.0210819)
    (0.317202,-0.021772)
   (0.315783,-0.0226513)
   (0.314756,-0.0236683)
    (0.314241,-0.024648)
   (0.314234,-0.0253331)
   (0.314569,-0.0254956)
    (0.31498,-0.0250305)
   (0.315186,-0.0239782)
   (0.314967,-0.0225113)
   (0.314226,-0.0208829)
   (0.313015,-0.0193305)
   (0.311474,-0.0180007)
   (0.309756,-0.0169381)
   (0.307979,-0.0161172)
   (0.306207,-0.0154844)
   (0.304466,-0.0149889)
   (0.302756,-0.0145948)
   (0.301065,-0.0142816)
   (0.299374,-0.0140501)
   (0.297676,-0.0139208)
   (0.295982,-0.0139226)
    (0.29432,-0.0140817)
   (0.292732,-0.0144176)
   (0.291277,-0.0149386)
   (0.290025,-0.0156353)
   (0.289066,-0.0164733)
   (0.288502,-0.0173661)
   (0.288411,-0.0181357)
   (0.288748,-0.0185261)
   (0.289276,-0.0183285)
     (0.28966,-0.017543)
   (0.289669,-0.0163782)
   (0.289268,-0.0150795)
   (0.288535,-0.0138007)
   (0.287554,-0.0126108)
     (0.28639,-0.011544)
   (0.285099,-0.0106205)
  (0.283736,-0.00984571)
  (0.282349,-0.00920818)
   (0.280972,-0.0086838)
  (0.279621,-0.00824437)
  (0.278298,-0.00786679)
     (0.277,-0.00753826)
  (0.275724,-0.00725392)
  (0.274471,-0.00701066)
  (0.273246,-0.00680384)
  (0.272048,-0.00662783)
   (0.27088,-0.00647713)
   (0.26974,-0.00634714)
  (0.268626,-0.00623521)
  (0.267539,-0.00614103)
  (0.266481,-0.00606397)
   (0.26546,-0.00599924)
  (0.264478,-0.00593545)
  (0.263532,-0.00585727)
   (0.262607,-0.0057541)
  (0.261683,-0.00562795)
  (0.260749,-0.00549152)
  (0.259804,-0.00535912)
     (0.258855,-0.00524)
  (0.257909,-0.00513755)
  (0.256974,-0.00505108)
  (0.256054,-0.00497713)
  (0.255153,-0.00491004)
    (0.25427,-0.0048432)
      (0.2534,-0.004772)
  (0.252537,-0.00469656)
  (0.251675,-0.00462093)
  (0.250817,-0.00454969)
  (0.249963,-0.00448565)
  (0.249118,-0.00442963)
  (0.248283,-0.00438092)
  (0.247461,-0.00433741)
  (0.246652,-0.00429584)
   (0.245856,-0.0042528)
  (0.245068,-0.00420671)
  (0.244286,-0.00415883)
   (0.243508,-0.0041119)
  (0.242735,-0.00406788)
   (0.24197,-0.00402691)
   (0.241213,-0.0039877)
  (0.240464,-0.00394891)
  (0.239721,-0.00391037)
  (0.238984,-0.00387307)
  (0.238252,-0.00383804)
  (0.237527,-0.00380554)
   (0.23681,-0.00377516)
  (0.236101,-0.00374618)
    (0.2354,-0.00371786)
  (0.234707,-0.00368939)
  (0.234023,-0.00366001)
  (0.233346,-0.00362865)
  (0.232676,-0.00359386)
  (0.232011,-0.00355462)
  (0.231348,-0.00351144)
  (0.230685,-0.00346641)
  (0.230023,-0.00342204)
  (0.229361,-0.00338008)
  (0.228702,-0.00334122)
  (0.228047,-0.00330544)
  (0.227396,-0.00327239)
   (0.22675,-0.00324167)
  (0.226109,-0.00321289)
  (0.225474,-0.00318576)
  (0.224843,-0.00316006)
  (0.224217,-0.00313561)
   (0.223596,-0.0031122)
  (0.222981,-0.00308953)
   (0.22237,-0.00306721)
  (0.221765,-0.00304494)
  (0.221163,-0.00302266)
  (0.220566,-0.00300052)
  (0.219972,-0.00297877)
  (0.219382,-0.00295761)
  (0.218796,-0.00293717)
  (0.218213,-0.00291744)
   (0.217635,-0.0028984)
   (0.21706,-0.00288001)
  (0.216489,-0.00286231)
  (0.215922,-0.00284537)
  (0.215358,-0.00282931)
  (0.214798,-0.00281426)
  (0.214241,-0.00280033)
  (0.213689,-0.00278759)
  (0.213141,-0.00277603)
  (0.212596,-0.00276555)
  (0.212056,-0.00275618)