(-0.127625,-0.000851962)
 (-0.127796,-0.00085434)
(-0.127967,-0.000856728)
(-0.128138,-0.000859127)
 (-0.12831,-0.000861537)
(-0.128483,-0.000863956)
(-0.128656,-0.000866387)
(-0.128829,-0.000868828)
 (-0.129003,-0.00087128)
(-0.129178,-0.000873743)
(-0.129353,-0.000876216)
(-0.129528,-0.000878701)
(-0.129704,-0.000881197)
(-0.129881,-0.000883703)
(-0.130058,-0.000886221)
 (-0.130235,-0.00088875)
 (-0.130413,-0.00089129)
(-0.130592,-0.000893842)
(-0.130771,-0.000896405)
 (-0.13095,-0.000898979)
 (-0.13113,-0.000901565)
(-0.131311,-0.000904163)
(-0.131492,-0.000906772)
(-0.131674,-0.000909393)
(-0.131856,-0.000912026)
(-0.132038,-0.000914671)
(-0.132221,-0.000917328)
(-0.132405,-0.000919997)
(-0.132589,-0.000922678)
(-0.132774,-0.000925371)
 (-0.13296,-0.000928077)
(-0.133145,-0.000930795)
(-0.133332,-0.000933525)
(-0.133519,-0.000936268)
(-0.133706,-0.000939024)
(-0.133894,-0.000941792)
(-0.134083,-0.000944573)
(-0.134272,-0.000947367)
(-0.134462,-0.000950174)
(-0.134652,-0.000952993)
(-0.134843,-0.000955826)
(-0.135034,-0.000958672)
(-0.135226,-0.000961532)
(-0.135419,-0.000964405)
(-0.135612,-0.000967291)
 (-0.135806,-0.00097019)
   (-0.136,-0.000973104)
(-0.136195,-0.000976031)
(-0.136391,-0.000978972)
(-0.136587,-0.000981926)
(-0.136783,-0.000984895)
(-0.136981,-0.000987878)
(-0.137178,-0.000990875)
(-0.137377,-0.000993886)
(-0.137576,-0.000996912)
(-0.137776,-0.000999952)
 (-0.137976,-0.00100301)
 (-0.138177,-0.00100608)
 (-0.138378,-0.00100916)
  (-0.13858,-0.00101226)
 (-0.138783,-0.00101537)
  (-0.138986,-0.0010185)
  (-0.13919,-0.00102164)
  (-0.139395,-0.0010248)
   (-0.1396,-0.00102798)
 (-0.139806,-0.00103117)
 (-0.140013,-0.00103437)
  (-0.14022,-0.00103759)
 (-0.140428,-0.00104083)
 (-0.140636,-0.00104408)
 (-0.140845,-0.00104735)
 (-0.141055,-0.00105064)
 (-0.141265,-0.00105394)
 (-0.141477,-0.00105725)
 (-0.141688,-0.00106059)
 (-0.141901,-0.00106394)
  (-0.142114,-0.0010673)
 (-0.142328,-0.00107069)
 (-0.142542,-0.00107409)
  (-0.142757,-0.0010775)
 (-0.142973,-0.00108094)
  (-0.14319,-0.00108439)
 (-0.143407,-0.00108786)
 (-0.143625,-0.00109134)
 (-0.143843,-0.00109485)
 (-0.144062,-0.00109837)
 (-0.144282,-0.00110191)
 (-0.144503,-0.00110547)
 (-0.144725,-0.00110904)
 (-0.144947,-0.00111264)
  (-0.14517,-0.00111625)
 (-0.145393,-0.00111988)
 (-0.145617,-0.00112353)
 (-0.145843,-0.00112719)
 (-0.146068,-0.00113088)
 (-0.146295,-0.00113459)
 (-0.146522,-0.00113831)
  (-0.14675,-0.00114206)
 (-0.146979,-0.00114582)
  (-0.147208,-0.0011496)
  (-0.147439,-0.0011534)
  (-0.14767,-0.00115723)
 (-0.147901,-0.00116107)
 (-0.148134,-0.00116493)
 (-0.148367,-0.00116881)
 (-0.148601,-0.00117272)
 (-0.148836,-0.00117664)
 (-0.149072,-0.00118058)
 (-0.149309,-0.00118455)
 (-0.149546,-0.00118854)
 (-0.149784,-0.00119254)
 (-0.150023,-0.00119657)
 (-0.150262,-0.00120062)
 (-0.150503,-0.00120469)
 (-0.150744,-0.00120879)
  (-0.150986,-0.0012129)
 (-0.151229,-0.00121704)
  (-0.151473,-0.0012212)
 (-0.151718,-0.00122538)
 (-0.151963,-0.00122959)
 (-0.152209,-0.00123382)
 (-0.152457,-0.00123807)
 (-0.152705,-0.00124234)
 (-0.152954,-0.00124664)
 (-0.153203,-0.00125096)
  (-0.153454,-0.0012553)
 (-0.153705,-0.00125967)
 (-0.153958,-0.00126406)
 (-0.154211,-0.00126848)
 (-0.154465,-0.00127292)
  (-0.15472,-0.00127739)
 (-0.154976,-0.00128188)
 (-0.155233,-0.00128639)
  (-0.15549,-0.00129093)
  (-0.155749,-0.0012955)
 (-0.156008,-0.00130009)
 (-0.156269,-0.00130471)
  (-0.15653,-0.00130935)
 (-0.156792,-0.00131402)
 (-0.157056,-0.00131872)
  (-0.15732,-0.00132344)
 (-0.157585,-0.00132819)
 (-0.157851,-0.00133296)
 (-0.158118,-0.00133777)
  (-0.158386,-0.0013426)
 (-0.158655,-0.00134745)
 (-0.158925,-0.00135234)
 (-0.159196,-0.00135726)
  (-0.159468,-0.0013622)
 (-0.159741,-0.00136717)
 (-0.160015,-0.00137217)
  (-0.160289,-0.0013772)
 (-0.160565,-0.00138226)
 (-0.160842,-0.00138734)
  (-0.16112,-0.00139246)
 (-0.161399,-0.00139761)
 (-0.161679,-0.00140279)
  (-0.16196,-0.00140799)
 (-0.162242,-0.00141323)
  (-0.162525,-0.0014185)
   (-0.16281,-0.0014238)
 (-0.163095,-0.00142914)
  (-0.163381,-0.0014345)
  (-0.163668,-0.0014399)
 (-0.163957,-0.00144532)
 (-0.164246,-0.00145078)
 (-0.164537,-0.00145628)
  (-0.164829,-0.0014618)
 (-0.165122,-0.00146737)
 (-0.165416,-0.00147296)
 (-0.165711,-0.00147859)
 (-0.166007,-0.00148425)
 (-0.166304,-0.00148994)
 (-0.166603,-0.00149568)
 (-0.166903,-0.00150144)
 (-0.167203,-0.00150724)
 (-0.167505,-0.00151308)
 (-0.167808,-0.00151895)
 (-0.168113,-0.00152486)
 (-0.168418,-0.00153081)
 (-0.168725,-0.00153679)
 (-0.169033,-0.00154281)
 (-0.169342,-0.00154887)
 (-0.169652,-0.00155497)
  (-0.169964,-0.0015611)
 (-0.170277,-0.00156728)
 (-0.170591,-0.00157349)
 (-0.170906,-0.00157974)
 (-0.171222,-0.00158603)
  (-0.17154,-0.00159236)
 (-0.171859,-0.00159873)
  (-0.17218,-0.00160514)
  (-0.172501,-0.0016116)
 (-0.172824,-0.00161809)
 (-0.173148,-0.00162463)
  (-0.173474,-0.0016312)
 (-0.173801,-0.00163782)
 (-0.174129,-0.00164449)
  (-0.174458,-0.0016512)
 (-0.174789,-0.00165795)
 (-0.175121,-0.00166474)
 (-0.175455,-0.00167158)
  (-0.17579,-0.00167846)
 (-0.176126,-0.00168539)
 (-0.176464,-0.00169237)
 (-0.176803,-0.00169939)
 (-0.177143,-0.00170646)
 (-0.177485,-0.00171358)
 (-0.177829,-0.00172074)
 (-0.178173,-0.00172795)
  (-0.17852,-0.00173521)
 (-0.178867,-0.00174252)
 (-0.179217,-0.00174987)
 (-0.179567,-0.00175728)
 (-0.179919,-0.00176474)
 (-0.180273,-0.00177225)
 (-0.180628,-0.00177981)
 (-0.180985,-0.00178742)
 (-0.181343,-0.00179508)
  (-0.181702,-0.0018028)
 (-0.182064,-0.00181056)
 (-0.182427,-0.00181839)
 (-0.182791,-0.00182626)
  (-0.183157,-0.0018342)
 (-0.183524,-0.00184218)
 (-0.183894,-0.00185023)
 (-0.184264,-0.00185833)
 (-0.184637,-0.00186648)
  (-0.185011,-0.0018747)
 (-0.185386,-0.00188297)
  (-0.185764,-0.0018913)
 (-0.186143,-0.00189969)
 (-0.186523,-0.00190814)
 (-0.186906,-0.00191665)
  (-0.18729,-0.00192522)
 (-0.187676,-0.00193385)
 (-0.188063,-0.00194255)
 (-0.188452,-0.00195131)
 (-0.188844,-0.00196013)
 (-0.189236,-0.00196901)
 (-0.189631,-0.00197797)
 (-0.190027,-0.00198698)
 (-0.190425,-0.00199606)
 (-0.190825,-0.00200521)
 (-0.191227,-0.00201443)
 (-0.191631,-0.00202372)
 (-0.192037,-0.00203307)
  (-0.192444,-0.0020425)
 (-0.192853,-0.00205199)
 (-0.193265,-0.00206156)
 (-0.193678,-0.00207119)
 (-0.194093,-0.00208091)
  (-0.19451,-0.00209069)
 (-0.194929,-0.00210055)
  (-0.19535,-0.00211048)
 (-0.195773,-0.00212049)
 (-0.196198,-0.00213058)
 (-0.196625,-0.00214074)
 (-0.197054,-0.00215098)
 (-0.197485,-0.00216131)
 (-0.197918,-0.00217171)
 (-0.198353,-0.00218219)
 (-0.198791,-0.00219275)
   (-0.19923,-0.0022034)
 (-0.199672,-0.00221413)
 (-0.200116,-0.00222495)
 (-0.200561,-0.00223585)
  (-0.20101,-0.00224684)
  (-0.20146,-0.00225791)
 (-0.201912,-0.00226908)
 (-0.202367,-0.00228033)
 (-0.202824,-0.00229167)
 (-0.203284,-0.00230311)
 (-0.203745,-0.00231463)
 (-0.204209,-0.00232626)
 (-0.204675,-0.00233797)
 (-0.205144,-0.00234978)
 (-0.205615,-0.00236169)
  (-0.206088,-0.0023737)
  (-0.206564,-0.0023858)
 (-0.207042,-0.00239801)
 (-0.207523,-0.00241032)
 (-0.208006,-0.00242273)
 (-0.208492,-0.00243524)
  (-0.20898,-0.00244786)
 (-0.209471,-0.00246059)
 (-0.209964,-0.00247342)
  (-0.21046,-0.00248636)
 (-0.210958,-0.00249941)
 (-0.211459,-0.00251258)
 (-0.211963,-0.00252585)
 (-0.212469,-0.00253925)
 (-0.212978,-0.00255275)
  (-0.21349,-0.00256638)
 (-0.214004,-0.00258012)
 (-0.214521,-0.00259398)
 (-0.215041,-0.00260797)
 (-0.215564,-0.00262207)
   (-0.21609,-0.0026363)
 (-0.216618,-0.00265066)
  (-0.21715,-0.00266515)
 (-0.217684,-0.00267976)
 (-0.218221,-0.00269451)
 (-0.218761,-0.00270938)
  (-0.219304,-0.0027244)
 (-0.219851,-0.00273954)
   (-0.2204,-0.00275483)
 (-0.220952,-0.00277026)
 (-0.221507,-0.00278582)
 (-0.222066,-0.00280153)
 (-0.222628,-0.00281739)
 (-0.223192,-0.00283339)
  (-0.22376,-0.00284954)
 (-0.224332,-0.00286584)
 (-0.224906,-0.00288229)
  (-0.225484,-0.0028989)
 (-0.226065,-0.00291567)
  (-0.22665,-0.00293259)
 (-0.227238,-0.00294968)
 (-0.227829,-0.00296693)
 (-0.228424,-0.00298434)
 (-0.229022,-0.00300193)
 (-0.229624,-0.00301968)
   (-0.23023,-0.0030376)
  (-0.230839,-0.0030557)
 (-0.231451,-0.00307398)
 (-0.232068,-0.00309244)
 (-0.232688,-0.00311108)
  (-0.233312,-0.0031299)
 (-0.233939,-0.00314891)
 (-0.234571,-0.00316811)
 (-0.235206,-0.00318751)
  (-0.235845,-0.0032071)
 (-0.236488,-0.00322689)
 (-0.237135,-0.00324687)
 (-0.237786,-0.00326707)
 (-0.238441,-0.00328747)
   (-0.2391,-0.00330808)
  (-0.239764,-0.0033289)
 (-0.240431,-0.00334994)
  (-0.241103,-0.0033712)
 (-0.241779,-0.00339268)
 (-0.242459,-0.00341439)
 (-0.243144,-0.00343632)
 (-0.243833,-0.00345849)
  (-0.244527,-0.0034809)
 (-0.245225,-0.00350355)
 (-0.245927,-0.00352644)
 (-0.246634,-0.00354957)
 (-0.247346,-0.00357296)
 (-0.248063,-0.00359661)
 (-0.248784,-0.00362051)
  (-0.24951,-0.00364467)
 (-0.250241,-0.00366911)
 (-0.250977,-0.00369381)
 (-0.251718,-0.00371879)
 (-0.252463,-0.00374405)
 (-0.253214,-0.00376959)
  (-0.25397,-0.00379543)
 (-0.254732,-0.00382156)
 (-0.255498,-0.00384798)
  (-0.25627,-0.00387471)
 (-0.257047,-0.00390175)
  (-0.257829,-0.0039291)
 (-0.258617,-0.00395677)
 (-0.259411,-0.00398476)
  (-0.26021,-0.00401309)
 (-0.261015,-0.00404174)
 (-0.261826,-0.00407074)
 (-0.262642,-0.00410009)
 (-0.263465,-0.00412979)
 (-0.264293,-0.00415984)
 (-0.265127,-0.00419026)
 (-0.265968,-0.00422105)
 (-0.266815,-0.00425222)
 (-0.267668,-0.00428377)
 (-0.268527,-0.00431571)
 (-0.269393,-0.00434805)
  (-0.270265,-0.0043808)
 (-0.271144,-0.00441395)
 (-0.272029,-0.00444753)
 (-0.272921,-0.00448153)
  (-0.27382,-0.00451597)
 (-0.274726,-0.00455085)
 (-0.275639,-0.00458617)
 (-0.276559,-0.00462196)
 (-0.277486,-0.00465822)
 (-0.278421,-0.00469495)
 (-0.279363,-0.00473217)
 (-0.280312,-0.00476988)
 (-0.281269,-0.00480809)
 (-0.282234,-0.00484682)
 (-0.283206,-0.00488607)
 (-0.284186,-0.00492585)
 (-0.285175,-0.00496618)
 (-0.286171,-0.00500706)
  (-0.287176,-0.0050485)
 (-0.288189,-0.00509053)
  (-0.28921,-0.00513313)
  (-0.29024,-0.00517634)
 (-0.291278,-0.00522016)
 (-0.292326,-0.00526461)
 (-0.293382,-0.00530969)
 (-0.294448,-0.00535542)
 (-0.295522,-0.00540181)
 (-0.296606,-0.00544888)
 (-0.297699,-0.00549664)
  (-0.298802,-0.0055451)
 (-0.299915,-0.00559429)
 (-0.301038,-0.00564421)
  (-0.30217,-0.00569488)
 (-0.303313,-0.00574632)
 (-0.304466,-0.00579854)
  (-0.30563,-0.00585156)
  (-0.306804,-0.0059054)
 (-0.307989,-0.00596008)
 (-0.309186,-0.00601562)
 (-0.310393,-0.00607203)
 (-0.311611,-0.00612933)
 (-0.312842,-0.00618755)
  (-0.314083,-0.0062467)
 (-0.315337,-0.00630681)
 (-0.316603,-0.00636789)
 (-0.317881,-0.00642998)
  (-0.319172,-0.0064931)
 (-0.320475,-0.00655726)
  (-0.321791,-0.0066225)
  (-0.32312,-0.00668884)
  (-0.324463,-0.0067563)
 (-0.325819,-0.00682492)
 (-0.327189,-0.00689473)
 (-0.328573,-0.00696574)
 (-0.329971,-0.00703799)
 (-0.331384,-0.00711152)
 (-0.332811,-0.00718635)
 (-0.334254,-0.00726252)
 (-0.335712,-0.00734006)
 (-0.337185,-0.00741901)
  (-0.338675,-0.0074994)
  (-0.34018,-0.00758128)
 (-0.341702,-0.00766467)
 (-0.343241,-0.00774963)
 (-0.344797,-0.00783619)
  (-0.34637,-0.00792439)
 (-0.347961,-0.00801429)
  (-0.34957,-0.00810592)
 (-0.351198,-0.00819934)
 (-0.352844,-0.00829459)
 (-0.354509,-0.00839173)
 (-0.356194,-0.00849081)
 (-0.357899,-0.00859188)
 (-0.359624,-0.00869501)
  (-0.36137,-0.00880025)
 (-0.363137,-0.00890766)
 (-0.364926,-0.00901732)
 (-0.366737,-0.00912927)
   (-0.36857,-0.0092436)
 (-0.370426,-0.00936038)
 (-0.372306,-0.00947967)
  (-0.37421,-0.00960157)
 (-0.376138,-0.00972614)
 (-0.378091,-0.00985348)
  (-0.38007,-0.00998367)
  (-0.382075,-0.0101168)
   (-0.384107,-0.010253)
  (-0.386166,-0.0103923)
  (-0.388253,-0.0105348)
  (-0.390369,-0.0106807)
    (-0.392514,-0.01083)
  (-0.394689,-0.0109829)
  (-0.396895,-0.0111396)
     (-0.399132,-0.0113)
  (-0.401402,-0.0114644)
  (-0.403705,-0.0116329)
  (-0.406041,-0.0118056)
  (-0.408412,-0.0119827)
  (-0.410819,-0.0121644)
  (-0.413263,-0.0123508)
  (-0.415744,-0.0125421)
  (-0.418263,-0.0127385)
  (-0.420822,-0.0129401)
  (-0.423421,-0.0131472)
    (-0.426062,-0.01336)
  (-0.428746,-0.0135787)
  (-0.431473,-0.0138035)
  (-0.434246,-0.0140347)
  (-0.437066,-0.0142725)
  (-0.439933,-0.0145173)
  (-0.442849,-0.0147692)
  (-0.445816,-0.0150286)
  (-0.448835,-0.0152959)
  (-0.451907,-0.0155712)
  (-0.455035,-0.0158551)
   (-0.45822,-0.0161478)
  (-0.461464,-0.0164498)
  (-0.464769,-0.0167615)
  (-0.468136,-0.0170833)
  (-0.471567,-0.0174156)
   (-0.475065,-0.017759)
   (-0.478633,-0.018114)
  (-0.482271,-0.0184812)
  (-0.485983,-0.0188611)
  (-0.489772,-0.0192543)
  (-0.493639,-0.0196616)
  (-0.497588,-0.0200835)
   (-0.501622,-0.020521)
  (-0.505743,-0.0209747)
  (-0.509955,-0.0214456)
  (-0.514262,-0.0219345)
  (-0.518666,-0.0224425)
  (-0.523173,-0.0229705)
  (-0.527785,-0.0235197)
  (-0.532507,-0.0240913)
  (-0.537344,-0.0246865)
  (-0.542299,-0.0253068)
  (-0.547379,-0.0259537)
  (-0.552588,-0.0266286)
  (-0.557932,-0.0273334)
    (-0.563417,-0.02807)
  (-0.569049,-0.0288402)
  (-0.574835,-0.0296463)
  (-0.580781,-0.0304907)
  (-0.586897,-0.0313758)
  (-0.593188,-0.0323044)
  (-0.599665,-0.0332796)
  (-0.606335,-0.0343046)
    (-0.61321,-0.035383)
  (-0.620299,-0.0365186)
  (-0.627614,-0.0377158)
  (-0.635167,-0.0389791)
   (-0.64297,-0.0403138)
  (-0.651037,-0.0417254)
  (-0.659384,-0.0432201)
  (-0.668027,-0.0448049)
  (-0.676983,-0.0464872)
   (-0.68627,-0.0482754)
   (-0.69591,-0.0501789)
   (-0.705924,-0.052208)
  (-0.716337,-0.0543743)
  (-0.727174,-0.0566906)
  (-0.738464,-0.0591716)
  (-0.750239,-0.0618335)
  (-0.762532,-0.0646947)
   (-0.77538,-0.0677759)
  (-0.788826,-0.0711006)
  (-0.802914,-0.0746957)
  (-0.817693,-0.0785918)
   (-0.83322,-0.0828238)
  (-0.849555,-0.0874319)
  (-0.866765,-0.0924627)
  (-0.884927,-0.0979699)
   (-0.904124,-0.104016)
    (-0.92445,-0.110675)
    (-0.94601,-0.118031)
   (-0.968924,-0.126188)
   (-0.993324,-0.135264)
    (-1.01936,-0.145404)
     (-1.0472,-0.156781)
    (-1.07704,-0.169602)
    (-1.10909,-0.184122)
      (-1.1436,-0.20065)
     (-1.18084,-0.21957)
    (-1.22113,-0.241358)
    (-1.26482,-0.266612)
    (-1.31229,-0.296088)
    (-1.36395,-0.330748)
    (-1.42025,-0.371835)
     (-1.4816,-0.420961)
    (-1.54838,-0.480238)
    (-1.62076,-0.552451)
    (-1.69856,-0.641293)
    (-1.78086,-0.751658)
    (-1.86537,-0.889977)
     (-1.94726,-1.06449)
     (-2.01724,-1.28513)
     (-2.05852,-1.56228)
     (-2.04284,-1.90253)
     (-1.92792,-2.29898)
     (-1.66347,-2.71442)
     (-1.21797,-3.06682)
     (-0.624169,-3.2459)
   (0.00287397,-3.18022)
        (0.5262,-2.8981)
     (0.872593,-2.50213)
      (1.04932,-2.09282)
      (1.10283,-1.72749)
      (1.08083,-1.42482)
      (1.01803,-1.18289)
      (0.93602,-0.99237)
     (0.847096,-0.84292)
     (0.757806,-0.72556)
    (0.671384,-0.633172)
    (0.589224,-0.560356)
    (0.511729,-0.503116)
    (0.438792,-0.458554)
    (0.370067,-0.424631)
         (0.305134,-0.4)
    (0.243611,-0.383893)
    (0.185264,-0.376061)
    (0.130137,-0.376752)
   (0.0787763,-0.386683)
    (0.032578,-0.406952)
  (-0.00568561,-0.43872)
  (-0.0312406,-0.482338)
  (-0.0371048,-0.535494)
  (-0.0157085,-0.590376)
   (0.0358627,-0.632078)
    (0.108752,-0.643305)
    (0.182322,-0.616158)
    (0.236303,-0.559012)
    (0.262539,-0.489057)
    (0.264412,-0.420657)
    (0.249663,-0.361037)
    (0.225339,-0.312019)
    (0.196309,-0.272828)
    (0.165517,-0.241873)
    (0.134627,-0.217556)
    (0.104554,-0.198528)
   (0.0758224,-0.183707)
   (0.0487708,-0.172178)
   (0.0236054,-0.163066)
 (0.000301091,-0.155458)
  (-0.0215537,-0.148533)
  (-0.0426806,-0.141881)
  (-0.0637256,-0.135612)
  (-0.0849677,-0.130083)
    (-0.106382,-0.12558)
   (-0.127844,-0.122226)
   (-0.149251,-0.120041)
    (-0.170547,-0.11902)
   (-0.191708,-0.119175)
   (-0.212703,-0.120559)
   (-0.233466,-0.123265)
   (-0.253847,-0.127399)
   (-0.273593,-0.133021)
   (-0.292379,-0.140042)
    (-0.30997,-0.148162)
   (-0.326444,-0.157042)
   (-0.342113,-0.166724)
   (-0.356928,-0.177799)
     (-0.3699,-0.190838)
   (-0.379251,-0.205384)
   (-0.383498,-0.219251)
   (-0.383122,-0.229006)
    (-0.38134,-0.232136)
    (-0.382311,-0.22915)
   (-0.388379,-0.222914)
   (-0.399507,-0.216246)
   (-0.414656,-0.210688)
   (-0.432896,-0.206893)
   (-0.453504,-0.205185)
   (-0.475855,-0.205601)
   (-0.499666,-0.207898)
   (-0.525152,-0.211977)
   (-0.552642,-0.218264)
   (-0.582089,-0.227558)
   (-0.612934,-0.240601)
   (-0.644285,-0.257756)
     (-0.67522,-0.27881)
   (-0.705302,-0.302984)
    (-0.735108,-0.32947)
   (-0.766101,-0.358497)
   (-0.799482,-0.391962)
   (-0.834891,-0.432913)
   (-0.869813,-0.484345)
   (-0.899652,-0.547828)
   (-0.918594,-0.621967)
   (-0.922032,-0.701234)
   (-0.910399,-0.777414)
   (-0.890625,-0.845162)
   (-0.871141,-0.907002)
    (-0.854706,-0.97131)
     (-0.836423,-1.0459)
    (-0.806407,-1.13333)
    (-0.754044,-1.22858)
     (-0.674006,-1.3197)
     (-0.57036,-1.39456)
    (-0.451698,-1.44857)
    (-0.321633,-1.48229)
     (-0.179512,-1.4908)
   (-0.0328179,-1.46282)
    (0.0987874,-1.39531)
     (0.198376,-1.30224)
       (0.264871,-1.203)
     (0.307527,-1.10794)
     (0.333811,-1.01808)
    (0.345884,-0.932877)
    (0.344615,-0.854162)
     (0.33258,-0.784317)
     (0.31325,-0.724088)
    (0.289328,-0.672795)
    (0.262525,-0.629381)
     (0.23384,-0.592623)
    (0.203186,-0.561387)
    (0.169574,-0.535792)
    (0.132681,-0.517683)
   (0.0941076,-0.509406)
   (0.0571269,-0.512207)
   (0.0254704,-0.525444)
  (0.00197822,-0.546941)
  (-0.0118055,-0.574371)
   (-0.014249,-0.606114)
 (-0.00212153,-0.639621)
   (0.0279055,-0.668376)
     (0.07416,-0.681689)
    (0.126126,-0.670784)
    (0.168872,-0.636681)
     (0.192791,-0.58991)
    (0.197704,-0.542592)
    (0.189443,-0.502332)
    (0.175046,-0.471179)
    (0.159614,-0.447157)
    (0.144816,-0.426861)
    (0.129643,-0.408317)
    (0.113074,-0.391866)
   (0.0957702,-0.378348)
   (0.0791016,-0.367163)
   (0.0630972,-0.356537)
   (0.0459793,-0.345591)
   (0.0259209,-0.335571)
  (0.00279162,-0.328874)
  (-0.0217841,-0.327378)
  (-0.0453926,-0.331607)
  (-0.0657836,-0.340764)
   (-0.0813909,-0.35322)
  (-0.0913579,-0.366921)
  (-0.0955866,-0.379383)
  (-0.0953871,-0.387917)
  (-0.0937346,-0.390983)
  (-0.0937794,-0.389314)
  (-0.0971447,-0.385001)
   (-0.103989,-0.379892)
   (-0.114032,-0.375088)
   (-0.127207,-0.371423)
   (-0.143426,-0.370133)
   (-0.161776,-0.372761)
   (-0.180235,-0.380206)
   (-0.196426,-0.391806)
   (-0.209033,-0.405355)
   (-0.218837,-0.418441)
   (-0.228138,-0.430305)
   (-0.238782,-0.442381)
   (-0.250712,-0.457044)
   (-0.261979,-0.475919)
    (-0.269825,-0.49875)
   (-0.272309,-0.523252)
   (-0.269734,-0.546324)
   (-0.264579,-0.566201)
   (-0.259467,-0.583692)
   (-0.255079,-0.601022)
   (-0.250156,-0.619615)
    (-0.24327,-0.639185)
   (-0.234161,-0.658894)
   (-0.223012,-0.678795)
   (-0.208832,-0.699312)
   (-0.189747,-0.719134)
    (-0.165789,-0.73495)
   (-0.140073,-0.744728)
   (-0.115514,-0.749816)
   (-0.0921911,-0.75206)
  (-0.0698367,-0.751128)
  (-0.0503682,-0.746889)
  (-0.0354538,-0.742014)
  (-0.0236107,-0.739768)
  (-0.0116468,-0.740952)
   (0.00265339,-0.74431)
   (0.0202428,-0.748394)
   (0.0419384,-0.751931)
   (0.0686618,-0.752792)
   (0.0999396,-0.747404)
    (0.132193,-0.732578)
    (0.160096,-0.708567)
    (0.180284,-0.678966)
    (0.192556,-0.647487)
    (0.197818,-0.616153)
      (0.19647,-0.58636)
    (0.189042,-0.560078)
    (0.177299,-0.539388)
     (0.164285,-0.52523)
    (0.153222,-0.516439)
    (0.145737,-0.509994)
    (0.140839,-0.502885)
    (0.135997,-0.494053)
    (0.129074,-0.484517)
    (0.119281,-0.476358)
    (0.107405,-0.471813)
   (0.0957357,-0.472281)
   (0.0872401,-0.477399)
   (0.0842457,-0.484952)
   (0.0874224,-0.491661)
   (0.0955338,-0.494354)
    (0.105799,-0.490912)
    (0.114578,-0.481058)
    (0.118769,-0.466753)
    (0.117307,-0.451118)
    (0.110963,-0.436544)
    (0.100809,-0.424189)
   (0.0875601,-0.414921)
   (0.0721756,-0.409812)
   (0.0562542,-0.409646)
   (0.0417462,-0.414496)
   (0.0306833,-0.423631)
   (0.0248605,-0.435253)
   (0.0249479,-0.446502)
   (0.0297197,-0.454503)
   (0.0365368,-0.457818)
    (0.0428504,-0.45691)
   (0.0473443,-0.453248)
   (0.0498661,-0.448136)
   (0.0507431,-0.442219)
    (0.0501453,-0.43557)
   (0.0477739,-0.428206)
   (0.0431857,-0.420533)
    (0.0361797,-0.41316)
   (0.0266292,-0.406689)
    (0.014463,-0.402001)
  (0.00013448,-0.400241)
  (-0.0152012,-0.402247)
  (-0.0301231,-0.408101)
   (-0.0435213,-0.41721)
  (-0.0548859,-0.428765)
   (-0.0640933,-0.44224)
  (-0.0708477,-0.457375)
    (-0.074578,-0.47353)
  (-0.0752946,-0.489415)
   (-0.0742298,-0.50416)
   (-0.072796,-0.518513)
  (-0.0708834,-0.534242)
   (-0.0666714,-0.55233)
  (-0.0579266,-0.572025)
  (-0.0431936,-0.591155)
  (-0.0224005,-0.606799)
  (0.00281898,-0.616128)
    (0.0293218,-0.61743)
   (0.0532461,-0.610925)
   (0.0712975,-0.599104)
   (0.0822705,-0.586037)
    (0.0876647,-0.57557)
   (0.0907757,-0.569725)
   (0.0952144,-0.568226)
    (0.103684,-0.568864)
    (0.117175,-0.568304)
     (0.134644,-0.56312)
    (0.153201,-0.550875)
    (0.168845,-0.531099)
    (0.177864,-0.505727)
    (0.178306,-0.478395)
     (0.17048,-0.452915)
    (0.156337,-0.432039)
    (0.138445,-0.416998)
    (0.119033,-0.407698)
   (0.0994477,-0.403464)
    (0.0803731,-0.40383)
   (0.0624763,-0.408767)
   (0.0469147,-0.418339)
    (0.0353854,-0.43205)
   (0.0295692,-0.448304)
   (0.0302322,-0.464458)
   (0.0364952,-0.477588)
   (0.0458351,-0.485759)
    (0.0551756,-0.48904)
     (0.062488,-0.48931)
   (0.0676915,-0.488908)
    (0.072215,-0.489106)
   (0.0776101,-0.489523)
    (0.084391,-0.488808)
   (0.0919138,-0.485682)
   (0.0987631,-0.479518)
    (0.103218,-0.470727)
     (0.104067,-0.46088)
    (0.101434,-0.452075)
   (0.0968042,-0.445755)
   (0.0921039,-0.441952)
    (0.088627,-0.439465)
   (0.0864216,-0.436612)
   (0.0842319,-0.432239)
   (0.0803315,-0.426607)
   (0.0738015,-0.421182)
   (0.0649873,-0.417559)
   (0.0550491,-0.416696)
   (0.0453894,-0.418753)
   (0.0372886,-0.423157)
   (0.0315797,-0.428661)
   (0.0281651,-0.433607)
   (0.0257612,-0.436721)
   (0.0224857,-0.437977)
   (0.0169531,-0.438645)
  (0.00894114,-0.440524)
(-0.000695306,-0.445113)
  (-0.0104871,-0.453135)
  (-0.0189414,-0.464382)
  (-0.0251672,-0.478036)
  (-0.0289076,-0.493434)
  (-0.0298779,-0.510299)
  (-0.0275108,-0.528288)
  (-0.0211194,-0.546835)
 (-0.00974261,-0.564973)
   (0.00750543,-0.58055)
   (0.0299022,-0.590193)
   (0.0540169,-0.591171)
    (0.0750141,-0.58374)
   (0.0896044,-0.571209)
   (0.0975575,-0.557441)
    (0.100387,-0.544574)
     (0.0991544,-0.5332)
   (0.0940097,-0.524065)
   (0.0854607,-0.518789)
   (0.0753226,-0.518983)
   (0.0664702,-0.525064)
   (0.0617827,-0.535598)
   (0.0627567,-0.547578)
   (0.0686471,-0.557844)
     (0.07712,-0.564759)
   (0.0859832,-0.568639)
    (0.0943729,-0.57062)
     (0.102367,-0.57129)
    (0.109812,-0.570601)
    (0.116054,-0.568786)
    (0.120652,-0.566729)
     (0.12387,-0.565506)
    (0.126623,-0.565906)
    (0.130308,-0.568064)
     (0.13636,-0.571067)
    (0.145348,-0.572933)
    (0.156133,-0.571545)
    (0.166182,-0.566186)
    (0.173194,-0.558218)
    (0.176592,-0.550086)
    (0.177533,-0.543634)
    (0.177645,-0.539258)
    (0.177898,-0.536536)
    (0.178838,-0.535184)
    (0.181316,-0.534774)
    (0.185926,-0.533952)
    (0.191854,-0.531148)
     (0.197403,-0.52616)
    (0.201796,-0.520048)
    (0.205504,-0.513435)
    (0.208857,-0.505847)
    (0.211191,-0.496728)
    (0.211437,-0.486398)
    (0.209071,-0.475901)
    (0.204376,-0.466231)
    (0.197975,-0.457804)
    (0.190226,-0.450579)
    (0.181061,-0.444562)
    (0.170274,-0.440196)
    (0.158036,-0.438357)
     (0.14524,-0.439918)
    (0.133378,-0.445141)
    (0.124007,-0.453348)
       (0.118105,-0.463)
    (0.115575,-0.472227)
     (0.115239,-0.47961)
    (0.115389,-0.484783)
      (0.1146,-0.488473)
     (0.11232,-0.492022)
    (0.109026,-0.496619)
    (0.105686,-0.502617)
    (0.102897,-0.509649)
    (0.100653,-0.517368)
    (0.0988212,-0.52582)
   (0.0975034,-0.535233)
   (0.0970063,-0.545782)
   (0.0978205,-0.557531)
    (0.100632,-0.570212)
     (0.10593,-0.582952)
    (0.113376,-0.594633)
    (0.121843,-0.604799)
    (0.130313,-0.614109)
    (0.138774,-0.623838)
    (0.148347,-0.634881)
    (0.160689,-0.647087)
     (0.177268,-0.65913)
    (0.198605,-0.668701)
    (0.223655,-0.673334)
    (0.250086,-0.671553)
    (0.275289,-0.663314)
    (0.297142,-0.649628)
    (0.314182,-0.632046)
    (0.325555,-0.612449)
    (0.331132,-0.592921)
     (0.33161,-0.575455)
    (0.328463,-0.561558)
    (0.323616,-0.551883)
    (0.318892,-0.546147)
    (0.315629,-0.543467)
    (0.314674,-0.542685)
    (0.316438,-0.542379)
    (0.320568,-0.540902)
    (0.325598,-0.537027)
    (0.329507,-0.530954)
    (0.331204,-0.524354)
    (0.331388,-0.518931)
    (0.331722,-0.514911)
    (0.333104,-0.510935)
      (0.334601,-0.5055)
    (0.334153,-0.498708)
    (0.330485,-0.492589)
    (0.324403,-0.489698)
    (0.318465,-0.491325)
    (0.315505,-0.496651)
    (0.317093,-0.503177)
    (0.322732,-0.508089)
    (0.330281,-0.509861)
     (0.337553,-0.50898)
    (0.343827,-0.507057)
    (0.349949,-0.505167)
    (0.357085,-0.502926)
    (0.365386,-0.499011)
    (0.373785,-0.492485)
    (0.380984,-0.483432)
    (0.386125,-0.472423)
    (0.388525,-0.460122)
    (0.387598,-0.447592)
    (0.383376,-0.436312)
    (0.376781,-0.427592)
    (0.369315,-0.421966)
    (0.362365,-0.418994)
    (0.356566,-0.417713)
     (0.35188,-0.417415)
    (0.348269,-0.417808)
    (0.345895,-0.418479)
     (0.344604,-0.41871)
    (0.343643,-0.418002)
    (0.342064,-0.416575)
    (0.339365,-0.415288)
    (0.335819,-0.415106)
    (0.332308,-0.416498)
    (0.329745,-0.419134)
    (0.328401,-0.422169)
    (0.327758,-0.425065)
    (0.327246,-0.428152)
    (0.327129,-0.432163)
    (0.328456,-0.437207)
    (0.332133,-0.442292)
    (0.338003,-0.445866)
    (0.344743,-0.446893)
    (0.350694,-0.445595)
    (0.354925,-0.443224)
    (0.357697,-0.441132)
    (0.360041,-0.439843)
    (0.362754,-0.438841)
    (0.365665,-0.437304)
    (0.367919,-0.435076)
    (0.368854,-0.432872)
     (0.368568,-0.43175)
    (0.367832,-0.432472)
    (0.367683,-0.435286)
    (0.369233,-0.439999)
     (0.37361,-0.445845)
     (0.38154,-0.451313)
    (0.392734,-0.454471)
     (0.405698,-0.45379)
    (0.418229,-0.448957)
    (0.428504,-0.441139)
     (0.436093,-0.43216)
    (0.441761,-0.423173)
     (0.44634,-0.414262)
    (0.450062,-0.405082)
    (0.452699,-0.395441)
    (0.453874,-0.385482)
    (0.453346,-0.375668)
    (0.451209,-0.366548)
    (0.447757,-0.358478)
      (0.443237,-0.3517)
    (0.437944,-0.346548)
     (0.432466,-0.34331)
     (0.42759,-0.341897)
    (0.423958,-0.341771)
     (0.42179,-0.342129)
    (0.420796,-0.342244)
    (0.420391,-0.341794)
    (0.420056,-0.340861)
    (0.419475,-0.339722)
    (0.418524,-0.338757)
    (0.417338,-0.338377)
     (0.41631,-0.338817)
      (0.41587,-0.34001)
    (0.416273,-0.341718)
    (0.417649,-0.343752)
    (0.420224,-0.345957)
    (0.424326,-0.347913)
    (0.429968,-0.348822)
    (0.436534,-0.347971)
    (0.443101,-0.345245)
    (0.449019,-0.341084)
    (0.454144,-0.336033)
    (0.458644,-0.330373)
    (0.462669,-0.324038)
     (0.46607,-0.316782)
    (0.468343,-0.308521)
    (0.468849,-0.299601)
    (0.467178,-0.290842)
     (0.46349,-0.283312)
    (0.458607,-0.277854)
    (0.453716,-0.274676)
    (0.449862,-0.273265)
    (0.447552,-0.272685)
    (0.446678,-0.272006)
     (0.44674,-0.270631)
    (0.447136,-0.268335)
    (0.447312,-0.265167)
    (0.446818,-0.261405)
     (0.44542,-0.257491)
     (0.443116,-0.25385)
     (0.440011,-0.25084)
    (0.436306,-0.248824)
    (0.432405,-0.248095)
    (0.428826,-0.248709)
    (0.426006,-0.250528)
    (0.424339,-0.253356)
    (0.424253,-0.256831)
    (0.426025,-0.260318)
    (0.429561,-0.263079)
    (0.434455,-0.264536)
    (0.440168,-0.264337)
    (0.446078,-0.262304)
     (0.45145,-0.258507)
    (0.455609,-0.253478)
    (0.458411,-0.248096)
    (0.460371,-0.242958)
    (0.462086,-0.237978)
     (0.463666,-0.23274)
    (0.464823,-0.227054)
    (0.465292,-0.221066)
    (0.465026,-0.214996)
    (0.464034,-0.208955)
    (0.462246,-0.203078)
     (0.459678,-0.19765)
    (0.456597,-0.192905)
    (0.453343,-0.188765)
    (0.449969,-0.184922)
    (0.446155,-0.181247)
    (0.441555,-0.178066)
    (0.436214,-0.175989)
    (0.430641,-0.175504)
    (0.425565,-0.176703)
    (0.421643,-0.179293)
    (0.419306,-0.182748)
    (0.418749,-0.186421)
    (0.419854,-0.189604)
     (0.422139,-0.19176)
    (0.424971,-0.192748)
     (0.42787,-0.192758)
    (0.430599,-0.192118)
    (0.433176,-0.191166)
    (0.435851,-0.190062)
    (0.438884,-0.188644)
    (0.442255,-0.186552)
    (0.445633,-0.183541)
    (0.448562,-0.179676)
    (0.450753,-0.175339)
    (0.452294,-0.170997)
     (0.453576,-0.16684)
     (0.454931,-0.16266)
    (0.456349,-0.158084)
    (0.457521,-0.152913)
    (0.458102,-0.147227)
    (0.457876,-0.141295)
    (0.456816,-0.135449)
    (0.455087,-0.129969)
    (0.452962,-0.124954)
    (0.450654,-0.120313)
    (0.448204,-0.115885)
      (0.44552,-0.11159)
     (0.442487,-0.10748)
    (0.439055,-0.103697)
    (0.435268,-0.100417)
   (0.431275,-0.0978053)
   (0.427327,-0.0959472)
   (0.423719,-0.0947665)
    (0.420646,-0.094032)
   (0.418138,-0.0934768)
   (0.416105,-0.0929064)
   (0.414426,-0.0922174)
   (0.412987,-0.0913723)
   (0.411703,-0.0903695)
   (0.410506,-0.0892303)
   (0.409365,-0.0879942)
   (0.408291,-0.0866737)
   (0.407267,-0.0852294)
    (0.406203,-0.083655)
   (0.405027,-0.0820566)
    (0.403803,-0.080586)
   (0.402738,-0.0792818)
   (0.402023,-0.0779763)
    (0.40167,-0.0763682)
   (0.401457,-0.0742093)
   (0.401047,-0.0714475)
   (0.400139,-0.0682298)
    (0.398558,-0.064833)
   (0.396297,-0.0615829)
   (0.393526,-0.0587396)
   (0.390494,-0.0564092)
   (0.387416,-0.0545531)
   (0.384412,-0.0530642)
   (0.381519,-0.0518418)
    (0.37873,-0.0508301)
   (0.376049,-0.0500062)
    (0.373495,-0.049344)
   (0.371076,-0.0488024)
   (0.368778,-0.0483458)
   (0.366578,-0.0479599)
    (0.364457,-0.047648)
   (0.362413,-0.0474183)
    (0.36044,-0.0472801)
    (0.35854,-0.0472552)
   (0.356735,-0.0473809)
   (0.355088,-0.0476883)
   (0.353694,-0.0481683)
   (0.352648,-0.0487479)
   (0.351998,-0.0493065)
   (0.351729,-0.0497217)
   (0.351799,-0.0498947)
   (0.352152,-0.0497332)
   (0.352699,-0.0491364)
   (0.353284,-0.0480322)
   (0.353715,-0.0464446)
   (0.353862,-0.0444852)
    (0.35367,-0.0422645)
    (0.35309,-0.0398677)
   (0.352067,-0.0374175)
   (0.350611,-0.0350924)
   (0.348845,-0.0330477)
   (0.346956,-0.0313289)
    (0.345096,-0.029864)
   (0.343323,-0.0285277)
   (0.341604,-0.0272205)
   (0.339868,-0.0259066)
   (0.338056,-0.0246054)
   (0.336142,-0.0233659)
   (0.334138,-0.0222393)
   (0.332079,-0.0212596)
    (0.33001,-0.0204373)
    (0.32797,-0.0197637)
   (0.325988,-0.0192206)
   (0.324082,-0.0187905)
   (0.322275,-0.0184553)
   (0.320589,-0.0181841)
    (0.319035,-0.017926)
   (0.317583,-0.0176299)
   (0.316184,-0.0172741)
    (0.31479,-0.0168745)
   (0.313384,-0.0164638)
   (0.311972,-0.0160685)
   (0.310571,-0.0156987)
   (0.309196,-0.0153501)
   (0.307851,-0.0150105)
    (0.306529,-0.014669)
   (0.305217,-0.0143263)
   (0.303906,-0.0139964)
   (0.302608,-0.0136945)
   (0.301345,-0.0134232)
    (0.300136,-0.013165)
    (0.298988,-0.012888)
   (0.297879,-0.0125622)
   (0.296775,-0.0121746)
   (0.295639,-0.0117366)
   (0.294446,-0.0112802)
   (0.293199,-0.0108413)
   (0.291919,-0.0104438)
   (0.290628,-0.0100942)
   (0.289346,-0.0097857)
  (0.288082,-0.00950512)
  (0.286832,-0.00924241)
  (0.285592,-0.00899525)
  (0.284361,-0.00876509)
  (0.283139,-0.00855182)
  (0.281925,-0.00835443)
   (0.280717,-0.0081744)
  (0.279515,-0.00801621)
  (0.278323,-0.00788451)
  (0.277146,-0.00778121)
  (0.275992,-0.00770461)
  (0.274864,-0.00765116)
   (0.273766,-0.0076183)
  (0.272702,-0.00760419)
   (0.27168,-0.00760345)
  (0.270705,-0.00760417)
  (0.269774,-0.00759022)
  (0.268878,-0.00754725)
  (0.267995,-0.00747009)
   (0.267106,-0.0073675)
  (0.266205,-0.00725726)
  (0.265296,-0.00715507)
  (0.264392,-0.00706812)
  (0.263504,-0.00699539)
  (0.262642,-0.00692981)
  (0.261809,-0.00686061)
  (0.261002,-0.00677611)
  (0.260215,-0.00666672)
  (0.259434,-0.00652818)
  (0.258648,-0.00636263)
  (0.257845,-0.00617659)
  (0.257021,-0.00597964)
    (0.256172,-0.005784)
  (0.255302,-0.00560147)
  (0.254421,-0.00543934)
  (0.253537,-0.00529948)
  (0.252659,-0.00517993)
   (0.251792,-0.0050766)
  (0.250939,-0.00498423)
  (0.250099,-0.00489767)
  (0.249271,-0.00481335)
  (0.248451,-0.00472998)
  (0.247637,-0.00464799)
  (0.246827,-0.00456864)
  (0.246023,-0.00449311)
  (0.245224,-0.00442223)
   (0.24443,-0.00435662)
  (0.243643,-0.00429663)
  (0.242864,-0.00424206)
  (0.242094,-0.00419218)
  (0.241333,-0.00414596)
  (0.240582,-0.00410239)
  (0.239841,-0.00406056)
    (0.23911,-0.0040193)
   (0.238388,-0.0039767)
  (0.237675,-0.00393069)
  (0.236967,-0.00388055)
  (0.236261,-0.00382757)
  (0.235557,-0.00377407)
  (0.234854,-0.00372204)
  (0.234155,-0.00367261)
  (0.233458,-0.00362622)
    (0.232766,-0.003583)
  (0.232079,-0.00354285)
  (0.231398,-0.00350546)
  (0.230722,-0.00347036)
    (0.230053,-0.003437)
  (0.229389,-0.00340489)
  (0.228732,-0.00337364)
  (0.228079,-0.00334301)
   (0.227432,-0.0033129)
   (0.22679,-0.00328332)
  (0.226152,-0.00325432)
  (0.225519,-0.00322605)
   (0.22489,-0.00319874)
  (0.224266,-0.00317249)
   (0.223647,-0.0031472)
  (0.223033,-0.00312252)
  (0.222423,-0.00309802)
  (0.221819,-0.00307341)
   (0.221218,-0.0030487)
   (0.22062,-0.00302417)
  (0.220027,-0.00300017)
  (0.219437,-0.00297697)
   (0.21885,-0.00295474)
  (0.218268,-0.00293355)
  (0.217689,-0.00291337)
  (0.217115,-0.00289413)
  (0.216544,-0.00287575)
  (0.215978,-0.00285818)
  (0.215416,-0.00284139)
  (0.214859,-0.00282531)
   (0.214307,-0.0028097)
  (0.213759,-0.00279411)
  (0.213216,-0.00277798)
  (0.212677,-0.00276078)
  (0.212142,-0.00274218)
   (0.21161,-0.00272224)
  (0.211081,-0.00270139)
   (0.210553,-0.0026803)
  (0.210027,-0.00265958)
  (0.209503,-0.00263962)
  (0.208982,-0.00262055)
  (0.208464,-0.00260232)
  (0.207949,-0.00258478)
  (0.207437,-0.00256782)
  (0.206929,-0.00255132)
  (0.206423,-0.00253524)
   (0.20592,-0.00251955)
  (0.205421,-0.00250426)
  (0.204924,-0.00248939)
  (0.204431,-0.00247497)
   (0.20394,-0.00246102)
  (0.203452,-0.00244753)
  (0.202968,-0.00243447)
  (0.202487,-0.00242173)
  (0.202009,-0.00240913)
  (0.201534,-0.00239641)
  (0.201063,-0.00238331)
  (0.200595,-0.00236964)
  (0.200129,-0.00235533)
  (0.199665,-0.00234055)
  (0.199203,-0.00232557)
  (0.198743,-0.00231069)
   (0.198286,-0.0022961)
   (0.19783,-0.00228187)
  (0.197377,-0.00226804)
  (0.196926,-0.00225458)
  (0.196477,-0.00224147)
  (0.196031,-0.00222867)
  (0.195587,-0.00221612)
  (0.195146,-0.00220378)
  (0.194707,-0.00219162)
  (0.194271,-0.00217964)
  (0.193836,-0.00216782)
  (0.193404,-0.00215618)
  (0.192975,-0.00214469)