(-0.242338,-0.00152936)
(-0.242645,-0.00153338)
(-0.242952,-0.00153741)
 (-0.24326,-0.00154147)
(-0.243568,-0.00154554)
(-0.243878,-0.00154962)
(-0.244188,-0.00155373)
(-0.244499,-0.00155784)
(-0.244811,-0.00156198)
(-0.245124,-0.00156614)
(-0.245438,-0.00157031)
 (-0.245752,-0.0015745)
 (-0.246067,-0.0015787)
(-0.246383,-0.00158292)
  (-0.2467,-0.00158717)
(-0.247018,-0.00159142)
 (-0.247337,-0.0015957)
(-0.247656,-0.00159999)
(-0.247977,-0.00160431)
(-0.248298,-0.00160864)
 (-0.24862,-0.00161299)
(-0.248943,-0.00161735)
(-0.249267,-0.00162174)
(-0.249592,-0.00162614)
(-0.249917,-0.00163056)
  (-0.250244,-0.001635)
(-0.250571,-0.00163946)
  (-0.2509,-0.00164394)
(-0.251229,-0.00164844)
(-0.251559,-0.00165296)
  (-0.25189,-0.0016575)
(-0.252222,-0.00166205)
(-0.252555,-0.00166663)
(-0.252889,-0.00167122)
(-0.253223,-0.00167584)
(-0.253559,-0.00168047)
(-0.253895,-0.00168513)
 (-0.254233,-0.0016898)
 (-0.254571,-0.0016945)
(-0.254911,-0.00169921)
(-0.255251,-0.00170395)
 (-0.255592,-0.0017087)
(-0.255934,-0.00171348)
(-0.256277,-0.00171828)
 (-0.256621,-0.0017231)
(-0.256967,-0.00172794)
 (-0.257313,-0.0017328)
 (-0.25766,-0.00173768)
(-0.258008,-0.00174258)
(-0.258357,-0.00174751)
(-0.258707,-0.00175246)
(-0.259057,-0.00175743)
(-0.259409,-0.00176242)
(-0.259762,-0.00176743)
(-0.260116,-0.00177247)
(-0.260471,-0.00177753)
(-0.260827,-0.00178261)
(-0.261184,-0.00178771)
(-0.261542,-0.00179284)
(-0.261901,-0.00179798)
(-0.262261,-0.00180316)
(-0.262623,-0.00180835)
(-0.262985,-0.00181357)
(-0.263348,-0.00181881)
(-0.263712,-0.00182408)
(-0.264077,-0.00182937)
(-0.264444,-0.00183468)
(-0.264811,-0.00184002)
 (-0.26518,-0.00184538)
(-0.265549,-0.00185077)
 (-0.26592,-0.00185618)
(-0.266292,-0.00186162)
(-0.266664,-0.00186708)
(-0.267038,-0.00187257)
(-0.267413,-0.00187808)
 (-0.26779,-0.00188361)
(-0.268167,-0.00188918)
(-0.268545,-0.00189476)
(-0.268925,-0.00190038)
(-0.269305,-0.00190602)
(-0.269687,-0.00191168)
 (-0.27007,-0.00191738)
 (-0.270454,-0.0019231)
(-0.270839,-0.00192884)
(-0.271225,-0.00193461)
(-0.271613,-0.00194041)
(-0.272001,-0.00194624)
 (-0.272391,-0.0019521)
(-0.272782,-0.00195798)
(-0.273174,-0.00196389)
(-0.273568,-0.00196982)
(-0.273962,-0.00197579)
(-0.274358,-0.00198178)
(-0.274755,-0.00198781)
(-0.275153,-0.00199386)
(-0.275552,-0.00199994)
(-0.275953,-0.00200605)
(-0.276354,-0.00201219)
(-0.276757,-0.00201835)
(-0.277162,-0.00202455)
(-0.277567,-0.00203078)
(-0.277974,-0.00203704)
(-0.278382,-0.00204333)
(-0.278791,-0.00204964)
(-0.279202,-0.00205599)
(-0.279613,-0.00206237)
(-0.280027,-0.00206878)
(-0.280441,-0.00207523)
 (-0.280856,-0.0020817)
 (-0.281273,-0.0020882)
(-0.281692,-0.00209474)
(-0.282111,-0.00210131)
(-0.282532,-0.00210791)
(-0.282954,-0.00211455)
(-0.283378,-0.00212122)
(-0.283803,-0.00212792)
(-0.284229,-0.00213465)
(-0.284656,-0.00214142)
(-0.285085,-0.00214822)
(-0.285516,-0.00215505)
(-0.285947,-0.00216192)
 (-0.28638,-0.00216882)
(-0.286815,-0.00217576)
 (-0.28725,-0.00218273)
(-0.287688,-0.00218974)
(-0.288126,-0.00219679)
(-0.288566,-0.00220387)
(-0.289008,-0.00221098)
 (-0.28945,-0.00221813)
(-0.289895,-0.00222532)
 (-0.29034,-0.00223254)
 (-0.290788,-0.0022398)
 (-0.291236,-0.0022471)
(-0.291686,-0.00225444)
(-0.292138,-0.00226181)
(-0.292591,-0.00226922)
(-0.293046,-0.00227667)
(-0.293502,-0.00228416)
(-0.293959,-0.00229169)
(-0.294418,-0.00229925)
(-0.294879,-0.00230686)
 (-0.295341,-0.0023145)
(-0.295804,-0.00232219)
(-0.296269,-0.00232991)
(-0.296736,-0.00233768)
(-0.297204,-0.00234549)
(-0.297674,-0.00235334)
(-0.298146,-0.00236122)
(-0.298619,-0.00236915)
(-0.299093,-0.00237713)
(-0.299569,-0.00238514)
 (-0.300047,-0.0023932)
 (-0.300526,-0.0024013)
(-0.301007,-0.00240945)
 (-0.30149,-0.00241763)
(-0.301974,-0.00242586)
 (-0.30246,-0.00243414)
(-0.302948,-0.00244246)
(-0.303437,-0.00245083)
(-0.303928,-0.00245924)
(-0.304421,-0.00246769)
 (-0.304915,-0.0024762)
(-0.305411,-0.00248474)
(-0.305909,-0.00249334)
(-0.306408,-0.00250198)
(-0.306909,-0.00251067)
(-0.307412,-0.00251941)
(-0.307917,-0.00252819)
(-0.308423,-0.00253703)
(-0.308932,-0.00254591)
(-0.309442,-0.00255484)
(-0.309953,-0.00256382)
(-0.310467,-0.00257285)
(-0.310982,-0.00258193)
  (-0.3115,-0.00259107)
(-0.312019,-0.00260025)
(-0.312539,-0.00260949)
(-0.313062,-0.00261877)
(-0.313587,-0.00262811)
 (-0.314113,-0.0026375)
(-0.314642,-0.00264695)
(-0.315172,-0.00265645)
  (-0.315704,-0.002666)
(-0.316238,-0.00267561)
(-0.316774,-0.00268527)
(-0.317312,-0.00269499)
(-0.317852,-0.00270476)
(-0.318394,-0.00271459)
(-0.318938,-0.00272447)
(-0.319483,-0.00273442)
(-0.320031,-0.00274442)
(-0.320581,-0.00275448)
(-0.321133,-0.00276459)
(-0.321687,-0.00277477)
(-0.322242,-0.00278501)
   (-0.3228,-0.0027953)
 (-0.32336,-0.00280566)
(-0.323922,-0.00281607)
(-0.324487,-0.00282655)
(-0.325053,-0.00283709)
(-0.325621,-0.00284769)
(-0.326192,-0.00285836)
(-0.326764,-0.00286909)
(-0.327339,-0.00287988)
(-0.327916,-0.00289074)
(-0.328495,-0.00290166)
(-0.329077,-0.00291265)
  (-0.32966,-0.0029237)
(-0.330246,-0.00293483)
(-0.330834,-0.00294601)
(-0.331424,-0.00295727)
(-0.332016,-0.00296859)
(-0.332611,-0.00297999)
(-0.333208,-0.00299145)
(-0.333808,-0.00300298)
(-0.334409,-0.00301459)
(-0.335013,-0.00302626)
(-0.335619,-0.00303801)
(-0.336228,-0.00304983)
(-0.336839,-0.00306173)
(-0.337453,-0.00307369)
(-0.338068,-0.00308574)
(-0.338687,-0.00309785)
(-0.339307,-0.00311005)
 (-0.33993,-0.00312232)
(-0.340556,-0.00313466)
(-0.341184,-0.00314709)
(-0.341815,-0.00315959)
(-0.342448,-0.00317217)
(-0.343083,-0.00318484)
(-0.343721,-0.00319758)
 (-0.344362,-0.0032104)
(-0.345005,-0.00322331)
 (-0.345651,-0.0032363)
(-0.346299,-0.00324937)
 (-0.34695,-0.00326253)
(-0.347604,-0.00327577)
  (-0.34826,-0.0032891)
 (-0.34892,-0.00330252)
(-0.349581,-0.00331602)
(-0.350246,-0.00332961)
(-0.350913,-0.00334329)
(-0.351583,-0.00335706)
(-0.352255,-0.00337092)
(-0.352931,-0.00338487)
(-0.353609,-0.00339892)
 (-0.35429,-0.00341306)
(-0.354974,-0.00342729)
(-0.355661,-0.00344161)
 (-0.35635,-0.00345604)
(-0.357043,-0.00347056)
(-0.357738,-0.00348517)
(-0.358436,-0.00349989)
(-0.359138,-0.00351471)
(-0.359842,-0.00352962)
(-0.360549,-0.00354464)
 (-0.36126,-0.00355976)
(-0.361973,-0.00357498)
(-0.362689,-0.00359031)
(-0.363409,-0.00360574)
(-0.364131,-0.00362128)
(-0.364857,-0.00363693)
(-0.365586,-0.00365269)
(-0.366317,-0.00366855)
(-0.367053,-0.00368453)
(-0.367791,-0.00370061)
(-0.368532,-0.00371682)
(-0.369277,-0.00373313)
(-0.370025,-0.00374956)
(-0.370777,-0.00376611)
(-0.371531,-0.00378277)
(-0.372289,-0.00379955)
(-0.373051,-0.00381645)
(-0.373816,-0.00383347)
(-0.374584,-0.00385062)
(-0.375355,-0.00386789)
(-0.376131,-0.00388528)
 (-0.376909,-0.0039028)
(-0.377691,-0.00392044)
(-0.378477,-0.00393822)
(-0.379266,-0.00395612)
(-0.380059,-0.00397415)
(-0.380855,-0.00399232)
(-0.381655,-0.00401062)
(-0.382459,-0.00402906)
(-0.383267,-0.00404763)
(-0.384078,-0.00406634)
(-0.384893,-0.00408519)
(-0.385711,-0.00410419)
(-0.386534,-0.00412332)
  (-0.38736,-0.0041426)
 (-0.38819,-0.00416202)
(-0.389025,-0.00418159)
(-0.389863,-0.00420131)
(-0.390705,-0.00422118)
 (-0.391551,-0.0042412)
(-0.392401,-0.00426138)
(-0.393255,-0.00428171)
(-0.394113,-0.00430219)
(-0.394975,-0.00432284)
(-0.395841,-0.00434364)
(-0.396712,-0.00436461)
(-0.397587,-0.00438574)
(-0.398466,-0.00440704)
 (-0.399349,-0.0044285)
(-0.400237,-0.00445014)
(-0.401128,-0.00447194)
(-0.402025,-0.00449392)
(-0.402925,-0.00451607)
 (-0.403831,-0.0045384)
 (-0.40474,-0.00456091)
 (-0.405654,-0.0045836)
(-0.406573,-0.00460647)
(-0.407496,-0.00462953)
(-0.408424,-0.00465277)
(-0.409357,-0.00467621)
(-0.410294,-0.00469984)
(-0.411236,-0.00472365)
(-0.412183,-0.00474767)
(-0.413135,-0.00477189)
 (-0.414091,-0.0047963)
(-0.415052,-0.00482092)
(-0.416019,-0.00484574)
 (-0.41699,-0.00487077)
(-0.417966,-0.00489601)
(-0.418948,-0.00492147)
(-0.419934,-0.00494714)
(-0.420926,-0.00497302)
(-0.421923,-0.00499913)
(-0.422925,-0.00502546)
(-0.423932,-0.00505202)
 (-0.424945,-0.0050788)
(-0.425963,-0.00510582)
(-0.426986,-0.00513307)
(-0.428015,-0.00516056)
 (-0.42905,-0.00518829)
 (-0.43009,-0.00521626)
(-0.431136,-0.00524448)
(-0.432187,-0.00527294)
(-0.433244,-0.00530166)
(-0.434307,-0.00533064)
(-0.435375,-0.00535987)
 (-0.43645,-0.00538936)
 (-0.43753,-0.00541912)
(-0.438617,-0.00544915)
(-0.439709,-0.00547945)
(-0.440807,-0.00551002)
(-0.441912,-0.00554088)
(-0.443023,-0.00557201)
 (-0.44414,-0.00560344)
(-0.445263,-0.00563515)
(-0.446393,-0.00566716)
(-0.447529,-0.00569946)
(-0.448672,-0.00573207)
(-0.449821,-0.00576498)
 (-0.450977,-0.0057982)
(-0.452139,-0.00583174)
(-0.453308,-0.00586559)
(-0.454484,-0.00589977)
(-0.455667,-0.00593427)
(-0.456857,-0.00596911)
(-0.458054,-0.00600427)
(-0.459258,-0.00603978)
(-0.460469,-0.00607564)
(-0.461687,-0.00611184)
 (-0.462912,-0.0061484)
(-0.464145,-0.00618532)
 (-0.465385,-0.0062226)
(-0.466633,-0.00626026)
(-0.467888,-0.00629828)
(-0.469151,-0.00633669)
(-0.470421,-0.00637548)
  (-0.4717,-0.00641467)
(-0.472986,-0.00645425)
 (-0.47428,-0.00649423)
(-0.475582,-0.00653462)
(-0.476893,-0.00657542)
(-0.478211,-0.00661665)
 (-0.479538,-0.0066583)
(-0.480873,-0.00670038)
(-0.482217,-0.00674291)
(-0.483569,-0.00678587)
 (-0.48493,-0.00682929)
(-0.486299,-0.00687317)
(-0.487677,-0.00691752)
(-0.489064,-0.00696234)
(-0.490461,-0.00700763)
(-0.491866,-0.00705342)
  (-0.49328,-0.0070997)
(-0.494704,-0.00714648)
(-0.496137,-0.00719377)
 (-0.49758,-0.00724158)
(-0.499032,-0.00728992)
(-0.500494,-0.00733879)
 (-0.501966,-0.0073882)
(-0.503448,-0.00743817)
(-0.504939,-0.00748869)
(-0.506441,-0.00753979)
(-0.507953,-0.00759146)
(-0.509476,-0.00764372)
(-0.511009,-0.00769658)
(-0.512553,-0.00775004)
(-0.514107,-0.00780413)
(-0.515672,-0.00785883)
(-0.517248,-0.00791418)
(-0.518836,-0.00797017)
(-0.520434,-0.00802683)
(-0.522044,-0.00808415)
(-0.523666,-0.00814215)
(-0.525299,-0.00820085)
(-0.526944,-0.00826025)
(-0.528601,-0.00832036)
 (-0.53027,-0.00838121)
 (-0.531951,-0.0084428)
(-0.533644,-0.00850514)
 (-0.53535,-0.00856825)
(-0.537069,-0.00863214)
(-0.538801,-0.00869683)
(-0.540545,-0.00876232)
(-0.542303,-0.00882864)
 (-0.544074,-0.0088958)
(-0.545858,-0.00896381)
(-0.547656,-0.00903269)
(-0.549468,-0.00910245)
(-0.551294,-0.00917311)
 (-0.553135,-0.0092447)
(-0.554989,-0.00931721)
(-0.556858,-0.00939068)
(-0.558742,-0.00946512)
(-0.560641,-0.00954055)
(-0.562555,-0.00961698)
(-0.564485,-0.00969445)
 (-0.56643,-0.00977295)
 (-0.56839,-0.00985253)
(-0.570367,-0.00993319)
   (-0.57236,-0.010015)
 (-0.574369,-0.0100979)
 (-0.576395,-0.0101819)
 (-0.578438,-0.0102671)
 (-0.580498,-0.0103536)
 (-0.582576,-0.0104412)
 (-0.584671,-0.0105301)
 (-0.586784,-0.0106203)
 (-0.588915,-0.0107117)
 (-0.591064,-0.0108045)
 (-0.593232,-0.0108987)
 (-0.595419,-0.0109942)
 (-0.597625,-0.0110911)
 (-0.599851,-0.0111895)
 (-0.602096,-0.0112893)
 (-0.604362,-0.0113907)
 (-0.606647,-0.0114936)
  (-0.608954,-0.011598)
 (-0.611281,-0.0117041)
  (-0.61363,-0.0118118)
 (-0.616001,-0.0119211)
 (-0.618393,-0.0120322)
  (-0.620808,-0.012145)
 (-0.623245,-0.0122597)
 (-0.625706,-0.0123761)
 (-0.628189,-0.0124944)
 (-0.630697,-0.0126146)
 (-0.633229,-0.0127368)
  (-0.635785,-0.012861)
 (-0.638367,-0.0129872)
 (-0.640973,-0.0131156)
 (-0.643606,-0.0132461)
 (-0.646265,-0.0133788)
  (-0.64895,-0.0135137)
 (-0.651662,-0.0136509)
 (-0.654403,-0.0137906)
 (-0.657171,-0.0139326)
 (-0.659968,-0.0140771)
 (-0.662793,-0.0142242)
 (-0.665649,-0.0143739)
 (-0.668534,-0.0145262)
  (-0.67145,-0.0146813)
 (-0.674397,-0.0148392)
     (-0.677376,-0.015)
 (-0.680388,-0.0151638)
 (-0.683432,-0.0153306)
  (-0.68651,-0.0155005)
 (-0.689622,-0.0156737)
 (-0.692768,-0.0158501)
 (-0.695951,-0.0160299)
 (-0.699169,-0.0162132)
    (-0.702424,-0.0164)
 (-0.705717,-0.0165906)
 (-0.709048,-0.0167849)
 (-0.712418,-0.0169831)
 (-0.715828,-0.0171852)
 (-0.719279,-0.0173915)
  (-0.722771,-0.017602)
 (-0.726305,-0.0178169)
 (-0.729883,-0.0180363)
 (-0.733505,-0.0182602)
 (-0.737172,-0.0184889)
 (-0.740884,-0.0187225)
 (-0.744644,-0.0189612)
  (-0.748452,-0.019205)
 (-0.752309,-0.0194542)
  (-0.756215,-0.019709)
 (-0.760174,-0.0199695)
 (-0.764184,-0.0202358)
 (-0.768248,-0.0205082)
 (-0.772367,-0.0207869)
 (-0.776541,-0.0210721)
  (-0.780774,-0.021364)
 (-0.785064,-0.0216628)
 (-0.789415,-0.0219688)
 (-0.793828,-0.0222822)
 (-0.798303,-0.0226032)
 (-0.802843,-0.0229322)
 (-0.807449,-0.0232694)
  (-0.812123,-0.023615)
 (-0.816866,-0.0239695)
 (-0.821681,-0.0243331)
 (-0.826568,-0.0247062)
 (-0.831531,-0.0250891)
 (-0.836571,-0.0254821)
 (-0.841689,-0.0258858)
 (-0.846889,-0.0263003)
 (-0.852172,-0.0267263)
 (-0.857541,-0.0271642)
 (-0.862997,-0.0276143)
 (-0.868545,-0.0280773)
 (-0.874185,-0.0285535)
  (-0.87992,-0.0290437)
 (-0.885755,-0.0295482)
  (-0.89169,-0.0300679)
  (-0.89773,-0.0306032)
 (-0.903878,-0.0311548)
 (-0.910136,-0.0317236)
 (-0.916509,-0.0323102)
 (-0.922999,-0.0329154)
   (-0.929611,-0.03354)
  (-0.936349,-0.034185)
 (-0.943215,-0.0348513)
 (-0.950216,-0.0355398)
 (-0.957355,-0.0362517)
 (-0.964636,-0.0369881)
 (-0.972066,-0.0377502)
 (-0.979648,-0.0385392)
 (-0.987388,-0.0393564)
 (-0.995293,-0.0402034)
  (-1.00337,-0.0410816)
  (-1.01162,-0.0419928)
  (-1.02005,-0.0429386)
  (-1.02867,-0.0439208)
  (-1.03749,-0.0449416)
   (-1.04652,-0.046003)
  (-1.05575,-0.0471074)
  (-1.06521,-0.0482571)
   (-1.0749,-0.0494549)
  (-1.08482,-0.0507035)
    (-1.095,-0.0520061)
  (-1.10544,-0.0533659)
  (-1.11615,-0.0547865)
  (-1.12714,-0.0562717)
  (-1.13843,-0.0578256)
  (-1.15003,-0.0594529)
  (-1.16195,-0.0611583)
  (-1.17422,-0.0629472)
  (-1.18684,-0.0648253)
  (-1.19983,-0.0667989)
  (-1.21322,-0.0688749)
  (-1.22702,-0.0710608)
  (-1.24125,-0.0733648)
  (-1.25594,-0.0757959)
  (-1.27112,-0.0783639)
   (-1.2868,-0.0810798)
  (-1.30302,-0.0839556)
  (-1.31981,-0.0870045)
   (-1.3372,-0.0902412)
   (-1.35522,-0.093682)
  (-1.37393,-0.0973452)
   (-1.39336,-0.101251)
   (-1.41355,-0.105422)
   (-1.43456,-0.109883)
   (-1.45644,-0.114663)
   (-1.47925,-0.119794)
   (-1.50306,-0.125313)
    (-1.52794,-0.13126)
   (-1.55397,-0.137683)
   (-1.58123,-0.144635)
   (-1.60983,-0.152176)
   (-1.63988,-0.160379)
   (-1.67148,-0.169324)
   (-1.70477,-0.179106)
    (-1.7399,-0.189834)
   (-1.77704,-0.201638)
    (-1.81637,-0.21467)
   (-1.85809,-0.229108)
   (-1.90243,-0.245167)
   (-1.94967,-0.263101)
   (-2.00009,-0.283218)
   (-2.05402,-0.305892)
   (-2.11185,-0.331577)
   (-2.17399,-0.360834)
   (-2.24093,-0.394357)
   (-2.31319,-0.433014)
   (-2.39137,-0.477901)
    (-2.47609,-0.53041)
   (-2.56805,-0.592331)
   (-2.66789,-0.665981)
   (-2.77622,-0.754389)
   (-2.89339,-0.861543)
   (-3.01924,-0.992719)
     (-3.15262,-1.1549)
    (-3.29049,-1.35726)
    (-3.42629,-1.61158)
    (-3.54728,-1.93212)
    (-3.63025,-2.33395)
     (-3.6359,-2.82732)
    (-3.50486,-3.40411)
    (-3.16528,-4.01436)
    (-2.56914,-4.54437)
    (-1.75723,-4.83684)
   (-0.889527,-4.78399)
   (-0.164468,-4.41912)
    (0.306031,-3.88726)
     (0.52704,-3.33607)
    (0.563518,-2.85289)
     (0.48439,-2.46898)
    (0.340665,-2.18545)
    (0.164885,-1.99298)
  (-0.0229838,-1.88174)
     (-0.2095,-1.84517)
   (-0.382682,-1.88075)
   (-0.527455,-1.98898)
   (-0.621209,-2.16987)
   (-0.630637,-2.41505)
   (-0.515001,-2.69431)
   (-0.245404,-2.94217)
    (0.158592,-3.06682)
    (0.608668,-3.00095)
    (0.989941,-2.75658)
       (1.23359,-2.413)
     (1.33869,-2.05488)
      (1.3411,-1.73324)
     (1.28043,-1.46614)
     (1.18626,-1.25326)
     (1.07736,-1.08747)
   (0.964678,-0.960597)
   (0.854581,-0.865626)
   (0.751162,-0.797126)
   (0.657855,-0.750808)
   (0.578388,-0.722473)
   (0.516727,-0.706384)
   (0.475167,-0.693838)
   (0.450753,-0.674281)
   (0.433822,-0.640593)
   (0.412879,-0.593998)
   (0.381627,-0.541967)
    (0.34035,-0.491875)
   (0.292398,-0.447593)
   (0.240975,-0.410041)
      (0.18818,-0.3789)
   (0.135361,-0.353588)
  (0.0835193,-0.333394)
   (0.0333386,-0.31739)
 (-0.0149898,-0.304511)
 (-0.0618575,-0.293889)
    (-0.10796,-0.28524)
  (-0.153796,-0.278842)
  (-0.199435,-0.275189)
   (-0.24461,-0.274724)
  (-0.288821,-0.277794)
  (-0.331302,-0.284639)
  (-0.370899,-0.295231)
  (-0.406073,-0.308842)
  (-0.435409,-0.323454)
  (-0.458938,-0.335674)
  (-0.479473,-0.342263)
  (-0.501848,-0.342738)
  (-0.529916,-0.340075)
   (-0.56461,-0.338546)
  (-0.604601,-0.341551)
  (-0.647707,-0.351158)
  (-0.691546,-0.368582)
  (-0.733415,-0.394531)
  (-0.769936,-0.428996)
  (-0.797005,-0.470409)
  (-0.810762,-0.514571)
  (-0.809746,-0.554532)
  (-0.796964,-0.582546)
  (-0.779948,-0.593377)
  (-0.768301,-0.587052)
  (-0.769481,-0.569055)
  (-0.786004,-0.546849)
  (-0.816819,-0.526234)
  (-0.859934,-0.510957)
   (-0.91324,-0.503753)
  (-0.974422,-0.506641)
   (-1.04117,-0.520941)
    (-1.1114,-0.547541)
   (-1.18322,-0.587186)
   (-1.25475,-0.640614)
    (-1.32405,-0.70864)
   (-1.38895,-0.792279)
   (-1.44669,-0.892741)
    (-1.49374,-1.01156)
    (-1.52459,-1.15078)
    (-1.52951,-1.31149)
    (-1.49377,-1.48883)
    (-1.40273,-1.66557)
    (-1.25474,-1.81185)
    (-1.07163,-1.90052)
    (-0.88797,-1.92828)
   (-0.724485,-1.91467)
   (-0.578479,-1.87757)
   (-0.441323,-1.81571)
   (-0.320218,-1.71766)
   (-0.237495,-1.58488)
    (-0.209637,-1.4386)
     (-0.234797,-1.305)
   (-0.298788,-1.20142)
   (-0.385142,-1.13474)
    (-0.47971,-1.10537)
   (-0.570825,-1.11044)
   (-0.648407,-1.14453)
   (-0.704037,-1.19892)
   (-0.733053,-1.26054)
   (-0.739091,-1.31344)
   (-0.737303,-1.34624)
   (-0.748156,-1.36166)
   (-0.784711,-1.37603)
   (-0.847158,-1.40934)
   (-0.926376,-1.47817)
    (-1.00761,-1.59494)
      (-1.07055,-1.768)
    (-1.08779,-1.99924)
    (-1.02472,-2.27745)
   (-0.846695,-2.56852)
    (-0.53824,-2.81146)
   (-0.126202,-2.93473)
    (0.316756,-2.89242)
     (0.702542,-2.6943)
    (0.972657,-2.39907)
     (1.11776,-2.07639)
      (1.1624,-1.77539)
     (1.14063,-1.51806)
     (1.08096,-1.30719)
     (1.00168,-1.13673)
   (0.912488,-0.999242)
   (0.818413,-0.889139)
   (0.722675,-0.802582)
   (0.627763,-0.736745)
   (0.535853,-0.689431)
   (0.449146,-0.658766)
   (0.370097,-0.642786)
   (0.301397,-0.638879)
   (0.245592,-0.643194)
   (0.204161,-0.650147)
   (0.175693,-0.652597)
     (0.153941,-0.6444)
     (0.12941,-0.62487)
  (0.0949853,-0.599702)
  (0.0493307,-0.576492)
 (-0.00494729,-0.56051)
 (-0.0645011,-0.554219)
  (-0.126566,-0.558787)
  (-0.188547,-0.575135)
  (-0.247337,-0.603828)
  (-0.299265,-0.644379)
  (-0.340784,-0.694719)
  (-0.369578,-0.751377)
    (-0.385319,-0.8108)
  (-0.388575,-0.871113)
  (-0.378044,-0.931602)
  (-0.349953,-0.988886)
   (-0.302342,-1.03425)
   (-0.240308,-1.05654)
   (-0.176815,-1.04864)
    (-0.128323,-1.0128)
  (-0.107113,-0.961389)
  (-0.115169,-0.911053)
    (-0.1453,-0.874464)
  (-0.187277,-0.856987)
   (-0.23283,-0.858726)
  (-0.276884,-0.878596)
    (-0.3151,-0.917224)
   (-0.33986,-0.975988)
   (-0.338725,-1.05204)
    (-0.29839,-1.13249)
   (-0.214471,-1.19302)
   (-0.101685,-1.20719)
  (0.00818415,-1.16414)
   (0.0849165,-1.07752)
   (0.116963,-0.973984)
    (0.110603,-0.87542)
  (0.0786749,-0.791951)
  (0.0318654,-0.724756)
 (-0.0239235,-0.671599)
  (-0.0861584,-0.63054)
  (-0.153477,-0.600787)
   (-0.22458,-0.582143)
  (-0.298095,-0.574418)
    (-0.3728,-0.577248)
  (-0.447774,-0.590243)
  (-0.522234,-0.613169)
   (-0.59531,-0.645726)
  (-0.666432,-0.687124)
  (-0.736287,-0.736518)
  (-0.806921,-0.794627)
  (-0.880102,-0.865012)
  (-0.955115,-0.953656)
     (-1.0274,-1.06739)
    (-1.08788,-1.21209)
    (-1.12254,-1.39036)
    (-1.11317,-1.59779)
     (-1.04115,-1.8191)
   (-0.894428,-2.02622)
   (-0.677711,-2.18072)
   (-0.423145,-2.24726)
    (-0.184418,-2.2187)
 (-0.00664617,-2.12616)
   (0.0978282,-2.01822)
    (0.146674,-1.93455)
    (0.172192,-1.89443)
    (0.208821,-1.89662)
     (0.28484,-1.92115)
     (0.41232,-1.93207)
    (0.574899,-1.88994)
    (0.730276,-1.77713)
    (0.837359,-1.61112)
    (0.880573,-1.42764)
    (0.867963,-1.25661)
    (0.816749,-1.11377)
    (0.743552,-1.00373)
   (0.661129,-0.924915)
   (0.578079,-0.872919)
   (0.499271,-0.842679)
   (0.426849,-0.830296)
   (0.362341,-0.834028)
   (0.309021,-0.853315)
    (0.272793,-0.88604)
   (0.260533,-0.925449)
    (0.275562,-0.95866)
   (0.311498,-0.970001)
   (0.350905,-0.950865)
   (0.375069,-0.907406)
   (0.375967,-0.855234)
   (0.357274,-0.807907)
   (0.327486,-0.771567)
    (0.29422,-0.746147)
   (0.261827,-0.728272)
    (0.230873,-0.71411)
   (0.199332,-0.701941)
    (0.16537,-0.693073)
   (0.129701,-0.690093)
  (0.0953107,-0.694039)
  (0.0650179,-0.703454)
  (0.0400031,-0.715948)
  (0.0206751,-0.729365)
 (0.00715577,-0.740823)
(-0.00253442,-0.746323)
 (-0.0140066,-0.743307)
 (-0.0344652,-0.734086)
 (-0.0680857,-0.725817)
  (-0.113662,-0.726628)
  (-0.166083,-0.742201)
  (-0.218781,-0.774877)
  (-0.265439,-0.824002)
  (-0.301308,-0.886793)
  (-0.323828,-0.960207)
   (-0.330862,-1.04299)
   (-0.316901,-1.13442)
   (-0.272513,-1.22823)
   (-0.191783,-1.30771)
  (-0.0832216,-1.35114)
    (0.029241,-1.34676)
     (0.119664,-1.3019)
    (0.174085,-1.23703)
    (0.193517,-1.17343)
     (0.188502,-1.1254)
    (0.172774,-1.09863)
    (0.159032,-1.09141)
    (0.156226,-1.09668)
    (0.167811,-1.10437)
    (0.190462,-1.10481)
    (0.215543,-1.09377)
    (0.235418,-1.07477)
    (0.248892,-1.05477)
    (0.260811,-1.03783)
    (0.277351,-1.02158)
    (0.30028,-0.998494)
   (0.324155,-0.961153)
   (0.338549,-0.907977)
   (0.334126,-0.845344)
   (0.308123,-0.783883)
   (0.264297,-0.732381)
   (0.208877,-0.695093)
   (0.147351,-0.672825)
  (0.0835104,-0.664884)
   (0.0197229,-0.67054)
 (-0.0420645,-0.689945)
 (-0.0987776,-0.723968)
  (-0.145186,-0.772552)
   (-0.174603,-0.83228)
  (-0.181975,-0.894672)
   (-0.168693,-0.94789)
  (-0.144479,-0.983515)
   (-0.121286,-1.00259)
    (-0.10487,-1.01257)
  (-0.0941832,-1.01948)
  (-0.0864897,-1.02499)
   (-0.080352,-1.02832)
  (-0.0760371,-1.02747)
  (-0.0768757,-1.02028)
  (-0.0893522,-1.00808)
  (-0.118597,-0.998142)
   (-0.163806,-1.00046)
   (-0.218764,-1.02283)
   (-0.274864,-1.06923)
   (-0.322528,-1.14028)
    (-0.351731,-1.2324)
    (-0.35487,-1.33644)
    (-0.33191,-1.44026)
   (-0.291064,-1.53717)
   (-0.239398,-1.63182)
   (-0.171402,-1.73331)
  (-0.0694702,-1.83988)
   (0.0809553,-1.92957)
    (0.272096,-1.96902)
    (0.470363,-1.93789)
    (0.637232,-1.84538)
    (0.752718,-1.72106)
    (0.819719,-1.59434)
     (0.854263,-1.4823)
    (0.874469,-1.38749)
    (0.891575,-1.30127)
    (0.904371,-1.21265)
     (0.903187,-1.1193)
    (0.881584,-1.02954)
   (0.842583,-0.953927)
   (0.795365,-0.897635)
    (0.749375,-0.85905)
     (0.71025,-0.83202)
    (0.67838,-0.809807)
    (0.65089,-0.788628)
    (0.625238,-0.76774)
   (0.600237,-0.746855)
   (0.574192,-0.725254)
    (0.544248,-0.70372)
   (0.508604,-0.685583)
   (0.468327,-0.674915)
    (0.426708,-0.67443)
   (0.387878,-0.685134)
    (0.356607,-0.70664)
    (0.33855,-0.736206)
   (0.338591,-0.766887)
   (0.356751,-0.787794)
    (0.38493,-0.788884)
   (0.409427,-0.767837)
   (0.418924,-0.731922)
     (0.4102,-0.692342)
    (0.386665,-0.65753)
   (0.353621,-0.631271)
   (0.315488,-0.614467)
   (0.275662,-0.606884)
   (0.237041,-0.607559)
      (0.202,-0.614571)
   (0.171787,-0.625009)
   (0.145733,-0.635652)
   (0.121251,-0.644478)
  (0.0952396,-0.651577)
   (0.065264,-0.658578)
  (0.0296414,-0.668138)
 (-0.0121888,-0.684048)
 (-0.0588202,-0.710776)
  (-0.106597,-0.752453)
  (-0.149647,-0.812191)
  (-0.179467,-0.891064)
  (-0.185123,-0.985643)
   (-0.156229,-1.08503)
   (-0.089092,-1.17064)
  (0.00724672,-1.22184)
    (0.110886,-1.22617)
    (0.195701,-1.18737)
       (0.244,-1.12414)
    (0.253481,-1.05963)
    (0.234007,-1.01092)
     (0.199984,-0.9854)
   (0.164695,-0.982139)
   (0.137131,-0.994616)
     (0.12012,-1.01409)
    (0.110543,-1.03412)
    (0.103458,-1.05411)
   (0.0978774,-1.07758)
   (0.0978893,-1.10595)
      (0.107302,-1.135)
    (0.124304,-1.15874)
    (0.143536,-1.17564)
    (0.162386,-1.18829)
    (0.181915,-1.19763)
     (0.201637,-1.2009)
    (0.215861,-1.19652)
     (0.217751,-1.1901)
    (0.207561,-1.19273)
    (0.195045,-1.21236)
    (0.193639,-1.24696)
    (0.211449,-1.28455)
     (0.244512,-1.3103)
    (0.278283,-1.31791)
    (0.299182,-1.31512)
    (0.305133,-1.31626)
      (0.304357,-1.331)
    (0.307269,-1.36055)
    (0.321073,-1.40108)
    (0.350008,-1.44779)
    (0.397508,-1.49506)
    (0.464989,-1.53454)
    (0.548574,-1.55714)
    (0.639802,-1.55779)
    (0.730602,-1.53693)
    (0.816057,-1.49691)
    (0.892574,-1.43929)
      (0.9557,-1.36532)
     (0.999286,-1.2781)
      (1.0175,-1.18546)
       (1.0099,-1.0994)
    (0.984053,-1.03069)
     (0.95281,-0.98312)
     (0.928368,-0.9514)
   (0.915833,-0.923321)
   (0.909436,-0.887091)
   (0.896659,-0.840075)
    (0.86823,-0.789916)
   (0.823428,-0.747329)
    (0.767597,-0.71979)
   (0.707853,-0.710313)
   (0.650808,-0.718724)
   (0.602005,-0.742937)
   (0.566038,-0.779616)
   (0.546784,-0.824128)
   (0.546932,-0.869906)
   (0.566281,-0.908303)
   (0.599534,-0.930321)
   (0.635658,-0.930716)
   (0.661464,-0.912549)
   (0.668871,-0.887185)
   (0.659505,-0.867787)
   (0.642234,-0.862222)
   (0.627242,-0.870907)
   (0.621598,-0.889016)
   (0.628005,-0.910067)
   (0.646024,-0.928286)
    (0.67333,-0.938861)
   (0.705491,-0.938234)
    (0.73651,-0.925898)
   (0.761642,-0.905206)
   (0.780045,-0.881089)
   (0.794412,-0.856372)
   (0.807589,-0.829858)
   (0.818993,-0.798297)
   (0.824715,-0.760479)
   (0.820848,-0.718717)
   (0.805659,-0.677163)
    (0.77956,-0.640102)
   (0.744588,-0.611231)
   (0.704054,-0.593215)
   (0.662085,-0.587259)
   (0.622951,-0.592857)
   (0.590325,-0.607944)
   (0.566832,-0.629342)
   (0.553874,-0.653029)
   (0.550918,-0.674327)
   (0.554655,-0.689535)
   (0.560679,-0.698357)
   (0.567199,-0.703123)
   (0.575686,-0.704525)
   (0.586682,-0.699399)
    (0.59605,-0.684274)
   (0.597195,-0.660307)
   (0.586177,-0.632955)
   (0.563157,-0.608054)
   (0.530535,-0.589669)
   (0.491416,-0.580192)
   (0.449153,-0.580673)
   (0.406974,-0.590738)
   (0.367165,-0.608688)
   (0.330356,-0.632399)
   (0.295727,-0.660584)
   (0.262039,-0.693467)
    (0.22867,-0.732627)
   (0.196246,-0.780429)
   (0.166968,-0.839401)
   (0.144871,-0.911569)
   (0.136006,-0.997282)
    (0.147507,-1.09355)
    (0.185336,-1.19347)
    (0.252471,-1.28716)
    (0.347658,-1.36249)
     (0.462441,-1.4069)
    (0.580299,-1.41425)
    (0.684161,-1.39054)
    (0.766032,-1.34991)
    (0.828515,-1.30498)
    (0.878701,-1.26114)
    (0.921716,-1.21823)
    (0.959911,-1.17508)
    (0.995003,-1.13001)
     (1.02689,-1.07949)
     (1.05094,-1.02068)
    (1.06043,-0.956218)
    (1.05232,-0.893705)
     (1.02937,-0.84075)
    (0.99752,-0.801378)
   (0.962714,-0.775968)
   (0.929555,-0.762871)
   (0.901457,-0.759124)
   (0.879902,-0.760462)
   (0.863277,-0.762989)
   (0.848241,-0.765782)
    (0.832955,-0.77066)
   (0.817866,-0.779399)
   (0.803803,-0.792622)
   (0.790954,-0.811213)
   (0.780276,-0.837646)
   (0.775984,-0.874971)
   (0.786411,-0.923082)
   (0.820698,-0.974475)
    (0.881402,-1.01417)
     (0.958824,-1.0276)
     (1.03559,-1.01119)
    (1.09864,-0.973356)
    (1.14475,-0.925407)
    (1.17652,-0.874747)
    (1.19757,-0.824677)
    (1.21062,-0.776123)
    (1.21689,-0.729111)
    (1.21657,-0.684337)
    (1.21045,-0.643532)
    (1.20088,-0.607925)
    (1.19057,-0.576783)
    (1.18074,-0.547887)
    (1.17067,-0.519282)
    (1.15877,-0.490481)
    (1.14392,-0.462152)
     (1.12563,-0.43523)
    (1.10368,-0.410844)
     (1.0784,-0.390501)
    (1.05111,-0.375558)
      (1.02382,-0.3665)
    (0.998523,-0.36272)
   (0.976654,-0.362784)
   (0.958819,-0.364679)
    (0.944279,-0.36625)
   (0.930846,-0.366416)
    (0.916188,-0.36626)
   (0.899707,-0.368492)
   (0.883257,-0.375573)
   (0.870257,-0.388012)
   (0.863979,-0.403782)
    (0.86591,-0.418872)
   (0.874583,-0.428776)
   (0.885637,-0.430936)
   (0.894328,-0.426576)
    (0.89859,-0.419306)
   (0.899113,-0.412125)
   (0.897484,-0.406489)
    (0.89539,-0.402812)
    (0.89435,-0.400445)
   (0.894897,-0.397952)
   (0.896421,-0.394171)
    (0.897909,-0.38873)
    (0.898459,-0.38182)
      (0.897313,-0.374)
   (0.893981,-0.366292)
   (0.888688,-0.360064)
   (0.882577,-0.356375)
   (0.877257,-0.355453)
    (0.874356,-0.35666)
   (0.875182,-0.358397)
   (0.879983,-0.358116)
   (0.887104,-0.353225)
   (0.893207,-0.342731)
   (0.895011,-0.328215)
   (0.891205,-0.312888)
   (0.882701,-0.299661)
   (0.871584,-0.290057)
   (0.860053,-0.284092)
   (0.849554,-0.280589)
   (0.840195,-0.278082)
   (0.831169,-0.275919)
     (0.82189,-0.27439)
   (0.812399,-0.273852)
   (0.802745,-0.274303)
   (0.792583,-0.275924)
   (0.781711,-0.279604)
    (0.77087,-0.286582)
   (0.761868,-0.297476)
   (0.756835,-0.311531)
   (0.757061,-0.326708)
   (0.762309,-0.340772)
   (0.771507,-0.352514)
   (0.784144,-0.361368)
   (0.799921,-0.365881)
   (0.816803,-0.364118)
   (0.831153,-0.356183)
   (0.840472,-0.344775)
   (0.844683,-0.332976)
   (0.844948,-0.322726)
   (0.842531,-0.315117)
   (0.838779,-0.310954)
   (0.835424,-0.310677)
   (0.834521,-0.313942)
   (0.838002,-0.319341)
   (0.847064,-0.324371)
    (0.86135,-0.325816)
   (0.878407,-0.321027)
   (0.894645,-0.309514)
   (0.907375,-0.292873)
   (0.915471,-0.273147)
   (0.918495,-0.252105)
   (0.916474,-0.231646)
   (0.910376,-0.213577)
   (0.901899,-0.198837)
   (0.892663,-0.187346)
   (0.883776,-0.178462)
   (0.875839,-0.171332)
   (0.868958,-0.165087)
   (0.862833,-0.159122)
   (0.857091,-0.153212)
   (0.851478,-0.147268)
   (0.845661,-0.141235)
   (0.839226,-0.135373)
   (0.832096,-0.130309)
   (0.824785,-0.126587)
   (0.818116,-0.124183)
   (0.812647,-0.122466)
     (0.80831,-0.12064)
   (0.804539,-0.118281)
   (0.800772,-0.115544)
     (0.796877,-0.1129)
   (0.793223,-0.110657)
   (0.790339,-0.108604)
   (0.788395,-0.106045)
   (0.786874,-0.102288)
  (0.784832,-0.0972715)
  (0.781606,-0.0916398)
  (0.777196,-0.0862016)
   (0.77203,-0.0814256)
   (0.76656,-0.0773945)
  (0.761083,-0.0739963)
   (0.75575,-0.0710728)
  (0.750622,-0.0684814)
  (0.745713,-0.0661102)
  (0.741016,-0.0638673)
  (0.736508,-0.0616638)
  (0.732126,-0.0594153)
   (0.72776,-0.0570744)
   (0.72328,-0.0546681)
  (0.718594,-0.0523073)
  (0.713707,-0.0501362)
  (0.708701,-0.0482511)
   (0.703671,-0.046686)
  (0.698705,-0.0454511)
   (0.69391,-0.0445329)
  (0.689402,-0.0438504)
  (0.685242,-0.0432413)
   (0.68137,-0.0425163)
  (0.677604,-0.0415576)
  (0.673724,-0.0403993)
  (0.669593,-0.0392058)
   (0.66521,-0.0381633)
  (0.660655,-0.0373984)
  (0.656027,-0.0369718)
  (0.651412,-0.0369123)
  (0.646898,-0.0372319)
  (0.642566,-0.0379158)
   (0.638466,-0.038942)
  (0.634643,-0.0403311)
   (0.631211,-0.042143)
  (0.628413,-0.0443801)
  (0.626554,-0.0468573)
  (0.625837,-0.0491505)
  (0.626179,-0.0507177)
  (0.627191,-0.0511156)
  (0.628297,-0.0501522)
  (0.628889,-0.0479612)
  (0.628538,-0.0449652)
  (0.627118,-0.0416939)
  (0.624761,-0.0385949)
  (0.621745,-0.0359402)
  (0.618365,-0.0338168)
  (0.614852,-0.0321779)
  (0.611335,-0.0309221)
  (0.607861,-0.0299581)
  (0.604439,-0.0292247)
   (0.60106,-0.0286914)
  (0.597709,-0.0283607)
  (0.594395,-0.0282592)
  (0.591147,-0.0284186)
  (0.588014,-0.0288704)
  (0.585071,-0.0296483)
  (0.582441,-0.0307714)
  (0.580293,-0.0322061)
  (0.578825,-0.0338214)
  (0.578205,-0.0353419)
   (0.57844,-0.0363526)
   (0.57927,-0.0364211)
  (0.580163,-0.0353135)
  (0.580521,-0.0331759)
  (0.579985,-0.0304816)
  (0.578566,-0.0277407)
  (0.576506,-0.0252658)
  (0.574064,-0.0231543)
    (0.57142,-0.021392)
   (0.568684,-0.019939)
  (0.565935,-0.0187535)
  (0.563236,-0.0177815)
  (0.560619,-0.0169558)
  (0.558076,-0.0162147)
  (0.555577,-0.0155265)
  (0.553095,-0.0148914)
   (0.550624,-0.014323)
  (0.548172,-0.0138313)
  (0.545754,-0.0134168)
  (0.543383,-0.0130712)
  (0.541067,-0.0127818)
  (0.538807,-0.0125363)
  (0.536599,-0.0123275)
  (0.534442,-0.0121538)
  (0.532345,-0.0120145)
  (0.530318,-0.0119007)
  (0.528371,-0.0117903)
  (0.526496,-0.0116532)
  (0.524666,-0.0114679)
  (0.522844,-0.0112354)
   (0.521006,-0.010977)
  (0.519147,-0.0107196)
  (0.517275,-0.0104833)
  (0.515406,-0.0102781)
  (0.513554,-0.0101052)
 (0.511732,-0.00995847)
 (0.509948,-0.00982611)
   (0.5082,-0.00969394)
 (0.506478,-0.00955163)
 (0.504769,-0.00939828)
 (0.503064,-0.00924186)
  (0.501361,-0.0090927)
 (0.499665,-0.00895798)
 (0.497982,-0.00884041)
  (0.49632,-0.00873873)
 (0.494684,-0.00864802)
 (0.493075,-0.00856065)
 (0.491489,-0.00846932)
 (0.489918,-0.00837175)
 (0.488356,-0.00827199)
  (0.486802,-0.0081764)
   (0.48526,-0.0080885)
 (0.483734,-0.00800737)
 (0.482226,-0.00792923)
 (0.480733,-0.00785072)
 (0.479252,-0.00777162)
 (0.477781,-0.00769467)
 (0.476321,-0.00762281)
 (0.474875,-0.00755676)
 (0.473444,-0.00749498)
 (0.472031,-0.00743493)
 (0.470634,-0.00737424)
 (0.469251,-0.00731143)
 (0.467882,-0.00724592)
 (0.466525,-0.00717706)
 (0.465178,-0.00710382)
  (0.46384,-0.00702572)
 (0.462506,-0.00694404)
 (0.461176,-0.00686168)
 (0.459849,-0.00678181)
 (0.458528,-0.00670649)
 (0.457213,-0.00663638)
 (0.455906,-0.00657129)
  (0.45461,-0.00651064)
 (0.453323,-0.00645376)
 (0.452046,-0.00640003)
  (0.45078,-0.00634886)
 (0.449523,-0.00629977)
 (0.448277,-0.00625244)
 (0.447041,-0.00620659)
 (0.445815,-0.00616178)
 (0.444598,-0.00611736)
  (0.443391,-0.0060728)
 (0.442191,-0.00602808)
 (0.440999,-0.00598365)
 (0.439815,-0.00594007)
 (0.438637,-0.00589768)
 (0.437467,-0.00585661)
 (0.436305,-0.00581695)
  (0.43515,-0.00577879)
 (0.434002,-0.00574219)
 (0.432861,-0.00570722)
 (0.431728,-0.00567391)
 (0.430603,-0.00564234)
 (0.429484,-0.00561267)
 (0.428373,-0.00558519)
  (0.42727,-0.00556017)
 (0.426175,-0.00553773)
 (0.425088,-0.00551783)
 (0.424009,-0.00550051)