(-0.127602,-0.000851499)
(-0.127773,-0.000853874)
(-0.127944,-0.000856261)
(-0.128115,-0.000858657)
(-0.128287,-0.000861064)
(-0.128459,-0.000863482)
 (-0.128632,-0.00086591)
(-0.128806,-0.000868349)
 (-0.12898,-0.000870798)
(-0.129154,-0.000873259)
 (-0.129329,-0.00087573)
(-0.129504,-0.000878212)
 (-0.12968,-0.000880705)
(-0.129857,-0.000883209)
(-0.130033,-0.000885725)
(-0.130211,-0.000888251)
(-0.130389,-0.000890789)
(-0.130567,-0.000893338)
(-0.130746,-0.000895898)
 (-0.130925,-0.00089847)
(-0.131105,-0.000901054)
(-0.131286,-0.000903649)
(-0.131467,-0.000906256)
(-0.131648,-0.000908874)
 (-0.13183,-0.000911505)
(-0.132013,-0.000914147)
(-0.132196,-0.000916801)
 (-0.13238,-0.000919467)
(-0.132564,-0.000922146)
(-0.132748,-0.000924836)
(-0.132934,-0.000927539)
(-0.133119,-0.000930255)
(-0.133306,-0.000932982)
(-0.133492,-0.000935722)
 (-0.13368,-0.000938475)
(-0.133868,-0.000941241)
(-0.134056,-0.000944019)
 (-0.134245,-0.00094681)
(-0.134435,-0.000949614)
(-0.134625,-0.000952431)
(-0.134816,-0.000955261)
(-0.135007,-0.000958104)
(-0.135199,-0.000960961)
(-0.135392,-0.000963831)
(-0.135585,-0.000966714)
(-0.135778,-0.000969611)
(-0.135972,-0.000972521)
(-0.136167,-0.000975445)
(-0.136363,-0.000978383)
(-0.136559,-0.000981335)
(-0.136755,-0.000984301)
 (-0.136952,-0.00098728)
 (-0.13715,-0.000990274)
(-0.137348,-0.000993282)
(-0.137547,-0.000996305)
(-0.137747,-0.000999342)
 (-0.137947,-0.00100239)
 (-0.138148,-0.00100546)
 (-0.138349,-0.00100854)
 (-0.138551,-0.00101164)
 (-0.138754,-0.00101475)
 (-0.138957,-0.00101787)
 (-0.139161,-0.00102101)
 (-0.139365,-0.00102417)
  (-0.13957,-0.00102734)
 (-0.139776,-0.00103053)
 (-0.139983,-0.00103373)
  (-0.14019,-0.00103694)
 (-0.140397,-0.00104018)
 (-0.140606,-0.00104343)
 (-0.140815,-0.00104669)
 (-0.141024,-0.00104997)
 (-0.141234,-0.00105327)
 (-0.141445,-0.00105658)
 (-0.141657,-0.00105991)
 (-0.141869,-0.00106326)
 (-0.142082,-0.00106662)
    (-0.142296,-0.00107)
   (-0.14251,-0.0010734)
 (-0.142725,-0.00107681)
 (-0.142941,-0.00108024)
 (-0.143157,-0.00108369)
 (-0.143374,-0.00108716)
 (-0.143592,-0.00109064)
 (-0.143811,-0.00109414)
  (-0.14403,-0.00109766)
  (-0.14425,-0.00110119)
  (-0.14447,-0.00110475)
 (-0.144691,-0.00110832)
 (-0.144913,-0.00111191)
 (-0.145136,-0.00111552)
  (-0.14536,-0.00111914)
 (-0.145584,-0.00112279)
 (-0.145809,-0.00112645)
 (-0.146034,-0.00113014)
 (-0.146261,-0.00113384)
 (-0.146488,-0.00113756)
  (-0.146716,-0.0011413)
 (-0.146944,-0.00114506)
 (-0.147174,-0.00114884)
 (-0.147404,-0.00115263)
 (-0.147634,-0.00115645)
 (-0.147866,-0.00116029)
 (-0.148099,-0.00116415)
 (-0.148332,-0.00116803)
 (-0.148566,-0.00117193)
   (-0.1488,-0.00117585)
 (-0.149036,-0.00117979)
 (-0.149272,-0.00118375)
 (-0.149509,-0.00118773)
 (-0.149747,-0.00119173)
 (-0.149986,-0.00119576)
  (-0.150226,-0.0011998)
 (-0.150466,-0.00120387)
 (-0.150707,-0.00120796)
 (-0.150949,-0.00121207)
  (-0.151192,-0.0012162)
 (-0.151435,-0.00122036)
  (-0.15168,-0.00122454)
 (-0.151925,-0.00122874)
 (-0.152171,-0.00123296)
 (-0.152418,-0.00123721)
 (-0.152666,-0.00124148)
 (-0.152915,-0.00124577)
 (-0.153164,-0.00125009)
 (-0.153415,-0.00125443)
 (-0.153666,-0.00125879)
 (-0.153918,-0.00126318)
 (-0.154171,-0.00126759)
 (-0.154425,-0.00127203)
  (-0.15468,-0.00127649)
 (-0.154936,-0.00128097)
 (-0.155192,-0.00128548)
  (-0.15545,-0.00129002)
 (-0.155708,-0.00129458)
 (-0.155967,-0.00129917)
 (-0.156228,-0.00130378)
 (-0.156489,-0.00130842)
 (-0.156751,-0.00131308)
 (-0.157014,-0.00131777)
 (-0.157278,-0.00132249)
 (-0.157543,-0.00132723)
   (-0.157809,-0.001332)
  (-0.158076,-0.0013368)
 (-0.158343,-0.00134163)
 (-0.158612,-0.00134648)
 (-0.158882,-0.00135136)
 (-0.159153,-0.00135627)
 (-0.159424,-0.00136121)
 (-0.159697,-0.00136617)
 (-0.159971,-0.00137117)
 (-0.160245,-0.00137619)
 (-0.160521,-0.00138124)
 (-0.160798,-0.00138633)
 (-0.161076,-0.00139144)
 (-0.161354,-0.00139658)
 (-0.161634,-0.00140175)
 (-0.161915,-0.00140695)
 (-0.162197,-0.00141219)
  (-0.16248,-0.00141745)
 (-0.162764,-0.00142275)
 (-0.163049,-0.00142807)
 (-0.163335,-0.00143343)
 (-0.163622,-0.00143882)
  (-0.16391,-0.00144425)
    (-0.1642,-0.0014497)
  (-0.16449,-0.00145519)
 (-0.164782,-0.00146071)
 (-0.165074,-0.00146626)
 (-0.165368,-0.00147185)
 (-0.165663,-0.00147747)
 (-0.165959,-0.00148313)
 (-0.166256,-0.00148882)
 (-0.166554,-0.00149454)
  (-0.166854,-0.0015003)
  (-0.167154,-0.0015061)
 (-0.167456,-0.00151193)
  (-0.167759,-0.0015178)
  (-0.168063,-0.0015237)
 (-0.168368,-0.00152964)
 (-0.168675,-0.00153562)
 (-0.168982,-0.00154163)
 (-0.169291,-0.00154769)
 (-0.169601,-0.00155378)
  (-0.169913,-0.0015599)
 (-0.170225,-0.00156607)
 (-0.170539,-0.00157228)
 (-0.170854,-0.00157852)
   (-0.17117,-0.0015848)
 (-0.171488,-0.00159113)
 (-0.171807,-0.00159749)
  (-0.172127,-0.0016039)
 (-0.172448,-0.00161035)
 (-0.172771,-0.00161683)
 (-0.173095,-0.00162336)
  (-0.17342,-0.00162993)
 (-0.173746,-0.00163655)
  (-0.174074,-0.0016432)
  (-0.174404,-0.0016499)
 (-0.174734,-0.00165665)
 (-0.175066,-0.00166344)
 (-0.175399,-0.00167027)
 (-0.175734,-0.00167715)
  (-0.17607,-0.00168407)
 (-0.176407,-0.00169104)
 (-0.176746,-0.00169805)
 (-0.177087,-0.00170511)
 (-0.177428,-0.00171222)
 (-0.177771,-0.00171938)
 (-0.178116,-0.00172658)
 (-0.178462,-0.00173383)
 (-0.178809,-0.00174113)
 (-0.179158,-0.00174848)
 (-0.179508,-0.00175588)
  (-0.17986,-0.00176333)
 (-0.180214,-0.00177084)
 (-0.180568,-0.00177839)
 (-0.180925,-0.00178599)
 (-0.181283,-0.00179365)
 (-0.181642,-0.00180136)
 (-0.182003,-0.00180912)
 (-0.182365,-0.00181693)
   (-0.18273,-0.0018248)
 (-0.183095,-0.00183273)
 (-0.183462,-0.00184071)
 (-0.183831,-0.00184874)
 (-0.184202,-0.00185683)
 (-0.184574,-0.00186498)
 (-0.184948,-0.00187319)
 (-0.185323,-0.00188145)
   (-0.1857,-0.00188978)
 (-0.186079,-0.00189816)
  (-0.186459,-0.0019066)
  (-0.186841,-0.0019151)
 (-0.187225,-0.00192367)
  (-0.18761,-0.00193229)
 (-0.187998,-0.00194098)
 (-0.188387,-0.00194973)
 (-0.188777,-0.00195854)
  (-0.18917,-0.00196742)
 (-0.189564,-0.00197636)
  (-0.18996,-0.00198537)
 (-0.190358,-0.00199445)
 (-0.190758,-0.00200359)
  (-0.191159,-0.0020128)
 (-0.191563,-0.00202208)
 (-0.191968,-0.00203142)
 (-0.192375,-0.00204084)
 (-0.192784,-0.00205033)
 (-0.193195,-0.00205988)
 (-0.193608,-0.00206951)
 (-0.194022,-0.00207922)
 (-0.194439,-0.00208899)
 (-0.194858,-0.00209884)
 (-0.195278,-0.00210877)
 (-0.195701,-0.00211877)
 (-0.196126,-0.00212885)
   (-0.196552,-0.002139)
 (-0.196981,-0.00214924)
 (-0.197412,-0.00215955)
 (-0.197845,-0.00216994)
 (-0.198279,-0.00218042)
 (-0.198716,-0.00219097)
 (-0.199156,-0.00220161)
 (-0.199597,-0.00221233)
  (-0.20004,-0.00222314)
 (-0.200486,-0.00223403)
 (-0.200934,-0.00224501)
 (-0.201383,-0.00225608)
 (-0.201836,-0.00226724)
  (-0.20229,-0.00227848)
 (-0.202747,-0.00228982)
 (-0.203206,-0.00230124)
 (-0.203667,-0.00231276)
 (-0.204131,-0.00232438)
 (-0.204596,-0.00233608)
 (-0.205065,-0.00234789)
 (-0.205535,-0.00235979)
 (-0.206008,-0.00237178)
 (-0.206484,-0.00238388)
 (-0.206961,-0.00239608)
 (-0.207442,-0.00240838)
 (-0.207924,-0.00242078)
  (-0.20841,-0.00243329)
  (-0.208897,-0.0024459)
 (-0.209388,-0.00245862)
 (-0.209881,-0.00247144)
 (-0.210376,-0.00248437)
 (-0.210874,-0.00249742)
 (-0.211375,-0.00251057)
 (-0.211878,-0.00252384)
 (-0.212384,-0.00253723)
 (-0.212892,-0.00255073)
 (-0.213404,-0.00256434)
 (-0.213918,-0.00257808)
 (-0.214434,-0.00259193)
 (-0.214954,-0.00260591)
 (-0.215476,-0.00262001)
 (-0.216002,-0.00263423)
  (-0.21653,-0.00264858)
 (-0.217061,-0.00266306)
 (-0.217594,-0.00267766)
  (-0.218131,-0.0026924)
 (-0.218671,-0.00270727)
 (-0.219214,-0.00272228)
 (-0.219759,-0.00273742)
  (-0.220308,-0.0027527)
  (-0.22086,-0.00276811)
 (-0.221415,-0.00278367)
 (-0.221973,-0.00279938)
 (-0.222534,-0.00281522)
 (-0.223099,-0.00283122)
 (-0.223666,-0.00284736)
 (-0.224237,-0.00286366)
  (-0.224811,-0.0028801)
 (-0.225389,-0.00289671)
 (-0.225969,-0.00291347)
 (-0.226554,-0.00293038)
 (-0.227141,-0.00294746)
 (-0.227732,-0.00296471)
 (-0.228326,-0.00298212)
 (-0.228924,-0.00299969)
 (-0.229526,-0.00301744)
 (-0.230131,-0.00303536)
 (-0.230739,-0.00305345)
 (-0.231352,-0.00307173)
 (-0.231967,-0.00309018)
 (-0.232587,-0.00310881)
  (-0.23321,-0.00312763)
 (-0.233837,-0.00314664)
 (-0.234468,-0.00316583)
 (-0.235103,-0.00318522)
 (-0.235742,-0.00320481)
 (-0.236384,-0.00322459)
 (-0.237031,-0.00324458)
 (-0.237682,-0.00326477)
 (-0.238336,-0.00328516)
 (-0.238995,-0.00330577)
 (-0.239658,-0.00332659)
 (-0.240325,-0.00334763)
 (-0.240996,-0.00336888)
 (-0.241672,-0.00339036)
 (-0.242352,-0.00341207)
   (-0.243036,-0.003434)
 (-0.243724,-0.00345617)
 (-0.244417,-0.00347857)
 (-0.245115,-0.00350122)
 (-0.245817,-0.00352411)
 (-0.246524,-0.00354724)
 (-0.247235,-0.00357063)
 (-0.247951,-0.00359428)
 (-0.248672,-0.00361818)
 (-0.249398,-0.00364234)
 (-0.250128,-0.00366678)
 (-0.250864,-0.00369148)
 (-0.251604,-0.00371646)
 (-0.252349,-0.00374172)
   (-0.2531,-0.00376727)
 (-0.253855,-0.00379311)
 (-0.254616,-0.00381924)
 (-0.255382,-0.00384567)
  (-0.256153,-0.0038724)
  (-0.25693,-0.00389944)
 (-0.257712,-0.00392679)
   (-0.2585,-0.00395447)
 (-0.259293,-0.00398247)
  (-0.260091,-0.0040108)
 (-0.260896,-0.00403946)
 (-0.261706,-0.00406846)
 (-0.262522,-0.00409782)
 (-0.263344,-0.00412752)
 (-0.264172,-0.00415758)
 (-0.265006,-0.00418801)
 (-0.265846,-0.00421881)
 (-0.266692,-0.00424999)
 (-0.267545,-0.00428155)
  (-0.268404,-0.0043135)
 (-0.269269,-0.00434585)
  (-0.270141,-0.0043786)
 (-0.271019,-0.00441177)
 (-0.271904,-0.00444536)
 (-0.272796,-0.00447937)
 (-0.273694,-0.00451382)
   (-0.2746,-0.00454871)
 (-0.275512,-0.00458405)
 (-0.276432,-0.00461986)
 (-0.277359,-0.00465613)
 (-0.278293,-0.00469287)
 (-0.279234,-0.00473011)
 (-0.280183,-0.00476783)
  (-0.28114,-0.00480606)
 (-0.282104,-0.00484481)
 (-0.283076,-0.00488408)
 (-0.284056,-0.00492388)
 (-0.285044,-0.00496422)
  (-0.28604,-0.00500512)
 (-0.287044,-0.00504659)
 (-0.288056,-0.00508863)
 (-0.289077,-0.00513126)
 (-0.290107,-0.00517449)
 (-0.291145,-0.00521834)
  (-0.292192,-0.0052628)
 (-0.293248,-0.00530791)
 (-0.294313,-0.00535366)
 (-0.295388,-0.00540008)
 (-0.296471,-0.00544717)
 (-0.297564,-0.00549496)
 (-0.298667,-0.00554345)
 (-0.299779,-0.00559266)
 (-0.300901,-0.00564261)
 (-0.302034,-0.00569331)
 (-0.303176,-0.00574478)
 (-0.304329,-0.00579703)
 (-0.305492,-0.00585008)
 (-0.306666,-0.00590395)
 (-0.307851,-0.00595866)
 (-0.309047,-0.00601422)
 (-0.310254,-0.00607066)
 (-0.311472,-0.00612799)
 (-0.312702,-0.00618624)
 (-0.313944,-0.00624542)
 (-0.315197,-0.00630556)
 (-0.316463,-0.00636668)
  (-0.317741,-0.0064288)
 (-0.319031,-0.00649195)
 (-0.320334,-0.00655614)
  (-0.32165,-0.00662141)
 (-0.322979,-0.00668777)
 (-0.324321,-0.00675527)
 (-0.325677,-0.00682391)
 (-0.327047,-0.00689374)
 (-0.328431,-0.00696478)
 (-0.329829,-0.00703706)
 (-0.331242,-0.00711061)
 (-0.332669,-0.00718546)
 (-0.334111,-0.00726165)
 (-0.335569,-0.00733921)
 (-0.337043,-0.00741817)
 (-0.338532,-0.00749858)
 (-0.340037,-0.00758046)
 (-0.341559,-0.00766386)
 (-0.343098,-0.00774882)
 (-0.344653,-0.00783538)
 (-0.346226,-0.00792358)
 (-0.347817,-0.00801347)
 (-0.349426,-0.00810509)
 (-0.351053,-0.00819849)
 (-0.352699,-0.00829372)
 (-0.354365,-0.00839083)
 (-0.356049,-0.00848987)
  (-0.357754,-0.0085909)
 (-0.359479,-0.00869398)
 (-0.361225,-0.00879915)
  (-0.362992,-0.0089065)
  (-0.36478,-0.00901607)
 (-0.366591,-0.00912793)
 (-0.368424,-0.00924216)
  (-0.37028,-0.00935882)
 (-0.372159,-0.00947799)
 (-0.374062,-0.00959974)
  (-0.37599,-0.00972415)
 (-0.377943,-0.00985131)
  (-0.379921,-0.0099813)
  (-0.381926,-0.0101142)
  (-0.383957,-0.0102501)
  (-0.386016,-0.0103892)
  (-0.388102,-0.0105314)
   (-0.390217,-0.010677)
   (-0.392362,-0.010826)
  (-0.394536,-0.0109785)
  (-0.396741,-0.0111347)
  (-0.398978,-0.0112947)
  (-0.401246,-0.0114586)
  (-0.403548,-0.0116266)
  (-0.405883,-0.0117987)
  (-0.408253,-0.0119752)
  (-0.410659,-0.0121562)
    (-0.4131,-0.0123419)
   (-0.41558,-0.0125324)
  (-0.418097,-0.0127278)
  (-0.420654,-0.0129285)
  (-0.423251,-0.0131346)
  (-0.425889,-0.0133463)
   (-0.42857,-0.0135638)
  (-0.431295,-0.0137873)
  (-0.434065,-0.0140171)
   (-0.43688,-0.0142534)
  (-0.439744,-0.0144964)
  (-0.442656,-0.0147466)
  (-0.445618,-0.0150041)
  (-0.448632,-0.0152692)
    (-0.4517,-0.0155423)
  (-0.454822,-0.0158237)
  (-0.458001,-0.0161138)
  (-0.461238,-0.0164129)
  (-0.464535,-0.0167214)
  (-0.467894,-0.0170398)
  (-0.471317,-0.0173685)
   (-0.474806,-0.017708)
  (-0.478363,-0.0180587)
  (-0.481991,-0.0184212)
  (-0.485691,-0.0187961)
  (-0.489467,-0.0191839)
   (-0.49332,-0.0195852)
  (-0.497254,-0.0200008)
  (-0.501272,-0.0204313)
  (-0.505375,-0.0208775)
  (-0.509569,-0.0213401)
  (-0.513854,-0.0218202)
  (-0.518237,-0.0223184)
  (-0.522719,-0.0228359)
  (-0.527304,-0.0233737)
  (-0.531998,-0.0239328)
  (-0.536803,-0.0245145)
    (-0.541725,-0.02512)
  (-0.546768,-0.0257507)
   (-0.551938,-0.026408)
  (-0.557239,-0.0270936)
  (-0.562677,-0.0278092)
  (-0.568258,-0.0285564)
  (-0.573988,-0.0293374)
  (-0.579875,-0.0301543)
  (-0.585924,-0.0310092)
  (-0.592144,-0.0319048)
  (-0.598543,-0.0328436)
  (-0.605129,-0.0338287)
  (-0.611912,-0.0348631)
    (-0.6189,-0.0359503)
  (-0.626105,-0.0370941)
  (-0.633538,-0.0382985)
   (-0.641209,-0.039568)
  (-0.649133,-0.0409076)
  (-0.657323,-0.0423224)
  (-0.665793,-0.0438185)
   (-0.67456,-0.0454023)
   (-0.68364,-0.0470809)
  (-0.693052,-0.0488622)
  (-0.702815,-0.0507549)
  (-0.712952,-0.0527686)
   (-0.723485,-0.054914)
   (-0.73444,-0.0572031)
  (-0.745844,-0.0596492)
  (-0.757727,-0.0622671)
  (-0.770122,-0.0650735)
  (-0.783064,-0.0680873)
  (-0.796594,-0.0713295)
   (-0.810752,-0.074824)
   (-0.825587,-0.078598)
   (-0.84115,-0.0826824)
  (-0.857499,-0.0871122)
  (-0.874697,-0.0919279)
  (-0.892813,-0.0971757)
   (-0.911926,-0.102909)
    (-0.932123,-0.10919)
     (-0.9535,-0.116091)
   (-0.976165,-0.123695)
    (-1.00024,-0.132102)
    (-1.02586,-0.141428)
    (-1.05318,-0.151812)
    (-1.08237,-0.163418)
    (-1.11362,-0.176445)
    (-1.14717,-0.191131)
    (-1.18325,-0.207767)
    (-1.22215,-0.226708)
    (-1.26419,-0.248392)
    (-1.30972,-0.273362)
    (-1.35917,-0.302301)
    (-1.41296,-0.336069)
    (-1.47159,-0.375762)
     (-1.53557,-0.42279)
     (-1.6054,-0.478983)
    (-1.68154,-0.546731)
    (-1.76425,-0.629189)
    (-1.85341,-0.730533)
    (-1.94812,-0.856303)
      (-2.04602,-1.0138)
     (-2.14203,-1.21243)
     (-2.22628,-1.46372)
      (-2.2807,-1.78017)
     (-2.27443,-2.17111)
     (-2.16003,-2.63249)
     (-1.87783,-3.12826)
      (-1.38233,-3.5706)
    (-0.694796,-3.82973)
    (0.0630276,-3.80462)
     (0.723999,-3.50603)
      (1.18231,-3.04673)
      (1.43181,-2.55269)
      (1.52356,-2.10233)
      (1.51624,-1.72475)
      (1.45443,-1.42064)
      (1.36648,-1.17965)
     (1.26879,-0.989269)
     (1.17021,-0.838301)
     (1.07526,-0.717705)
    (0.985975,-0.620511)
     (0.90308,-0.541438)
    (0.826605,-0.476508)
    (0.756236,-0.422717)
    (0.691506,-0.377785)
    (0.631896,-0.339968)
    (0.576891,-0.307924)
    (0.526001,-0.280608)
    (0.478779,-0.257206)
    (0.434819,-0.237074)
    (0.393757,-0.219706)
    (0.355269,-0.204698)
    (0.319064,-0.191734)
    (0.284887,-0.180568)
     (0.25251,-0.171011)
    (0.221733,-0.162928)
    (0.192389,-0.156234)
    (0.164341,-0.150891)
    (0.137501,-0.146911)
    (0.111847,-0.144352)
   (0.0874639,-0.143304)
   (0.0645897,-0.143844)
   (0.0436677,-0.145925)
    (0.0253061,-0.14916)
  (0.00999439,-0.152587)
 (-0.00249982,-0.154741)
  (-0.0135777,-0.154436)
  (-0.0252421,-0.151801)
  (-0.0388091,-0.148278)
  (-0.0543195,-0.145613)
   (-0.070931,-0.145063)
  (-0.0874282,-0.147283)
    (-0.102393,-0.15241)
   (-0.114206,-0.159939)
   (-0.121301,-0.168327)
   (-0.123065,-0.174759)
   (-0.121087,-0.176037)
   (-0.119098,-0.170712)
   (-0.120742,-0.160298)
    (-0.12747,-0.147885)
    (-0.13867,-0.136045)
    (-0.152962,-0.12607)
   (-0.169102,-0.118297)
    (-0.18624,-0.112615)
   (-0.203869,-0.108781)
   (-0.221706,-0.106577)
   (-0.239587,-0.105851)
   (-0.257386,-0.106538)
   (-0.274947,-0.108637)
   (-0.292021,-0.112177)
   (-0.308201,-0.117125)
   (-0.322916,-0.123209)
   (-0.335617,-0.129682)
    (-0.34626,-0.135262)
     (-0.35583,-0.13867)
   (-0.366111,-0.139604)
   (-0.378567,-0.139054)
   (-0.393574,-0.138478)
   (-0.410687,-0.138925)
   (-0.429282,-0.140842)
   (-0.448913,-0.144354)
   (-0.469267,-0.149544)
   (-0.489992,-0.156465)
   (-0.510715,-0.164958)
   (-0.531316,-0.174619)
    (-0.55215,-0.185141)
   (-0.573786,-0.196809)
     (-0.596309,-0.2105)
   (-0.618908,-0.227039)
    (-0.640099,-0.24641)
   (-0.658525,-0.267221)
   (-0.674252,-0.286904)
   (-0.689719,-0.303239)
    (-0.708822,-0.31641)
    (-0.73455,-0.329307)
   (-0.767644,-0.345862)
   (-0.807092,-0.369524)
   (-0.851101,-0.402952)
   (-0.897547,-0.448397)
    (-0.94384,-0.508083)
   (-0.986467,-0.584331)
    (-1.02025,-0.679391)
     (-1.03718,-0.79451)
    (-1.02551,-0.927181)
    (-0.971667,-1.06616)
    (-0.868594,-1.18766)
    (-0.728926,-1.26184)
     (-0.587721,-1.2734)
     (-0.482255,-1.2371)
     (-0.42824,-1.18708)
    (-0.417347,-1.15493)
     (-0.42884,-1.15928)
    (-0.438314,-1.20657)
    (-0.420301,-1.29252)
    (-0.350783,-1.39958)
      (-0.2164,-1.49424)
   (-0.0289173,-1.53542)
     (0.172185,-1.49813)
     (0.342067,-1.39089)
     (0.456644,-1.24499)
     (0.515948,-1.09118)
     (0.531655,-0.94837)
     (0.516974,-0.82536)
    (0.483427,-0.724932)
    (0.440229,-0.646076)
     (0.393652,-0.58547)
    (0.346859,-0.539336)
    (0.300935,-0.505074)
    (0.256609,-0.481669)
    (0.215531,-0.468802)
     (0.180386,-0.46543)
    (0.153863,-0.468778)
    (0.137034,-0.474479)
    (0.128234,-0.478136)
     (0.12358,-0.477465)
    (0.119166,-0.473461)
     (0.11366,-0.469416)
    (0.109309,-0.468018)
    (0.110231,-0.468468)
    (0.118665,-0.465815)
    (0.131565,-0.454036)
    (0.141589,-0.431373)
    (0.142608,-0.402025)
    (0.133334,-0.372315)
     (0.11606,-0.346827)
   (0.0941131,-0.327665)
   (0.0705531,-0.315214)
   (0.0478236,-0.308923)
   (0.0279503,-0.307797)
    (0.012893,-0.310215)
  (0.00409533,-0.313254)
  (0.00102528,-0.312894)
  (0.000312347,-0.30598)
  (-0.00277177,-0.29237)
  (-0.0116351,-0.274811)
  (-0.0271367,-0.256926)
  (-0.0482372,-0.241492)
  (-0.0732318,-0.229959)
   (-0.100559,-0.222813)
   (-0.129031,-0.220076)
   (-0.157735,-0.221632)
    (-0.18586,-0.227297)
   (-0.212648,-0.236746)
    (-0.23749,-0.249477)
   (-0.260018,-0.264945)
   (-0.280019,-0.282746)
    (-0.29715,-0.302665)
    (-0.31067,-0.324336)
   (-0.319644,-0.346644)
    (-0.323855,-0.36747)
     (-0.32482,-0.38459)
   (-0.325405,-0.397415)
   (-0.327868,-0.407501)
   (-0.332506,-0.417018)
   (-0.338373,-0.427044)
    (-0.344802,-0.43751)
   (-0.351856,-0.448291)
   (-0.359669,-0.459662)
   (-0.368114,-0.471951)
   (-0.376905,-0.485276)
   (-0.385905,-0.499285)
   (-0.395935,-0.513526)
   (-0.408585,-0.528825)
    (-0.42461,-0.547656)
   (-0.442897,-0.573057)
    (-0.460296,-0.60744)
   (-0.471965,-0.651114)
   (-0.473236,-0.700968)
   (-0.462472,-0.751296)
   (-0.442198,-0.797059)
   (-0.416896,-0.836656)
   (-0.389913,-0.871481)
   (-0.362731,-0.903896)
   (-0.335527,-0.936781)
   (-0.306173,-0.973527)
    (-0.269353,-1.01583)
    (-0.218171,-1.06133)
    (-0.146588,-1.10259)
   (-0.0532502,-1.12664)
    (0.0526295,-1.11899)
      (0.151586,-1.0743)
     (0.225335,-1.00215)
    (0.266891,-0.919709)
     (0.279706,-0.84189)
    (0.272138,-0.777733)
    (0.253615,-0.730836)
    (0.232508,-0.700616)
     (0.21509,-0.683867)
    (0.205559,-0.675969)
    (0.206067,-0.671108)
    (0.215564,-0.662703)
    (0.228938,-0.645965)
    (0.239426,-0.620925)
    (0.242908,-0.591804)
    (0.239436,-0.563297)
    (0.231454,-0.537906)
    (0.221457,-0.515643)
    (0.210418,-0.495078)
     (0.197362,-0.47518)
    (0.180697,-0.456878)
    (0.160336,-0.442664)
    (0.138343,-0.434648)
     (0.11785,-0.433154)
      (0.10163,-0.43666)
    (0.0912773,-0.44244)
   (0.0867924,-0.447222)
   (0.0862318,-0.448149)
   (0.0862982,-0.444235)
   (0.0841953,-0.436748)
   (0.0787808,-0.427899)
   (0.0702664,-0.419697)
   (0.0598153,-0.413546)
   (0.0491531,-0.409726)
   (0.0395692,-0.407193)
   (0.0310427,-0.404397)
   (0.0224406,-0.400447)
   (0.0124394,-0.395552)
 (0.000298983,-0.390657)
  (-0.0139991,-0.386736)
  (-0.0301657,-0.384414)
   (-0.047986,-0.384135)
   (-0.067259,-0.386483)
  (-0.0874769,-0.392196)
   (-0.107651,-0.401846)
   (-0.126504,-0.415478)
   (-0.142844,-0.432542)
   (-0.155834,-0.452056)
   (-0.165098,-0.472777)
   (-0.170887,-0.493393)
   (-0.174091,-0.512978)
   (-0.175771,-0.531273)
   (-0.176828,-0.548436)
   (-0.178124,-0.564911)
   (-0.180477,-0.581751)
    (-0.183929,-0.60089)
   (-0.186745,-0.624288)
   (-0.185711,-0.652127)
   (-0.178227,-0.681954)
    (-0.16439,-0.710201)
   (-0.146731,-0.734945)
    (-0.12769,-0.757013)
   (-0.107611,-0.778523)
  (-0.0847931,-0.800789)
  (-0.0568806,-0.823295)
  (-0.0220761,-0.844022)
   (0.0205099,-0.859891)
   (0.0702106,-0.866777)
    (0.123565,-0.860563)
    (0.174492,-0.839586)
    (0.216839,-0.806182)
    (0.247215,-0.765335)
    (0.265242,-0.721936)
    (0.272074,-0.679705)
     (0.269636,-0.64133)
    (0.260197,-0.608379)
    (0.245721,-0.581626)
    (0.228052,-0.561721)
    (0.209497,-0.548879)
    (0.192296,-0.542095)
    (0.177443,-0.539653)
    (0.164918,-0.540624)
    (0.155313,-0.544941)
    (0.150207,-0.551756)
    (0.150635,-0.558634)
    (0.155742,-0.562647)
    (0.163051,-0.561989)
    (0.169717,-0.556557)
    (0.173409,-0.547551)
    (0.172561,-0.537043)
    (0.166664,-0.527867)
    (0.156963,-0.523163)
    (0.146788,-0.525043)
    (0.140605,-0.533042)
    (0.141837,-0.543562)
    (0.150537,-0.551428)
    (0.163339,-0.553159)
     (0.176398,-0.54861)
    (0.187754,-0.539161)
      (0.1966,-0.525539)
     (0.20157,-0.507968)
     (0.20055,-0.487664)
    (0.192142,-0.467537)
    (0.177036,-0.451065)
    (0.157703,-0.440569)
    (0.137026,-0.436625)
      (0.117346,-0.4386)
    (0.100341,-0.445284)
   (0.0871278,-0.455029)
   (0.0779235,-0.465798)
   (0.0716918,-0.475903)
   (0.0668175,-0.484959)
   (0.0623846,-0.493697)
   (0.0585578,-0.502787)
   (0.0557705,-0.512054)
   (0.0536951,-0.520876)
   (0.0512304,-0.529384)
   (0.0477321,-0.538942)
   (0.0439285,-0.551214)
    (0.041657,-0.567137)
   (0.0433174,-0.586473)
   (0.0512204,-0.607434)
   (0.0664866,-0.626731)
   (0.0880415,-0.640528)
     (0.11245,-0.646103)
    (0.135176,-0.643425)
     (0.152899,-0.63521)
    (0.164975,-0.625007)
    (0.172699,-0.615075)
    (0.177433,-0.605927)
    (0.179489,-0.597456)
    (0.178444,-0.590177)
    (0.174193,-0.585599)
    (0.167819,-0.585665)
    (0.161877,-0.591773)
    (0.160013,-0.603599)
    (0.165492,-0.618166)
    (0.178888,-0.630546)
    (0.197189,-0.636708)
     (0.21592,-0.635895)
    (0.232007,-0.630018)
    (0.244473,-0.621439)
    (0.253344,-0.611845)
    (0.258837,-0.602596)
    (0.261634,-0.595104)
    (0.263201,-0.590324)
    (0.265293,-0.588179)
    (0.269187,-0.587599)
    (0.275118,-0.587097)
    (0.282312,-0.585692)
    (0.289813,-0.583453)
    (0.297364,-0.581187)
    (0.305806,-0.579613)
     (0.316736,-0.57832)
    (0.331206,-0.575301)
     (0.348441,-0.56792)
    (0.365989,-0.554508)
    (0.380785,-0.535031)
    (0.390025,-0.511174)
     (0.39226,-0.486127)
    (0.388321,-0.463357)
    (0.380955,-0.444872)
    (0.373203,-0.430292)
     (0.36657,-0.417507)
    (0.360472,-0.404532)
    (0.353404,-0.390873)
    (0.344428,-0.377229)
    (0.333479,-0.364392)
    (0.320762,-0.352736)
    (0.306297,-0.342472)
    (0.289983,-0.334015)
    (0.271915,-0.328052)
    (0.252571,-0.325304)
    (0.232712,-0.326327)
    (0.213329,-0.331515)
     (0.19576,-0.340997)
    (0.181666,-0.354252)
    (0.172529,-0.369716)
    (0.168789,-0.384926)
    (0.169209,-0.397498)
     (0.171355,-0.40647)
    (0.173114,-0.412727)
     (0.173909,-0.41796)
    (0.174487,-0.423166)
    (0.175678,-0.428126)
    (0.177494,-0.432084)
    (0.179235,-0.434659)
    (0.180189,-0.436149)
      (0.180139,-0.4371)
    (0.179137,-0.437739)
    (0.176935,-0.438081)
    (0.172976,-0.438506)
    (0.166935,-0.439933)
    (0.159072,-0.443433)
    (0.150097,-0.449842)
    (0.140911,-0.459658)
    (0.132431,-0.473139)
    (0.125584,-0.490482)
    (0.121554,-0.511887)
     (0.122032,-0.53731)
    (0.129307,-0.565942)
    (0.145846,-0.595403)
    (0.172872,-0.621272)
      (0.2085,-0.638273)
    (0.247535,-0.643089)
    (0.283965,-0.636405)
    (0.314117,-0.621947)
    (0.337444,-0.603599)
    (0.354881,-0.583686)
    (0.367312,-0.563383)
     (0.37538,-0.543517)
    (0.379701,-0.524787)
    (0.380968,-0.507739)
     (0.37991,-0.492659)
    (0.377092,-0.479623)
    (0.372925,-0.468747)
    (0.367882,-0.460231)
    (0.362589,-0.454235)
    (0.357867,-0.450804)
     (0.35483,-0.449621)
    (0.354604,-0.449517)
     (0.357391,-0.44839)
     (0.361646,-0.44424)
    (0.364551,-0.436744)
    (0.363795,-0.427866)
     (0.359214,-0.42071)
    (0.352863,-0.417575)
    (0.347731,-0.418787)
    (0.346293,-0.422745)
    (0.349526,-0.426673)
     (0.35649,-0.427757)
    (0.364703,-0.424431)
    (0.371449,-0.417074)
    (0.375134,-0.407402)
    (0.375472,-0.397214)
     (0.372787,-0.38787)
    (0.367713,-0.380577)
    (0.361533,-0.376326)
    (0.356089,-0.375209)
    (0.352914,-0.376124)
     (0.35251,-0.377393)
    (0.354424,-0.377535)
    (0.357643,-0.375582)
    (0.360851,-0.371201)
    (0.362812,-0.364826)
    (0.362872,-0.357401)
    (0.361027,-0.349787)
    (0.357464,-0.342448)
    (0.352197,-0.335761)
    (0.345328,-0.330351)
    (0.337414,-0.326813)
     (0.329237,-0.32527)
    (0.321321,-0.325465)
    (0.313885,-0.327204)
    (0.307235,-0.330463)
    (0.301894,-0.335001)
    (0.298159,-0.340119)
    (0.295644,-0.345139)
    (0.293648,-0.350127)
     (0.292079,-0.35579)
    (0.291714,-0.362579)
     (0.29359,-0.370099)
     (0.298337,-0.37726)
    (0.305936,-0.382674)
    (0.315665,-0.384925)
    (0.325952,-0.382898)
    (0.334464,-0.376471)
     (0.339023,-0.36713)
    (0.338897,-0.357407)
    (0.334938,-0.349433)
    (0.328596,-0.344264)
      (0.3212,-0.342208)
    (0.313906,-0.343182)
    (0.307683,-0.346767)
      (0.30323,-0.35229)
     (0.300924,-0.35895)
    (0.300814,-0.365927)
     (0.30264,-0.372509)
    (0.305898,-0.378201)
      (0.3099,-0.382837)
     (0.31398,-0.386822)
    (0.318151,-0.391101)
    (0.323563,-0.396255)
     (0.331768,-0.40137)
     (0.343024,-0.40409)
    (0.355308,-0.402458)
    (0.365729,-0.396886)
    (0.372983,-0.389647)
    (0.377832,-0.382591)
    (0.381521,-0.376009)
    (0.384453,-0.369359)
    (0.386213,-0.362366)
    (0.386225,-0.355471)
     (0.38443,-0.349682)
    (0.381632,-0.345936)
     (0.379178,-0.34437)
    (0.378121,-0.344162)
    (0.378632,-0.344142)
    (0.380206,-0.343531)
     (0.382236,-0.34205)
     (0.384166,-0.33966)
    (0.385442,-0.336564)
    (0.385668,-0.333281)
    (0.384804,-0.330486)
    (0.383143,-0.328799)
    (0.381283,-0.328735)
    (0.380232,-0.330476)
    (0.381101,-0.333413)
    (0.384322,-0.336231)
    (0.389328,-0.337738)
    (0.395076,-0.337495)
    (0.400697,-0.335777)
    (0.405854,-0.333212)
    (0.410784,-0.330285)
    (0.415964,-0.326975)
     (0.421624,-0.32277)
     (0.42745,-0.317018)
    (0.432631,-0.309396)
    (0.436244,-0.300167)
    (0.437669,-0.290084)
     (0.436762,-0.28005)
    (0.433752,-0.270879)
    (0.429156,-0.263228)
    (0.423757,-0.257464)
    (0.418394,-0.253487)
    (0.413627,-0.250812)
    (0.409619,-0.248905)
    (0.406358,-0.247375)
    (0.403768,-0.245849)
    (0.401579,-0.243975)
    (0.399341,-0.241607)
    (0.396583,-0.238856)
    (0.392914,-0.236108)
    (0.388232,-0.233987)
    (0.382858,-0.233079)
    (0.377384,-0.233664)
    (0.372407,-0.235653)
      (0.368322,-0.2387)
    (0.365246,-0.242403)
    (0.363078,-0.246492)
    (0.361699,-0.250935)
    (0.361176,-0.255828)
    (0.361796,-0.261147)
    (0.363844,-0.266597)
    (0.367363,-0.271749)
    (0.372218,-0.276332)
      (0.37842,-0.28023)
    (0.386224,-0.283075)
    (0.395634,-0.283947)
    (0.405778,-0.281821)
    (0.415069,-0.276498)
    (0.422204,-0.268894)
    (0.426836,-0.260306)
     (0.429274,-0.25164)
    (0.429903,-0.243377)
     (0.429073,-0.23588)
    (0.427262,-0.229387)
    (0.424973,-0.223813)
    (0.422403,-0.218796)
    (0.419304,-0.214099)
     (0.41531,-0.209972)
     (0.410441,-0.20703)
    (0.405244,-0.205755)
    (0.400465,-0.206161)
    (0.396654,-0.207851)
    (0.394008,-0.210321)
    (0.392496,-0.213187)
    (0.392026,-0.216212)
     (0.39252,-0.219243)
    (0.393945,-0.222161)
    (0.396293,-0.224796)
    (0.399456,-0.226925)
    (0.403208,-0.228445)
    (0.407407,-0.229412)
    (0.412068,-0.229839)
    (0.417175,-0.229592)
    (0.422567,-0.228557)
    (0.428064,-0.226774)
    (0.433643,-0.224351)
    (0.439412,-0.221258)
    (0.445424,-0.217266)
     (0.451519,-0.21202)
    (0.457212,-0.205223)
    (0.461761,-0.196959)
     (0.46459,-0.187824)
    (0.465611,-0.178621)
    (0.465181,-0.169981)
    (0.463862,-0.162173)
    (0.462151,-0.155084)
    (0.460258,-0.148385)
     (0.45808,-0.141812)
    (0.455385,-0.135336)
    (0.452016,-0.129133)
     (0.447965,-0.12345)
    (0.443362,-0.118529)
    (0.438463,-0.114535)
    (0.433592,-0.111477)
     (0.429005,-0.10919)
    (0.424792,-0.107454)
    (0.420934,-0.106133)
    (0.417428,-0.105178)
    (0.414334,-0.104538)
    (0.411714,-0.104098)
    (0.409565,-0.103699)
    (0.407791,-0.103212)
    (0.406272,-0.102607)
    (0.404957,-0.101901)
     (0.40381,-0.101067)
      (0.402729,-0.1001)
   (0.401635,-0.0991232)
    (0.400624,-0.098307)
   (0.399957,-0.0976719)
   (0.399878,-0.0969773)
   (0.400386,-0.0958034)
   (0.401167,-0.0938106)
   (0.401773,-0.0909334)
   (0.401831,-0.0873334)
    (0.401084,-0.083284)
   (0.399399,-0.0791517)
   (0.396838,-0.0753382)
   (0.393654,-0.0721395)
   (0.390165,-0.0696632)
   (0.386641,-0.0678675)
   (0.383257,-0.0666485)
     (0.380134,-0.06589)
   (0.377351,-0.0654622)
   (0.374943,-0.0652179)
   (0.372879,-0.0650171)
    (0.37108,-0.0647583)
   (0.369442,-0.0643923)
    (0.367859,-0.063923)
   (0.366243,-0.0634067)
   (0.364552,-0.0629417)
   (0.362803,-0.0626367)
   (0.361068,-0.0625867)
   (0.359473,-0.0628622)
   (0.358204,-0.0634738)
   (0.357478,-0.0643118)
   (0.357445,-0.0651236)
   (0.358093,-0.0655719)
   (0.359212,-0.0653564)
   (0.360444,-0.0643415)
   (0.361425,-0.0626125)
   (0.361917,-0.0604365)
     (0.3619,-0.0581425)
   (0.361556,-0.0559516)
   (0.361126,-0.0538646)
   (0.360716,-0.0517065)
   (0.360213,-0.0493063)
   (0.359391,-0.0466826)
   (0.358126,-0.0440525)
   (0.356512,-0.0416415)
   (0.354756,-0.0395141)
    (0.352999,-0.037578)
   (0.351251,-0.0357083)
   (0.349437,-0.0338528)
    (0.34749,-0.0320433)
   (0.345395,-0.0303472)
   (0.343181,-0.0288247)
   (0.340907,-0.0275079)
   (0.338632,-0.0263983)
   (0.336405,-0.0254752)
   (0.334257,-0.0247095)
   (0.332215,-0.0240699)
   (0.330294,-0.0235179)
   (0.328495,-0.0230095)
   (0.326801,-0.0225083)
   (0.325185,-0.0219929)
   (0.323619,-0.0214552)
   (0.322081,-0.0208975)
   (0.320555,-0.0203287)
   (0.319032,-0.0197607)
   (0.317508,-0.0192054)
   (0.315989,-0.0186711)
     (0.314477,-0.01816)
    (0.312973,-0.017673)
   (0.311472,-0.0172185)
    (0.30998,-0.0168128)
   (0.308522,-0.0164698)
   (0.307135,-0.0161835)
    (0.305854,-0.015915)
   (0.304678,-0.0156031)
   (0.303563,-0.0151972)
   (0.302443,-0.0146865)
   (0.301263,-0.0141008)
   (0.299997,-0.0134907)
   (0.298653,-0.0129047)
   (0.297257,-0.0123735)
   (0.295841,-0.0119067)
   (0.294431,-0.0114964)
    (0.29304,-0.0111265)
    (0.291665,-0.010784)
   (0.290302,-0.0104645)
   (0.288948,-0.0101682)
  (0.287604,-0.00989464)
  (0.286268,-0.00964395)
  (0.284938,-0.00941834)
  (0.283615,-0.00922177)
  (0.282301,-0.00905908)
  (0.281002,-0.00893418)
  (0.279725,-0.00884813)
  (0.278478,-0.00880002)
  (0.277267,-0.00878969)
  (0.276103,-0.00881679)
  (0.275002,-0.00887476)
  (0.273979,-0.00894445)
  (0.273041,-0.00899319)
  (0.272168,-0.00898564)
  (0.271318,-0.00890549)
   (0.27045,-0.00876852)
  (0.269548,-0.00860973)
   (0.26862,-0.00845985)
   (0.267686,-0.0083338)
  (0.266767,-0.00823189)
  (0.265879,-0.00814436)
  (0.265029,-0.00805515)
  (0.264215,-0.00794599)
  (0.263425,-0.00780268)
  (0.262642,-0.00762029)
    (0.26185,-0.0074016)
  (0.261038,-0.00715315)
  (0.260193,-0.00688585)
  (0.259309,-0.00661677)
  (0.258391,-0.00636477)
  (0.257451,-0.00614285)
  (0.256505,-0.00595484)
  (0.255565,-0.00579757)
   (0.25464,-0.00566406)
  (0.253733,-0.00554582)
  (0.252844,-0.00543515)
   (0.251969,-0.0053271)
  (0.251105,-0.00521959)
  (0.250248,-0.00511257)
  (0.249394,-0.00500759)
  (0.248544,-0.00490717)
  (0.247697,-0.00481366)
  (0.246855,-0.00472864)
   (0.24602,-0.00465289)
  (0.245194,-0.00458616)
   (0.24438,-0.00452712)
  (0.243579,-0.00447368)
  (0.242791,-0.00442361)
  (0.242015,-0.00437508)
  (0.241252,-0.00432635)
  (0.240501,-0.00427501)
  (0.239759,-0.00421855)
  (0.239022,-0.00415625)
  (0.238286,-0.00409026)
  (0.237551,-0.00402406)
   (0.236818,-0.0039603)
  (0.236087,-0.00390004)
   (0.23536,-0.00384345)
  (0.234637,-0.00379054)
   (0.23392,-0.00374138)
  (0.233208,-0.00369587)
  (0.232503,-0.00365362)
  (0.231805,-0.00361394)
  (0.231114,-0.00357605)
  (0.230429,-0.00353932)
  (0.229751,-0.00350336)
    (0.229078,-0.003468)
  (0.228411,-0.00343316)
  (0.227749,-0.00339889)
  (0.227091,-0.00336539)
  (0.226439,-0.00333303)
  (0.225791,-0.00330205)
  (0.225148,-0.00327236)
  (0.224511,-0.00324359)
  (0.223879,-0.00321533)
  (0.223252,-0.00318731)
  (0.222629,-0.00315956)
   (0.22201,-0.00313236)
  (0.221396,-0.00310607)
  (0.220785,-0.00308095)
  (0.220178,-0.00305711)
  (0.219576,-0.00303459)
  (0.218978,-0.00301334)
  (0.218385,-0.00299331)
   (0.217797,-0.0029744)
  (0.217214,-0.00295653)
  (0.216635,-0.00293966)
  (0.216062,-0.00292362)
  (0.215495,-0.00290804)
  (0.214933,-0.00289226)
   (0.214377,-0.0028755)
  (0.213825,-0.00285704)
  (0.213278,-0.00283648)
  (0.212733,-0.00281393)
   (0.21219,-0.00279001)
  (0.211649,-0.00276568)
  (0.211109,-0.00274184)
  (0.210572,-0.00271904)
  (0.210037,-0.00269748)
  (0.209505,-0.00267707)
  (0.208977,-0.00265763)
  (0.208452,-0.00263898)
   (0.20793,-0.00262098)
  (0.207412,-0.00260356)
  (0.206897,-0.00258668)
  (0.206385,-0.00257033)
  (0.205876,-0.00255453)
  (0.205371,-0.00253927)
  (0.204869,-0.00252457)
   (0.20437,-0.00251043)
  (0.203874,-0.00249682)
  (0.203383,-0.00248359)
  (0.202895,-0.00247053)
   (0.20241,-0.00245728)
   (0.20193,-0.00244346)
  (0.201452,-0.00242879)
  (0.200977,-0.00241319)
  (0.200504,-0.00239687)
  (0.200033,-0.00238026)
  (0.199564,-0.00236375)
  (0.199097,-0.00234763)
  (0.198632,-0.00233199)
   (0.19817,-0.00231685)
   (0.19771,-0.00230221)
  (0.197252,-0.00228802)
  (0.196797,-0.00227421)
  (0.196344,-0.00226073)
  (0.195895,-0.00224752)
  (0.195447,-0.00223454)
  (0.195002,-0.00222177)
    (0.19456,-0.0022092)
   (0.19412,-0.00219684)
  (0.193682,-0.00218466)