(-0.121149,-0.000764289)
(-0.121302,-0.000766297)
(-0.121456,-0.000768313)
 (-0.12161,-0.000770338)
 (-0.121764,-0.00077237)
(-0.121919,-0.000774411)
(-0.122074,-0.000776461)
(-0.122229,-0.000778519)
(-0.122385,-0.000780585)
 (-0.122541,-0.00078266)
(-0.122698,-0.000784744)
(-0.122855,-0.000786836)
(-0.123013,-0.000788937)
(-0.123171,-0.000791047)
(-0.123329,-0.000793165)
(-0.123488,-0.000795292)
(-0.123647,-0.000797428)
(-0.123807,-0.000799573)
(-0.123967,-0.000801728)
(-0.124128,-0.000803891)
(-0.124289,-0.000806063)
 (-0.12445,-0.000808244)
(-0.124612,-0.000810435)
(-0.124774,-0.000812634)
(-0.124937,-0.000814843)
  (-0.1251,-0.000817062)
 (-0.125264,-0.00081929)
(-0.125428,-0.000821527)
(-0.125592,-0.000823774)
 (-0.125757,-0.00082603)
(-0.125923,-0.000828296)
(-0.126089,-0.000830572)
(-0.126255,-0.000832857)
(-0.126422,-0.000835152)
(-0.126589,-0.000837458)
(-0.126757,-0.000839773)
(-0.126925,-0.000842098)
(-0.127093,-0.000844433)
(-0.127262,-0.000846778)
(-0.127432,-0.000849133)
(-0.127602,-0.000851499)
(-0.127773,-0.000853875)
(-0.127944,-0.000856261)
(-0.128115,-0.000858657)
(-0.128287,-0.000861064)
(-0.128459,-0.000863482)
 (-0.128632,-0.00086591)
(-0.128806,-0.000868349)
 (-0.12898,-0.000870799)
(-0.129154,-0.000873259)
 (-0.129329,-0.00087573)
(-0.129504,-0.000878212)
 (-0.12968,-0.000880705)
 (-0.129857,-0.00088321)
(-0.130033,-0.000885725)
(-0.130211,-0.000888251)
(-0.130389,-0.000890789)
(-0.130567,-0.000893338)
(-0.130746,-0.000895899)
(-0.130925,-0.000898471)
(-0.131105,-0.000901054)
(-0.131286,-0.000903649)
(-0.131467,-0.000906256)
(-0.131648,-0.000908874)
 (-0.13183,-0.000911505)
(-0.132013,-0.000914147)
(-0.132196,-0.000916801)
 (-0.13238,-0.000919468)
(-0.132564,-0.000922146)
(-0.132748,-0.000924837)
 (-0.132934,-0.00092754)
(-0.133119,-0.000930255)
(-0.133306,-0.000932982)
(-0.133492,-0.000935723)
 (-0.13368,-0.000938476)
(-0.133868,-0.000941241)
(-0.134056,-0.000944019)
 (-0.134245,-0.00094681)
(-0.134435,-0.000949614)
(-0.134625,-0.000952431)
(-0.134816,-0.000955261)
(-0.135007,-0.000958105)
(-0.135199,-0.000960961)
(-0.135392,-0.000963831)
(-0.135585,-0.000966714)
(-0.135778,-0.000969611)
(-0.135972,-0.000972522)
(-0.136167,-0.000975446)
(-0.136363,-0.000978384)
(-0.136559,-0.000981335)
(-0.136755,-0.000984301)
(-0.136952,-0.000987281)
 (-0.13715,-0.000990275)
(-0.137348,-0.000993283)
(-0.137547,-0.000996305)
(-0.137747,-0.000999342)
 (-0.137947,-0.00100239)
 (-0.138148,-0.00100546)
 (-0.138349,-0.00100854)
 (-0.138551,-0.00101164)
 (-0.138754,-0.00101475)
 (-0.138957,-0.00101787)
 (-0.139161,-0.00102101)
 (-0.139365,-0.00102417)
  (-0.13957,-0.00102734)
 (-0.139776,-0.00103053)
 (-0.139983,-0.00103373)
  (-0.14019,-0.00103695)
 (-0.140397,-0.00104018)
 (-0.140606,-0.00104343)
 (-0.140815,-0.00104669)
 (-0.141024,-0.00104997)
 (-0.141234,-0.00105327)
 (-0.141445,-0.00105658)
 (-0.141657,-0.00105991)
 (-0.141869,-0.00106326)
 (-0.142082,-0.00106662)
    (-0.142296,-0.00107)
   (-0.14251,-0.0010734)
 (-0.142725,-0.00107681)
 (-0.142941,-0.00108025)
 (-0.143157,-0.00108369)
 (-0.143374,-0.00108716)
 (-0.143592,-0.00109064)
 (-0.143811,-0.00109414)
  (-0.14403,-0.00109766)
  (-0.14425,-0.00110119)
  (-0.14447,-0.00110475)
 (-0.144691,-0.00110832)
 (-0.144913,-0.00111191)
 (-0.145136,-0.00111552)
  (-0.14536,-0.00111914)
 (-0.145584,-0.00112279)
 (-0.145809,-0.00112645)
 (-0.146034,-0.00113014)
 (-0.146261,-0.00113384)
 (-0.146488,-0.00113756)
  (-0.146716,-0.0011413)
 (-0.146944,-0.00114506)
 (-0.147174,-0.00114884)
 (-0.147404,-0.00115263)
 (-0.147635,-0.00115645)
 (-0.147866,-0.00116029)
 (-0.148099,-0.00116415)
 (-0.148332,-0.00116803)
 (-0.148566,-0.00117193)
   (-0.1488,-0.00117585)
 (-0.149036,-0.00117979)
 (-0.149272,-0.00118375)
 (-0.149509,-0.00118773)
 (-0.149747,-0.00119173)
 (-0.149986,-0.00119576)
  (-0.150226,-0.0011998)
 (-0.150466,-0.00120387)
 (-0.150707,-0.00120796)
 (-0.150949,-0.00121207)
  (-0.151192,-0.0012162)
 (-0.151435,-0.00122036)
  (-0.15168,-0.00122454)
 (-0.151925,-0.00122874)
 (-0.152171,-0.00123296)
 (-0.152418,-0.00123721)
 (-0.152666,-0.00124148)
 (-0.152915,-0.00124577)
 (-0.153164,-0.00125009)
 (-0.153415,-0.00125443)
 (-0.153666,-0.00125879)
 (-0.153918,-0.00126318)
 (-0.154171,-0.00126759)
 (-0.154425,-0.00127203)
  (-0.15468,-0.00127649)
 (-0.154936,-0.00128097)
 (-0.155192,-0.00128548)
  (-0.15545,-0.00129002)
 (-0.155708,-0.00129458)
 (-0.155967,-0.00129917)
 (-0.156228,-0.00130378)
 (-0.156489,-0.00130842)
 (-0.156751,-0.00131308)
 (-0.157014,-0.00131777)
 (-0.157278,-0.00132249)
 (-0.157543,-0.00132723)
   (-0.157809,-0.001332)
  (-0.158076,-0.0013368)
 (-0.158343,-0.00134163)
 (-0.158612,-0.00134648)
 (-0.158882,-0.00135136)
 (-0.159153,-0.00135627)
 (-0.159424,-0.00136121)
 (-0.159697,-0.00136617)
 (-0.159971,-0.00137117)
 (-0.160245,-0.00137619)
 (-0.160521,-0.00138124)
 (-0.160798,-0.00138633)
 (-0.161076,-0.00139144)
 (-0.161354,-0.00139658)
 (-0.161634,-0.00140175)
 (-0.161915,-0.00140696)
 (-0.162197,-0.00141219)
  (-0.16248,-0.00141745)
 (-0.162764,-0.00142275)
 (-0.163049,-0.00142807)
 (-0.163335,-0.00143343)
 (-0.163622,-0.00143882)
  (-0.16391,-0.00144425)
    (-0.1642,-0.0014497)
  (-0.16449,-0.00145519)
 (-0.164782,-0.00146071)
 (-0.165074,-0.00146626)
 (-0.165368,-0.00147185)
 (-0.165663,-0.00147747)
 (-0.165959,-0.00148313)
 (-0.166256,-0.00148882)
 (-0.166554,-0.00149455)
 (-0.166854,-0.00150031)
  (-0.167154,-0.0015061)
 (-0.167456,-0.00151193)
  (-0.167759,-0.0015178)
  (-0.168063,-0.0015237)
 (-0.168368,-0.00152964)
 (-0.168675,-0.00153562)
 (-0.168982,-0.00154164)
 (-0.169291,-0.00154769)
 (-0.169601,-0.00155378)
  (-0.169913,-0.0015599)
 (-0.170225,-0.00156607)
 (-0.170539,-0.00157228)
 (-0.170854,-0.00157852)
  (-0.17117,-0.00158481)
 (-0.171488,-0.00159113)
 (-0.171807,-0.00159749)
  (-0.172127,-0.0016039)
 (-0.172448,-0.00161035)
 (-0.172771,-0.00161683)
 (-0.173095,-0.00162336)
  (-0.17342,-0.00162993)
 (-0.173746,-0.00163655)
 (-0.174074,-0.00164321)
 (-0.174404,-0.00164991)
 (-0.174734,-0.00165665)
 (-0.175066,-0.00166344)
 (-0.175399,-0.00167027)
 (-0.175734,-0.00167715)
  (-0.17607,-0.00168407)
 (-0.176407,-0.00169104)
 (-0.176746,-0.00169805)
 (-0.177087,-0.00170512)
 (-0.177428,-0.00171222)
 (-0.177771,-0.00171938)
 (-0.178116,-0.00172658)
 (-0.178462,-0.00173383)
 (-0.178809,-0.00174114)
 (-0.179158,-0.00174849)
 (-0.179508,-0.00175589)
  (-0.17986,-0.00176334)
 (-0.180214,-0.00177084)
 (-0.180568,-0.00177839)
 (-0.180925,-0.00178599)
 (-0.181283,-0.00179365)
 (-0.181642,-0.00180136)
 (-0.182003,-0.00180912)
 (-0.182366,-0.00181693)
   (-0.18273,-0.0018248)
 (-0.183095,-0.00183273)
 (-0.183463,-0.00184071)
 (-0.183831,-0.00184874)
 (-0.184202,-0.00185683)
 (-0.184574,-0.00186498)
 (-0.184948,-0.00187319)
 (-0.185323,-0.00188145)
   (-0.1857,-0.00188978)
 (-0.186079,-0.00189816)
  (-0.186459,-0.0019066)
  (-0.186841,-0.0019151)
 (-0.187225,-0.00192367)
  (-0.18761,-0.00193229)
 (-0.187998,-0.00194098)
 (-0.188387,-0.00194973)
 (-0.188777,-0.00195854)
  (-0.18917,-0.00196742)
 (-0.189564,-0.00197637)
  (-0.18996,-0.00198537)
 (-0.190358,-0.00199445)
 (-0.190758,-0.00200359)
  (-0.191159,-0.0020128)
 (-0.191563,-0.00202208)
 (-0.191968,-0.00203142)
 (-0.192375,-0.00204084)
 (-0.192784,-0.00205033)
 (-0.193195,-0.00205989)
 (-0.193608,-0.00206952)
 (-0.194022,-0.00207922)
 (-0.194439,-0.00208899)
 (-0.194858,-0.00209884)
 (-0.195278,-0.00210877)
 (-0.195701,-0.00211877)
 (-0.196126,-0.00212885)
   (-0.196552,-0.002139)
 (-0.196981,-0.00214924)
 (-0.197412,-0.00215955)
 (-0.197845,-0.00216995)
 (-0.198279,-0.00218042)
 (-0.198716,-0.00219098)
 (-0.199156,-0.00220161)
 (-0.199597,-0.00221234)
  (-0.20004,-0.00222314)
 (-0.200486,-0.00223404)
 (-0.200934,-0.00224502)
 (-0.201384,-0.00225608)
 (-0.201836,-0.00226724)
  (-0.20229,-0.00227848)
 (-0.202747,-0.00228982)
 (-0.203206,-0.00230125)
 (-0.203667,-0.00231276)
 (-0.204131,-0.00232438)
 (-0.204596,-0.00233609)
 (-0.205065,-0.00234789)
 (-0.205535,-0.00235979)
 (-0.206008,-0.00237179)
 (-0.206484,-0.00238388)
 (-0.206962,-0.00239608)
 (-0.207442,-0.00240838)
 (-0.207925,-0.00242078)
  (-0.20841,-0.00243329)
  (-0.208898,-0.0024459)
 (-0.209388,-0.00245862)
 (-0.209881,-0.00247144)
 (-0.210376,-0.00248438)
 (-0.210874,-0.00249742)
 (-0.211375,-0.00251058)
 (-0.211878,-0.00252385)
 (-0.212384,-0.00253723)
 (-0.212892,-0.00255073)
 (-0.213404,-0.00256434)
 (-0.213918,-0.00257808)
 (-0.214435,-0.00259193)
 (-0.214954,-0.00260591)
 (-0.215476,-0.00262001)
 (-0.216002,-0.00263423)
  (-0.21653,-0.00264858)
 (-0.217061,-0.00266306)
 (-0.217595,-0.00267767)
  (-0.218131,-0.0026924)
 (-0.218671,-0.00270727)
 (-0.219214,-0.00272228)
  (-0.21976,-0.00273742)
  (-0.220308,-0.0027527)
  (-0.22086,-0.00276812)
 (-0.221415,-0.00278368)
 (-0.221973,-0.00279938)
 (-0.222534,-0.00281523)
 (-0.223099,-0.00283122)
 (-0.223666,-0.00284737)
 (-0.224237,-0.00286366)
 (-0.224811,-0.00288011)
 (-0.225389,-0.00289671)
  (-0.22597,-0.00291347)
 (-0.226554,-0.00293039)
 (-0.227141,-0.00294747)
 (-0.227732,-0.00296471)
 (-0.228327,-0.00298212)
  (-0.228924,-0.0029997)
 (-0.229526,-0.00301744)
 (-0.230131,-0.00303536)
 (-0.230739,-0.00305346)
 (-0.231352,-0.00307173)
 (-0.231968,-0.00309018)
 (-0.232587,-0.00310881)
  (-0.23321,-0.00312763)
 (-0.233838,-0.00314664)
 (-0.234468,-0.00316584)
 (-0.235103,-0.00318523)
 (-0.235742,-0.00320481)
 (-0.236385,-0.00322459)
 (-0.237031,-0.00324458)
 (-0.237682,-0.00326477)
 (-0.238336,-0.00328517)
 (-0.238995,-0.00330577)
 (-0.239658,-0.00332659)
 (-0.240325,-0.00334763)
 (-0.240996,-0.00336888)
 (-0.241672,-0.00339036)
 (-0.242352,-0.00341207)
   (-0.243036,-0.003434)
 (-0.243725,-0.00345617)
 (-0.244418,-0.00347858)
 (-0.245115,-0.00350122)
 (-0.245817,-0.00352411)
 (-0.246524,-0.00354724)
 (-0.247235,-0.00357063)
 (-0.247951,-0.00359428)
 (-0.248672,-0.00361818)
 (-0.249398,-0.00364234)
 (-0.250128,-0.00366678)
 (-0.250864,-0.00369148)
 (-0.251604,-0.00371646)
 (-0.252349,-0.00374172)
   (-0.2531,-0.00376727)
  (-0.253855,-0.0037931)
 (-0.254616,-0.00381923)
 (-0.255382,-0.00384566)
 (-0.256153,-0.00387239)
  (-0.25693,-0.00389944)
 (-0.257712,-0.00392679)
   (-0.2585,-0.00395446)
 (-0.259293,-0.00398246)
 (-0.260092,-0.00401079)
 (-0.260896,-0.00403945)
 (-0.261706,-0.00406846)
 (-0.262522,-0.00409781)
 (-0.263344,-0.00412751)
 (-0.264172,-0.00415757)
   (-0.265006,-0.004188)
  (-0.265846,-0.0042188)
 (-0.266692,-0.00424998)
 (-0.267545,-0.00428154)
 (-0.268404,-0.00431349)
 (-0.269269,-0.00434584)
 (-0.270141,-0.00437859)
 (-0.271019,-0.00441176)
 (-0.271904,-0.00444534)
 (-0.272796,-0.00447936)
  (-0.273694,-0.0045138)
    (-0.2746,-0.0045487)
 (-0.275512,-0.00458404)
 (-0.276432,-0.00461984)
 (-0.277359,-0.00465611)
 (-0.278293,-0.00469285)
 (-0.279234,-0.00473008)
 (-0.280183,-0.00476781)
  (-0.28114,-0.00480604)
 (-0.282104,-0.00484478)
 (-0.283076,-0.00488405)
 (-0.284056,-0.00492385)
  (-0.285044,-0.0049642)
  (-0.28604,-0.00500509)
 (-0.287044,-0.00504656)
  (-0.288056,-0.0050886)
 (-0.289077,-0.00513123)
 (-0.290107,-0.00517446)
  (-0.291145,-0.0052183)
 (-0.292192,-0.00526276)
 (-0.293248,-0.00530787)
 (-0.294313,-0.00535362)
 (-0.295387,-0.00540003)
 (-0.296471,-0.00544713)
 (-0.297564,-0.00549491)
  (-0.298667,-0.0055434)
 (-0.299779,-0.00559261)
 (-0.300901,-0.00564255)
 (-0.302034,-0.00569325)
 (-0.303176,-0.00574471)
 (-0.304329,-0.00579696)
 (-0.305492,-0.00585001)
 (-0.306666,-0.00590388)
 (-0.307851,-0.00595858)
 (-0.309047,-0.00601414)
 (-0.310254,-0.00607058)
 (-0.311472,-0.00612791)
 (-0.312702,-0.00618615)
 (-0.313944,-0.00624533)
 (-0.315197,-0.00630546)
 (-0.316463,-0.00636658)
  (-0.31774,-0.00642869)
 (-0.319031,-0.00649183)
 (-0.320334,-0.00655602)
  (-0.32165,-0.00662128)
 (-0.322979,-0.00668764)
 (-0.324321,-0.00675513)
 (-0.325677,-0.00682377)
 (-0.327047,-0.00689359)
  (-0.32843,-0.00696462)
  (-0.329828,-0.0070369)
 (-0.331241,-0.00711044)
 (-0.332668,-0.00718528)
 (-0.334111,-0.00726146)
 (-0.335568,-0.00733901)
 (-0.337042,-0.00741797)
 (-0.338531,-0.00749837)
 (-0.340036,-0.00758024)
 (-0.341558,-0.00766363)
 (-0.343097,-0.00774858)
 (-0.344652,-0.00783513)
 (-0.346225,-0.00792332)
 (-0.347816,-0.00801319)
  (-0.349425,-0.0081048)
 (-0.351052,-0.00819819)
  (-0.352698,-0.0082934)
  (-0.354363,-0.0083905)
 (-0.356048,-0.00848952)
 (-0.357753,-0.00859054)
 (-0.359478,-0.00869359)
 (-0.361223,-0.00879876)
  (-0.36299,-0.00890608)
 (-0.364778,-0.00901563)
 (-0.366589,-0.00912748)
 (-0.368422,-0.00924168)
 (-0.370277,-0.00935832)
 (-0.372157,-0.00947746)
  (-0.37406,-0.00959919)
 (-0.375988,-0.00972357)
   (-0.37794,-0.0098507)
 (-0.379919,-0.00998067)
  (-0.381923,-0.0101135)
  (-0.383954,-0.0102494)
  (-0.386013,-0.0103884)
  (-0.388099,-0.0105307)
  (-0.390214,-0.0106762)
  (-0.392358,-0.0108251)
  (-0.394533,-0.0109776)
  (-0.396738,-0.0111338)
  (-0.398974,-0.0112937)
  (-0.401242,-0.0114576)
  (-0.403544,-0.0116255)
  (-0.405879,-0.0117976)
   (-0.408248,-0.011974)
   (-0.410654,-0.012155)
  (-0.413095,-0.0123406)
   (-0.415574,-0.012531)
  (-0.418091,-0.0127264)
   (-0.420647,-0.012927)
   (-0.423244,-0.013133)
  (-0.425882,-0.0133446)
   (-0.428563,-0.013562)
  (-0.431287,-0.0137854)
  (-0.434057,-0.0140151)
  (-0.436872,-0.0142513)
  (-0.439735,-0.0144943)
  (-0.442647,-0.0147443)
  (-0.445609,-0.0150017)
  (-0.448622,-0.0152667)
  (-0.451689,-0.0155396)
  (-0.454811,-0.0158209)
  (-0.457989,-0.0161108)
  (-0.461226,-0.0164097)
  (-0.464522,-0.0167181)
  (-0.467881,-0.0170363)
  (-0.471303,-0.0173648)
  (-0.474791,-0.0177041)
  (-0.478348,-0.0180546)
  (-0.481974,-0.0184168)
  (-0.485674,-0.0187914)
  (-0.489449,-0.0191789)
    (-0.493301,-0.01958)
  (-0.497234,-0.0199952)
   (-0.50125,-0.0204254)
  (-0.505353,-0.0208712)
  (-0.509545,-0.0213335)
  (-0.513829,-0.0218132)
    (-0.51821,-0.022311)
    (-0.52269,-0.022828)
  (-0.527275,-0.0233653)
  (-0.531966,-0.0239239)
    (-0.53677,-0.024505)
   (-0.54169,-0.0251099)
  (-0.546731,-0.0257399)
  (-0.551898,-0.0263966)
  (-0.557197,-0.0270814)
  (-0.562633,-0.0277961)
  (-0.568211,-0.0285425)
  (-0.573939,-0.0293226)
  (-0.579822,-0.0301384)
  (-0.585869,-0.0309923)
  (-0.592086,-0.0318866)
  (-0.598481,-0.0328242)
  (-0.605063,-0.0338079)
  (-0.611842,-0.0348408)
  (-0.618826,-0.0359264)
  (-0.626026,-0.0370684)
  (-0.633453,-0.0382709)
   (-0.64112,-0.0395383)
  (-0.649038,-0.0408756)
  (-0.657221,-0.0422879)
  (-0.665685,-0.0437813)
  (-0.674444,-0.0453622)
  (-0.683516,-0.0470375)
   (-0.69292,-0.0488153)
   (-0.702674,-0.050704)
  (-0.712801,-0.0527134)
  (-0.723323,-0.0548542)
  (-0.734266,-0.0571381)
  (-0.745658,-0.0595784)
    (-0.757527,-0.06219)
  (-0.769907,-0.0649894)
  (-0.782834,-0.0679954)
  (-0.796345,-0.0712289)
  (-0.810484,-0.0747138)
   (-0.825298,-0.078477)
  (-0.840838,-0.0825492)
  (-0.857162,-0.0869655)
  (-0.874332,-0.0917659)
  (-0.892418,-0.0969965)
    (-0.911498,-0.10271)
   (-0.931657,-0.108969)
   (-0.952993,-0.115845)
   (-0.975613,-0.123421)
   (-0.999637,-0.131795)
     (-1.0252,-0.141083)
    (-1.05246,-0.151423)
    (-1.08158,-0.162979)
    (-1.11276,-0.175947)
    (-1.14621,-0.190564)
     (-1.1822,-0.207119)
    (-1.22099,-0.225963)
    (-1.26291,-0.247533)
    (-1.30831,-0.272366)
      (-1.3576,-0.30114)
    (-1.41122,-0.334707)
    (-1.46965,-0.374154)
    (-1.53341,-0.420878)
    (-1.60301,-0.476692)
    (-1.67888,-0.543965)
    (-1.76132,-0.625819)
     (-1.8502,-0.726392)
    (-1.94467,-0.851168)
     (-2.04241,-1.00738)
     (-2.13846,-1.20435)
     (-2.22311,-1.45355)
     (-2.27862,-1.76742)
     (-2.27459,-2.15546)
     (-2.16415,-2.61417)
     (-1.88788,-3.10868)
     (-1.39946,-3.55282)
     (-0.717744,-3.8176)
    (0.0381476,-3.80031)
     (0.701298,-3.50845)
      (1.16369,-3.05291)
           (1.417,-2.56)
       (1.5114,-2.10939)
       (1.50561,-1.7311)
      (1.44452,-1.42628)
      (1.35677,-1.18477)
     (1.25895,-0.994091)
     (1.16005,-0.843035)
     (1.06462,-0.722544)
    (0.974742,-0.625634)
    (0.891164,-0.547022)
    (0.813918,-0.482739)
    (0.742692,-0.429805)
     (0.67702,-0.385978)
     (0.61639,-0.349571)
    (0.560307,-0.319322)
    (0.508325,-0.294296)
    (0.460089,-0.273816)
    (0.415363,-0.257408)
    (0.374089,-0.244734)
    (0.336452,-0.235481)
    (0.302903,-0.229165)
    (0.274022,-0.224818)
    (0.250006,-0.220778)
    (0.229907,-0.215085)
    (0.211502,-0.206675)
    (0.192478,-0.196245)
    (0.171783,-0.185603)
    (0.149741,-0.176398)
    (0.127359,-0.169525)
    (0.105795,-0.165174)
   (0.0861436,-0.162937)
   (0.0692155,-0.161787)
   (0.0550697,-0.160203)
   (0.0426381,-0.156872)
   (0.0302215,-0.151625)
   (0.0166818,-0.145477)
  (0.00201464,-0.139639)
  (-0.0131114,-0.134685)
   (-0.0281193,-0.13046)
  (-0.0429733,-0.126553)
  (-0.0580498,-0.122878)
   (-0.0736207,-0.11982)
  (-0.0895314,-0.117921)
   (-0.105257,-0.117544)
   (-0.120062,-0.118728)
   (-0.133132,-0.121071)
    (-0.14385,-0.123583)
   (-0.152331,-0.124792)
   (-0.159807,-0.123476)
   (-0.168105,-0.119587)
   (-0.178479,-0.114254)
   (-0.191105,-0.108836)
   (-0.205499,-0.104226)
    (-0.22106,-0.100781)
  (-0.237331,-0.0985531)
  (-0.254026,-0.0974814)
   (-0.27098,-0.0974978)
  (-0.288092,-0.0985715)
   (-0.305272,-0.100722)
    (-0.322389,-0.10401)
    (-0.33922,-0.108509)
    (-0.355394,-0.11422)
   (-0.370401,-0.120918)
   (-0.383756,-0.127938)
   (-0.395443,-0.134145)
   (-0.406366,-0.138408)
   (-0.418147,-0.140459)
   (-0.432174,-0.141179)
   (-0.448908,-0.141956)
     (-0.46801,-0.14392)
    (-0.48883,-0.147687)
   (-0.510722,-0.153465)
     (-0.53316,-0.16117)
   (-0.555833,-0.170486)
   (-0.578822,-0.181004)
    (-0.602631,-0.19259)
   (-0.627807,-0.205704)
   (-0.654409,-0.221216)
   (-0.681859,-0.239851)
   (-0.709297,-0.261731)
    (-0.73619,-0.286343)
   (-0.762778,-0.313051)
    (-0.789884,-0.34176)
   (-0.818429,-0.373033)
   (-0.849361,-0.408085)
   (-0.883346,-0.449277)
   (-0.919597,-0.500119)
   (-0.954989,-0.564041)
   (-0.984415,-0.642819)
     (-1.00218,-0.73569)
    (-1.00359,-0.839968)
     (-0.9847,-0.952888)
    (-0.939499,-1.07087)
    (-0.860492,-1.18407)
    (-0.747446,-1.27421)
    (-0.614996,-1.32445)
    (-0.485803,-1.33199)
    (-0.377393,-1.30701)
     (-0.29897,-1.26447)
    (-0.252539,-1.22162)
    (-0.230734,-1.19531)
    (-0.217652,-1.19568)
    (-0.194666,-1.22247)
     (-0.145977,-1.2661)
   (-0.0613025,-1.30982)
     (0.060177,-1.33024)
      (0.20242,-1.30388)
     (0.334413,-1.22314)
      (0.42883,-1.10377)
     (0.47721,-0.971793)
    (0.486801,-0.847237)
    (0.469672,-0.739505)
    (0.436125,-0.650937)
    (0.393621,-0.580816)
      (0.34749,-0.52706)
    (0.301172,-0.486885)
    (0.256393,-0.457671)
    (0.213999,-0.437606)
    (0.174831,-0.425378)
    (0.139642,-0.419451)
    (0.108395,-0.418255)
   (0.0804548,-0.421134)
    (0.055757,-0.428444)
   (0.0352436,-0.440573)
   (0.0204939,-0.457556)
   (0.0141217,-0.478947)
   (0.0201005,-0.502088)
   (0.0411359,-0.519878)
   (0.0736025,-0.522544)
     (0.106276,-0.50481)
    (0.127146,-0.471134)
    (0.131215,-0.431994)
    (0.120953,-0.396564)
     (0.102062,-0.36949)
   (0.0801617,-0.351556)
   (0.0595414,-0.341116)
   (0.0426198,-0.335043)
   (0.0294148,-0.329913)
   (0.0179807,-0.323725)
  (0.00625828,-0.316653)
 (-0.00644666,-0.309947)
  (-0.0195971,-0.304497)
    (-0.0322531,-0.3003)
  (-0.0437979,-0.296464)
  (-0.0547201,-0.291679)
  (-0.0667432,-0.285557)
  (-0.0813767,-0.279546)
  (-0.0983128,-0.275957)
   (-0.115437,-0.276164)
   (-0.130086,-0.279577)
   (-0.140582,-0.283737)
   (-0.147355,-0.285485)
   (-0.152846,-0.282616)
   (-0.160333,-0.274886)
    (-0.172517,-0.26398)
     (-0.190527,-0.2526)
   (-0.213901,-0.243177)
   (-0.241403,-0.237165)
   (-0.271838,-0.235137)
   (-0.304412,-0.237271)
   (-0.338658,-0.243786)
   (-0.374162,-0.255112)
   (-0.410335,-0.271849)
    (-0.446244,-0.29464)
   (-0.480495,-0.323948)
   (-0.511264,-0.359646)
   (-0.536762,-0.400594)
   (-0.556207,-0.444757)
   (-0.570446,-0.490515)
   (-0.580713,-0.538297)
   (-0.585893,-0.589924)
   (-0.581889,-0.645006)
   (-0.565292,-0.698246)
   (-0.538322,-0.741733)
   (-0.509412,-0.770954)
   (-0.488605,-0.788552)
   (-0.482376,-0.803456)
   (-0.490653,-0.827356)
   (-0.506705,-0.870585)
   (-0.518924,-0.939604)
    (-0.511896,-1.03578)
    (-0.466903,-1.15232)
    (-0.366675,-1.26865)
    (-0.208628,-1.34945)
    (-0.0186104,-1.3599)
     (0.156606,-1.29207)
     (0.279508,-1.17188)
     (0.341152,-1.03696)
    (0.353776,-0.914506)
    (0.335439,-0.816521)
     (0.301592,-0.74483)
    (0.263069,-0.696261)
     (0.22659,-0.665825)
    (0.195852,-0.648212)
    (0.172178,-0.638289)
    (0.154605,-0.631823)
    (0.140727,-0.626822)
    (0.129012,-0.623838)
    (0.120626,-0.623634)
    (0.117839,-0.623999)
    (0.119746,-0.619974)
    (0.120415,-0.608663)
    (0.113018,-0.593462)
    (0.0955811,-0.58218)
   (0.0721553,-0.581812)
   (0.0502774,-0.595298)
   (0.0381651,-0.620634)
   (0.0419109,-0.650777)
   (0.0618105,-0.675342)
   (0.0903306,-0.686194)
    (0.116688,-0.683718)
    (0.135546,-0.675608)
    (0.149721,-0.668626)
     (0.164627,-0.66307)
    (0.181693,-0.654944)
    (0.197642,-0.642125)
    (0.209368,-0.627017)
    (0.217604,-0.613506)
    (0.226102,-0.603198)
    (0.238907,-0.593987)
    (0.257393,-0.580501)
    (0.277714,-0.557076)
    (0.291969,-0.522793)
    (0.293944,-0.483187)
     (0.28322,-0.446062)
    (0.263914,-0.416836)
    (0.241556,-0.397281)
     (0.221154,-0.38616)
    (0.206087,-0.379969)
    (0.197051,-0.374017)
     (0.191724,-0.36437)
    (0.186077,-0.349656)
    (0.176544,-0.331267)
    (0.161388,-0.312076)
    (0.140749,-0.295025)
    (0.116083,-0.282311)
   (0.0895303,-0.275069)
   (0.0634177,-0.273313)
   (0.0398014,-0.275894)
   (0.0197474,-0.280597)
  (0.00251968,-0.285009)
  (-0.0141636,-0.288181)
  (-0.0322598,-0.291409)
  (-0.0517159,-0.296949)
  (-0.0706729,-0.306051)
  (-0.0869693,-0.318091)
  (-0.0996279,-0.331134)
   (-0.109206,-0.343455)
   (-0.116574,-0.354406)
    (-0.12193,-0.363356)
   (-0.126047,-0.368616)
   (-0.131797,-0.368952)
    (-0.142807,-0.36587)
     (-0.160659,-0.3631)
   (-0.184237,-0.364095)
   (-0.211136,-0.370535)
   (-0.239175,-0.382399)
    (-0.267234,-0.39874)
   (-0.295509,-0.418622)
   (-0.325267,-0.442107)
     (-0.357853,-0.4711)
   (-0.393083,-0.509212)
   (-0.428179,-0.560366)
   (-0.457944,-0.627223)
   (-0.475539,-0.710177)
   (-0.473274,-0.806702)
   (-0.443635,-0.910519)
    (-0.381336,-1.01105)
     (-0.28581,-1.09433)
    (-0.163315,-1.14473)
   (-0.0300903,-1.14868)
    (0.0884105,-1.10406)
      (0.169547,-1.0265)
    (0.206246,-0.941133)
     (0.20655,-0.868734)
    (0.184816,-0.819939)
    (0.154948,-0.797004)
    (0.127995,-0.797213)
    (0.112031,-0.815138)
    (0.112434,-0.843539)
      (0.1315,-0.873694)
    (0.167349,-0.896371)
    (0.213209,-0.904317)
    (0.259026,-0.895832)
     (0.296641,-0.87639)
     (0.32497,-0.854552)
    (0.349119,-0.835096)
    (0.374508,-0.816378)
     (0.401918,-0.79323)
    (0.426753,-0.762421)
    (0.443392,-0.726492)
    (0.450762,-0.691626)
    (0.452823,-0.662058)
    (0.454592,-0.637478)
    (0.458679,-0.614437)
    (0.464219,-0.589105)
     (0.46772,-0.559831)
    (0.465727,-0.528555)
    (0.457952,-0.499204)
    (0.447351,-0.473931)
    (0.436828,-0.451337)
    (0.426202,-0.428529)
    (0.412685,-0.404681)
    (0.394147,-0.382067)
    (0.371179,-0.363833)
    (0.346339,-0.351681)
    (0.322421,-0.345271)
    (0.301148,-0.342773)
    (0.282475,-0.342039)
    (0.264947,-0.342115)
    (0.247354,-0.343931)
    (0.230265,-0.349197)
    (0.215928,-0.358528)
    (0.206752,-0.370476)
     (0.20369,-0.382079)
     (0.205652,-0.39032)
    (0.210047,-0.393357)
     (0.21372,-0.391096)
    (0.214061,-0.385292)
     (0.21021,-0.378864)
     (0.203445,-0.37424)
    (0.195964,-0.371933)
    (0.188955,-0.370756)
    (0.181785,-0.369655)
    (0.173339,-0.369258)
    (0.163929,-0.371207)
    (0.155393,-0.376312)
    (0.149771,-0.383714)
    (0.148073,-0.391251)
    (0.149505,-0.396445)
    (0.151526,-0.398158)
     (0.15168,-0.397805)
    (0.149956,-0.398245)
    (0.149067,-0.400875)
    (0.151953,-0.403696)
    (0.158471,-0.402493)
    (0.164704,-0.394642)
    (0.166139,-0.381553)
    (0.160993,-0.366989)
     (0.150189,-0.35404)
     (0.13547,-0.344089)
     (0.118191,-0.33745)
   (0.0992123,-0.334171)
    (0.079248,-0.334294)
   (0.0590143,-0.337676)
   (0.0390066,-0.343849)
    (0.0191548,-0.35222)
 (-0.00130507,-0.362618)
   (-0.023417,-0.375982)
  (-0.0474608,-0.394606)
  (-0.0718316,-0.421439)
  (-0.0926368,-0.458681)
   (-0.104147,-0.506297)
   (-0.100087,-0.560644)
   (-0.076188,-0.613702)
  (-0.0338269,-0.654606)
   (0.0181894,-0.674826)
    (0.0675697,-0.67362)
    (0.105526,-0.657498)
     (0.12949,-0.634781)
    (0.140938,-0.611856)
    (0.143054,-0.592772)
    (0.139821,-0.579305)
    (0.134788,-0.570661)
    (0.129237,-0.564436)
    (0.121955,-0.559126)
    (0.111329,-0.555457)
   (0.0970152,-0.555274)
   (0.0797157,-0.560311)
   (0.0607153,-0.572097)
   (0.0419921,-0.591884)
    (0.0260441,-0.62026)
   (0.0155983,-0.657421)
   (0.0146164,-0.703264)
   (0.0290761,-0.754972)
    (0.063608,-0.803932)
    (0.115086,-0.838022)
    (0.171398,-0.850379)
    (0.219654,-0.845076)
    (0.254655,-0.832615)
    (0.279368,-0.822007)
    (0.300522,-0.816638)
     (0.32364,-0.814115)
    (0.349285,-0.809599)
    (0.373673,-0.801216)
    (0.393926,-0.791941)
    (0.411555,-0.785759)
     (0.43063,-0.783667)
    (0.454292,-0.783634)
    (0.483712,-0.782976)
    (0.519574,-0.779262)
     (0.562322,-0.76876)
     (0.609668,-0.74621)
    (0.655099,-0.708004)
    (0.690254,-0.655594)
    (0.709374,-0.595474)
    (0.711795,-0.535584)
     (0.70063,-0.481857)
     (0.680321,-0.43746)
    (0.655295,-0.403402)
    (0.629436,-0.379142)
    (0.605875,-0.362979)
    (0.586675,-0.352235)
    (0.572266,-0.343813)
    (0.561518,-0.335402)
    (0.552956,-0.326098)
     (0.54571,-0.315617)
    (0.539092,-0.303362)
    (0.531641,-0.288726)
    (0.521246,-0.272288)
    (0.506554,-0.256179)
     (0.48795,-0.242935)
    (0.467161,-0.234223)
    (0.446324,-0.230466)
    (0.427326,-0.231023)
    (0.411392,-0.234521)
     (0.398823,-0.23931)
    (0.389033,-0.244071)
    (0.381057,-0.248284)
     (0.37423,-0.252067)
     (0.36832,-0.255608)
    (0.363163,-0.258983)
    (0.358567,-0.262444)
    (0.354704,-0.266534)
    (0.352513,-0.271616)
    (0.353441,-0.276991)
    (0.358241,-0.280521)
    (0.365742,-0.279618)
    (0.372989,-0.273053)
     (0.376935,-0.26194)
    (0.376196,-0.248875)
    (0.371285,-0.236162)
    (0.363452,-0.224826)
    (0.353565,-0.214978)
    (0.341954,-0.206641)
    (0.328823,-0.200032)
    (0.314446,-0.195462)
     (0.29924,-0.193319)
    (0.283967,-0.193919)
     (0.26969,-0.197093)
    (0.257256,-0.201919)
    (0.246644,-0.207064)
    (0.236847,-0.211674)
    (0.226658,-0.216004)
    (0.215591,-0.221041)
      (0.20397,-0.22768)
    (0.192468,-0.236346)
    (0.181723,-0.247107)
    (0.172271,-0.259901)
    (0.164669,-0.274648)
    (0.159641,-0.291177)
    (0.158174,-0.309003)
    (0.161421,-0.326864)
    (0.169874,-0.342206)
    (0.181806,-0.351878)
     (0.193061,-0.35464)
     (0.19969,-0.352751)
     (0.200648,-0.35029)
    (0.197671,-0.350305)
    (0.193275,-0.353651)
    (0.189211,-0.359723)
    (0.186252,-0.367535)
    (0.184489,-0.376141)
    (0.183334,-0.384853)
    (0.181678,-0.393899)
    (0.178978,-0.404814)
     (0.17639,-0.419544)
    (0.176728,-0.438846)
     (0.183167,-0.46111)
    (0.197073,-0.482471)
    (0.216432,-0.499171)
    (0.237482,-0.510569)
    (0.258266,-0.518837)
    (0.279659,-0.525932)
    (0.303732,-0.531779)
     (0.33201,-0.534131)
    (0.363818,-0.529239)
     (0.39512,-0.514114)
      (0.42012,-0.48952)
    (0.435145,-0.459994)
    (0.440303,-0.430544)
    (0.437774,-0.404245)
     (0.42982,-0.382393)
    (0.418185,-0.365559)
    (0.404474,-0.354136)
    (0.390475,-0.348142)
     (0.377951,-0.34685)
    (0.368095,-0.348794)
    (0.361113,-0.352242)
    (0.356256,-0.355863)
    (0.352263,-0.359253)
    (0.348119,-0.363101)
    (0.343887,-0.368719)
    (0.340878,-0.376887)
    (0.340661,-0.387015)
    (0.343885,-0.397584)
    (0.350072,-0.407251)
     (0.35834,-0.415438)
    (0.367963,-0.422013)
    (0.378191,-0.427086)
    (0.388386,-0.431401)
    (0.398776,-0.436237)
      (0.4109,-0.442544)
    (0.427265,-0.449785)
    (0.449934,-0.455121)
    (0.478476,-0.454102)
    (0.509097,-0.443189)
    (0.536408,-0.422174)
    (0.556366,-0.393962)
    (0.567375,-0.362492)
    (0.569759,-0.331343)
    (0.565043,-0.303123)
    (0.555143,-0.279318)
    (0.541851,-0.260719)
      (0.52696,-0.24779)
    (0.512447,-0.240561)
    (0.500411,-0.238386)
     (0.492824,-0.23968)
    (0.490931,-0.241724)
    (0.494243,-0.241022)
    (0.499901,-0.234831)
    (0.503811,-0.223023)
    (0.503126,-0.208136)
    (0.497496,-0.193341)
    (0.488202,-0.180726)
    (0.476859,-0.171089)
    (0.464804,-0.164409)
    (0.452943,-0.160216)
    (0.441661,-0.157895)
    (0.430925,-0.157073)
     (0.42072,-0.157802)
     (0.411444,-0.16023)
    (0.403753,-0.164075)
    (0.397986,-0.168591)
    (0.393937,-0.173088)
    (0.391269,-0.177281)
     (0.38986,-0.180955)
    (0.389462,-0.183683)
    (0.389433,-0.185239)
    (0.389189,-0.185899)
    (0.388515,-0.186057)
    (0.387262,-0.185994)
    (0.385246,-0.186188)
     (0.38265,-0.187409)
     (0.38031,-0.190292)
    (0.379543,-0.194807)
    (0.381581,-0.199905)
    (0.386689,-0.203703)
    (0.393707,-0.204574)
    (0.400879,-0.202119)
     (0.406883,-0.19683)
    (0.410825,-0.189456)
    (0.412097,-0.181051)
    (0.410723,-0.172936)
    (0.407536,-0.166113)
    (0.403697,-0.160728)
     (0.399947,-0.15612)
    (0.396177,-0.151457)
    (0.391684,-0.146432)
    (0.385832,-0.141417)
    (0.378424,-0.137072)
    (0.369628,-0.133986)
    (0.359775,-0.132573)
    (0.349243,-0.133122)
    (0.338471,-0.135844)
    (0.327971,-0.140796)
    (0.318153,-0.147794)
    (0.309067,-0.156664)
    (0.300606,-0.167739)
    (0.293239,-0.181926)
     (0.288562,-0.19999)
    (0.289122,-0.221519)
     (0.29742,-0.244092)
    (0.314113,-0.263298)
    (0.336288,-0.274679)
    (0.358318,-0.277108)
    (0.375794,-0.273856)
    (0.388307,-0.269629)
    (0.398456,-0.267208)
    (0.409284,-0.266576)
    (0.422524,-0.265895)
    (0.438169,-0.262995)
     (0.455091,-0.25635)
    (0.471657,-0.245132)
    (0.485799,-0.229336)
    (0.495592,-0.210222)
    (0.500181,-0.189874)
    (0.499841,-0.170276)
    (0.495532,-0.152912)
     (0.488611,-0.13866)
    (0.480521,-0.127694)
    (0.472424,-0.119602)
    (0.465032,-0.113704)
     (0.458708,-0.10931)
    (0.453594,-0.105733)
    (0.449541,-0.102265)
   (0.446009,-0.0983958)
   (0.442274,-0.0941315)
   (0.437903,-0.0899759)
   (0.432988,-0.0865189)
    (0.427966,-0.084056)
   (0.423284,-0.0825442)
   (0.419257,-0.0817489)
   (0.416046,-0.0813293)
    (0.413598,-0.080922)
   (0.411681,-0.0803193)
   (0.410086,-0.0795272)
   (0.408751,-0.0786116)
   (0.407672,-0.0775961)
   (0.406885,-0.0765047)
   (0.406541,-0.0752942)
   (0.406789,-0.0736575)
   (0.407427,-0.0710961)
   (0.407815,-0.0673698)
    (0.40729,-0.0627993)
   (0.405619,-0.0580224)
    (0.40299,-0.0535541)
   (0.399717,-0.0496291)
   (0.396057,-0.0463068)
   (0.392196,-0.0435964)
   (0.388305,-0.0414939)
   (0.384561,-0.0399527)
    (0.381126,-0.038855)
   (0.378093,-0.0380225)
     (0.37546,-0.037264)
   (0.373146,-0.0364363)
   (0.371047,-0.0354667)
   (0.369079,-0.0343154)
   (0.367146,-0.0329438)
   (0.365111,-0.0313512)
   (0.362843,-0.0296277)
   (0.360293,-0.0279285)
   (0.357515,-0.0263851)
   (0.354603,-0.0250545)
   (0.351635,-0.0239341)
   (0.348648,-0.0229993)
   (0.345657,-0.0222305)
   (0.342664,-0.0216212)
   (0.339672,-0.0211718)
   (0.336675,-0.0208904)
   (0.333672,-0.0208044)
   (0.330685,-0.0209553)
   (0.327763,-0.0213767)
   (0.324974,-0.0220747)
   (0.322372,-0.0230276)
   (0.319983,-0.0242142)
    (0.317832,-0.025652)
   (0.316004,-0.0273899)
   (0.314683,-0.0294284)
   (0.314096,-0.0316235)
    (0.314393,-0.033664)
    (0.315534,-0.035147)
   (0.317256,-0.0357051)
   (0.319108,-0.0351361)
    (0.32058,-0.0335044)
    (0.321276,-0.031135)
    (0.32105,-0.0284813)
   (0.320002,-0.0259482)
   (0.318375,-0.0237794)
   (0.316426,-0.0220468)
   (0.314349,-0.0207089)
   (0.312248,-0.0196833)
   (0.310167,-0.0188976)
    (0.308117,-0.018303)
   (0.306096,-0.0178737)
   (0.304103,-0.0176058)
   (0.302148,-0.0175071)
   (0.300251,-0.0175851)
   (0.298439,-0.0178496)
   (0.296753,-0.0183127)
   (0.295256,-0.0189742)
   (0.294024,-0.0198101)
   (0.293142,-0.0207644)
   (0.292694,-0.0217299)
     (0.29272,-0.022534)
   (0.293162,-0.0229688)
   (0.293848,-0.0228629)
   (0.294526,-0.0221484)
   (0.294933,-0.0209037)
   (0.294902,-0.0193315)
   (0.294408,-0.0176599)
   (0.293528,-0.0160538)
   (0.292366,-0.0145995)
   (0.291016,-0.0133299)
   (0.289553,-0.0122479)
   (0.288036,-0.0113402)
   (0.286509,-0.0105843)
     (0.285,-0.00995119)
  (0.283522,-0.00940914)
  (0.282073,-0.00893484)
  (0.280645,-0.00851876)
  (0.279238,-0.00815936)
  (0.277856,-0.00785491)
  (0.276505,-0.00760066)
  (0.275189,-0.00738953)
  (0.273909,-0.00721417)
  (0.272665,-0.00706947)
  (0.271459,-0.00695339)
  (0.270293,-0.00686403)
  (0.269179,-0.00679453)
  (0.268121,-0.00672879)
  (0.267116,-0.00664371)
  (0.266142,-0.00652177)
  (0.265171,-0.00636396)
  (0.264184,-0.00618809)
    (0.263179,-0.006015)
  (0.262164,-0.00585825)
   (0.26115,-0.00572312)
  (0.260147,-0.00560979)
  (0.259162,-0.00551499)
     (0.2582,-0.0054317)
  (0.257264,-0.00535002)
   (0.256347,-0.0052612)
  (0.255438,-0.00516281)
  (0.254531,-0.00505975)
  (0.253621,-0.00495992)
  (0.252712,-0.00486944)
  (0.251809,-0.00479117)
   (0.250916,-0.0047251)
   (0.250038,-0.0046688)
  (0.249177,-0.00461774)
  (0.248331,-0.00456697)
  (0.247496,-0.00451417)
  (0.246669,-0.00446088)
  (0.245849,-0.00441023)
  (0.245038,-0.00436373)
  (0.244239,-0.00432004)
  (0.243451,-0.00427593)
  (0.242674,-0.00422881)
  (0.241902,-0.00417883)
  (0.241134,-0.00412869)
  (0.240371,-0.00408109)
  (0.239615,-0.00403669)
  (0.238867,-0.00399426)
  (0.238128,-0.00395222)
  (0.237397,-0.00390975)
  (0.236672,-0.00386673)
  (0.235954,-0.00382311)
  (0.235242,-0.00377841)
   (0.234535,-0.0037319)
  (0.233832,-0.00368363)
  (0.233131,-0.00363488)
   (0.232433,-0.0035874)
   (0.231737,-0.0035425)
  (0.231045,-0.00350068)
  (0.230358,-0.00346192)
   (0.229675,-0.0034259)
  (0.228999,-0.00339225)
  (0.228328,-0.00336064)
  (0.227663,-0.00333077)
  (0.227003,-0.00330245)
    (0.22635,-0.0032755)
  (0.225702,-0.00324976)
    (0.225059,-0.003225)
  (0.224423,-0.00320085)
  (0.223792,-0.00317682)
  (0.223166,-0.00315257)
  (0.222545,-0.00312811)
  (0.221927,-0.00310377)
     (0.221313,-0.00308)
  (0.220703,-0.00305711)
  (0.220098,-0.00303526)
  (0.219496,-0.00301448)
  (0.218898,-0.00299476)
  (0.218305,-0.00297605)
  (0.217716,-0.00295834)
  (0.217131,-0.00294163)
   (0.21655,-0.00292593)
  (0.215973,-0.00291135)
  (0.215401,-0.00289811)
  (0.214832,-0.00288646)
  (0.214268,-0.00287655)
  (0.213709,-0.00286829)
   (0.213155,-0.0028615)