(-0.127602,-0.000851508)
(-0.127773,-0.000853884)
 (-0.127944,-0.00085627)
(-0.128115,-0.000858666)
(-0.128287,-0.000861074)
 (-0.12846,-0.000863491)
(-0.128633,-0.000865919)
(-0.128806,-0.000868358)
 (-0.12898,-0.000870808)
(-0.129154,-0.000873268)
 (-0.129329,-0.00087574)
(-0.129505,-0.000878222)
(-0.129681,-0.000880715)
(-0.129857,-0.000883219)
(-0.130034,-0.000885735)
(-0.130211,-0.000888261)
(-0.130389,-0.000890799)
(-0.130567,-0.000893348)
(-0.130746,-0.000895909)
(-0.130926,-0.000898481)
(-0.131106,-0.000901064)
(-0.131286,-0.000903659)
(-0.131467,-0.000906266)
(-0.131649,-0.000908885)
(-0.131831,-0.000911515)
(-0.132013,-0.000914158)
(-0.132196,-0.000916812)
 (-0.13238,-0.000919478)
(-0.132564,-0.000922157)
(-0.132749,-0.000924848)
(-0.132934,-0.000927551)
 (-0.13312,-0.000930266)
(-0.133306,-0.000932994)
(-0.133493,-0.000935734)
 (-0.13368,-0.000938487)
(-0.133868,-0.000941252)
(-0.134057,-0.000944031)
(-0.134246,-0.000946822)
(-0.134435,-0.000949626)
(-0.134626,-0.000952443)
(-0.134816,-0.000955273)
(-0.135008,-0.000958117)
  (-0.1352,-0.000960973)
(-0.135392,-0.000963843)
(-0.135585,-0.000966727)
(-0.135779,-0.000969623)
(-0.135973,-0.000972534)
(-0.136168,-0.000975458)
(-0.136363,-0.000978396)
(-0.136559,-0.000981348)
(-0.136755,-0.000984314)
(-0.136953,-0.000987293)
 (-0.13715,-0.000990287)
(-0.137349,-0.000993296)
(-0.137548,-0.000996318)
(-0.137747,-0.000999355)
 (-0.137947,-0.00100241)
 (-0.138148,-0.00100547)
 (-0.138349,-0.00100855)
 (-0.138551,-0.00101165)
 (-0.138754,-0.00101476)
 (-0.138957,-0.00101789)
 (-0.139161,-0.00102103)
 (-0.139366,-0.00102418)
 (-0.139571,-0.00102735)
 (-0.139777,-0.00103054)
 (-0.139983,-0.00103374)
  (-0.14019,-0.00103696)
 (-0.140398,-0.00104019)
 (-0.140606,-0.00104344)
 (-0.140815,-0.00104671)
 (-0.141025,-0.00104999)
 (-0.141235,-0.00105329)
  (-0.141446,-0.0010566)
 (-0.141658,-0.00105993)
  (-0.14187,-0.00106328)
 (-0.142083,-0.00106664)
 (-0.142296,-0.00107002)
 (-0.142511,-0.00107342)
 (-0.142726,-0.00107683)
 (-0.142941,-0.00108026)
 (-0.143158,-0.00108371)
 (-0.143375,-0.00108717)
 (-0.143593,-0.00109066)
 (-0.143811,-0.00109416)
  (-0.14403,-0.00109768)
  (-0.14425,-0.00110121)
 (-0.144471,-0.00110476)
 (-0.144692,-0.00110834)
 (-0.144914,-0.00111193)
 (-0.145137,-0.00111553)
  (-0.14536,-0.00111916)
 (-0.145584,-0.00112281)
 (-0.145809,-0.00112647)
 (-0.146035,-0.00113015)
 (-0.146261,-0.00113386)
 (-0.146488,-0.00113758)
 (-0.146716,-0.00114132)
 (-0.146945,-0.00114508)
 (-0.147174,-0.00114885)
 (-0.147404,-0.00115265)
 (-0.147635,-0.00115647)
 (-0.147867,-0.00116031)
 (-0.148099,-0.00116417)
 (-0.148332,-0.00116805)
 (-0.148566,-0.00117195)
 (-0.148801,-0.00117587)
 (-0.149037,-0.00117981)
 (-0.149273,-0.00118377)
  (-0.14951,-0.00118775)
 (-0.149748,-0.00119175)
 (-0.149987,-0.00119578)
 (-0.150226,-0.00119982)
 (-0.150466,-0.00120389)
 (-0.150708,-0.00120798)
  (-0.15095,-0.00121209)
 (-0.151192,-0.00121622)
 (-0.151436,-0.00122038)
  (-0.15168,-0.00122456)
 (-0.151926,-0.00122876)
 (-0.152172,-0.00123298)
 (-0.152419,-0.00123723)
  (-0.152667,-0.0012415)
 (-0.152915,-0.00124579)
 (-0.153165,-0.00125011)
 (-0.153415,-0.00125445)
 (-0.153667,-0.00125881)
  (-0.153919,-0.0012632)
 (-0.154172,-0.00126761)
 (-0.154426,-0.00127205)
 (-0.154681,-0.00127651)
 (-0.154936,-0.00128099)
 (-0.155193,-0.00128551)
  (-0.15545,-0.00129004)
  (-0.155709,-0.0012946)
 (-0.155968,-0.00129919)
  (-0.156228,-0.0013038)
  (-0.15649,-0.00130844)
  (-0.156752,-0.0013131)
  (-0.157015,-0.0013178)
 (-0.157279,-0.00132251)
 (-0.157544,-0.00132726)
  (-0.15781,-0.00133203)
 (-0.158076,-0.00133683)
 (-0.158344,-0.00134165)
 (-0.158613,-0.00134651)
 (-0.158883,-0.00135139)
  (-0.159153,-0.0013563)
 (-0.159425,-0.00136123)
  (-0.159698,-0.0013662)
 (-0.159972,-0.00137119)
 (-0.160246,-0.00137622)
 (-0.160522,-0.00138127)
 (-0.160799,-0.00138635)
 (-0.161076,-0.00139147)
 (-0.161355,-0.00139661)
 (-0.161635,-0.00140178)
 (-0.161916,-0.00140698)
 (-0.162198,-0.00141222)
 (-0.162481,-0.00141748)
 (-0.162764,-0.00142278)
   (-0.16305,-0.0014281)
 (-0.163336,-0.00143346)
 (-0.163623,-0.00143885)
 (-0.163911,-0.00144427)
   (-0.1642,-0.00144973)
 (-0.164491,-0.00145522)
 (-0.164782,-0.00146074)
 (-0.165075,-0.00146629)
 (-0.165369,-0.00147188)
  (-0.165664,-0.0014775)
  (-0.16596,-0.00148316)
 (-0.166257,-0.00148885)
 (-0.166555,-0.00149458)
 (-0.166855,-0.00150034)
 (-0.167155,-0.00150613)
 (-0.167457,-0.00151196)
  (-0.16776,-0.00151783)
 (-0.168064,-0.00152374)
 (-0.168369,-0.00152968)
 (-0.168676,-0.00153565)
 (-0.168983,-0.00154167)
 (-0.169292,-0.00154772)
 (-0.169602,-0.00155381)
 (-0.169914,-0.00155994)
  (-0.170226,-0.0015661)
  (-0.17054,-0.00157231)
 (-0.170855,-0.00157856)
 (-0.171171,-0.00158484)
 (-0.171489,-0.00159116)
 (-0.171808,-0.00159753)
 (-0.172128,-0.00160393)
 (-0.172449,-0.00161038)
 (-0.172772,-0.00161687)
  (-0.173096,-0.0016234)
 (-0.173421,-0.00162997)
 (-0.173747,-0.00163658)
 (-0.174075,-0.00164324)
 (-0.174405,-0.00164994)
 (-0.174735,-0.00165669)
 (-0.175067,-0.00166347)
   (-0.1754,-0.00167031)
 (-0.175735,-0.00167718)
 (-0.176071,-0.00168411)
 (-0.176409,-0.00169108)
 (-0.176747,-0.00169809)
 (-0.177088,-0.00170515)
 (-0.177429,-0.00171226)
 (-0.177772,-0.00171942)
 (-0.178117,-0.00172662)
 (-0.178463,-0.00173387)
  (-0.17881,-0.00174117)
 (-0.179159,-0.00174852)
  (-0.17951,-0.00175592)
 (-0.179861,-0.00176338)
 (-0.180215,-0.00177088)
  (-0.18057,-0.00177843)
 (-0.180926,-0.00178603)
 (-0.181284,-0.00179369)
  (-0.181643,-0.0018014)
 (-0.182004,-0.00180916)
 (-0.182367,-0.00181697)
 (-0.182731,-0.00182484)
 (-0.183097,-0.00183277)
 (-0.183464,-0.00184075)
 (-0.183833,-0.00184878)
 (-0.184203,-0.00185688)
 (-0.184575,-0.00186503)
 (-0.184949,-0.00187323)
  (-0.185324,-0.0018815)
 (-0.185701,-0.00188982)
   (-0.18608,-0.0018982)
  (-0.18646,-0.00190664)
 (-0.186843,-0.00191515)
 (-0.187226,-0.00192371)
 (-0.187612,-0.00193234)
 (-0.187999,-0.00194102)
 (-0.188388,-0.00194977)
 (-0.188779,-0.00195859)
 (-0.189171,-0.00196747)
 (-0.189565,-0.00197641)
 (-0.189962,-0.00198542)
 (-0.190359,-0.00199449)
 (-0.190759,-0.00200364)
 (-0.191161,-0.00201285)
 (-0.191564,-0.00202212)
 (-0.191969,-0.00203147)
 (-0.192376,-0.00204089)
 (-0.192785,-0.00205037)
 (-0.193196,-0.00205993)
 (-0.193609,-0.00206956)
 (-0.194024,-0.00207926)
 (-0.194441,-0.00208904)
 (-0.194859,-0.00209889)
  (-0.19528,-0.00210882)
 (-0.195703,-0.00211882)
  (-0.196127,-0.0021289)
 (-0.196554,-0.00213905)
 (-0.196983,-0.00214929)
  (-0.197413,-0.0021596)
 (-0.197846,-0.00216999)
 (-0.198281,-0.00218047)
 (-0.198718,-0.00219102)
 (-0.199157,-0.00220166)
 (-0.199598,-0.00221238)
 (-0.200042,-0.00222319)
 (-0.200487,-0.00223408)
 (-0.200935,-0.00224506)
 (-0.201385,-0.00225613)
 (-0.201837,-0.00226729)
 (-0.202292,-0.00227853)
 (-0.202749,-0.00228987)
 (-0.203207,-0.00230129)
 (-0.203669,-0.00231281)
 (-0.204132,-0.00232442)
 (-0.204598,-0.00233613)
 (-0.205066,-0.00234794)
 (-0.205537,-0.00235984)
  (-0.20601,-0.00237183)
 (-0.206485,-0.00238393)
 (-0.206963,-0.00239613)
 (-0.207444,-0.00240843)
 (-0.207926,-0.00242083)
 (-0.208412,-0.00243334)
 (-0.208899,-0.00244595)
  (-0.20939,-0.00245866)
 (-0.209882,-0.00247149)
 (-0.210378,-0.00248442)
 (-0.210876,-0.00249747)
 (-0.211376,-0.00251062)
  (-0.21188,-0.00252389)
 (-0.212386,-0.00253727)
 (-0.212894,-0.00255077)
 (-0.213406,-0.00256439)
  (-0.21392,-0.00257812)
 (-0.214436,-0.00259197)
 (-0.214956,-0.00260595)
 (-0.215478,-0.00262005)
 (-0.216004,-0.00263427)
 (-0.216532,-0.00264862)
  (-0.217063,-0.0026631)
  (-0.217597,-0.0026777)
 (-0.218133,-0.00269244)
 (-0.218673,-0.00270731)
 (-0.219216,-0.00272232)
 (-0.219762,-0.00273746)
  (-0.22031,-0.00275273)
 (-0.220862,-0.00276815)
 (-0.221417,-0.00278371)
 (-0.221975,-0.00279941)
 (-0.222536,-0.00281526)
 (-0.223101,-0.00283125)
 (-0.223668,-0.00284739)
 (-0.224239,-0.00286369)
 (-0.224813,-0.00288013)
 (-0.225391,-0.00289673)
 (-0.225972,-0.00291349)
 (-0.226556,-0.00293041)
 (-0.227143,-0.00294749)
 (-0.227734,-0.00296473)
 (-0.228329,-0.00298214)
 (-0.228926,-0.00299971)
 (-0.229528,-0.00301746)
 (-0.230133,-0.00303538)
 (-0.230741,-0.00305347)
 (-0.231354,-0.00307174)
  (-0.23197,-0.00309019)
 (-0.232589,-0.00310882)
 (-0.233213,-0.00312764)
  (-0.23384,-0.00314664)
 (-0.234471,-0.00316584)
 (-0.235105,-0.00318522)
 (-0.235744,-0.00320481)
 (-0.236387,-0.00322459)
 (-0.237033,-0.00324457)
 (-0.237684,-0.00326476)
 (-0.238338,-0.00328515)
 (-0.238997,-0.00330575)
  (-0.23966,-0.00332657)
  (-0.240327,-0.0033476)
 (-0.240998,-0.00336886)
 (-0.241674,-0.00339033)
 (-0.242354,-0.00341203)
 (-0.243038,-0.00343397)
 (-0.243727,-0.00345613)
  (-0.24442,-0.00347853)
 (-0.245117,-0.00350117)
 (-0.245819,-0.00352406)
 (-0.246526,-0.00354719)
 (-0.247237,-0.00357057)
 (-0.247953,-0.00359421)
 (-0.248674,-0.00361811)
   (-0.2494,-0.00364227)
   (-0.25013,-0.0036667)
  (-0.250866,-0.0036914)
 (-0.251606,-0.00371637)
 (-0.252351,-0.00374163)
 (-0.253102,-0.00376717)
   (-0.253857,-0.003793)
 (-0.254618,-0.00381912)
 (-0.255384,-0.00384554)
 (-0.256155,-0.00387227)
  (-0.256932,-0.0038993)
 (-0.257714,-0.00392665)
 (-0.258501,-0.00395432)
 (-0.259294,-0.00398231)
 (-0.260093,-0.00401063)
 (-0.260898,-0.00403928)
 (-0.261708,-0.00406828)
 (-0.262524,-0.00409762)
 (-0.263346,-0.00412732)
 (-0.264174,-0.00415737)
 (-0.265007,-0.00418779)
 (-0.265847,-0.00421858)
 (-0.266694,-0.00424974)
 (-0.267546,-0.00428129)
 (-0.268405,-0.00431323)
  (-0.26927,-0.00434557)
 (-0.270142,-0.00437831)
  (-0.27102,-0.00441147)
 (-0.271905,-0.00444504)
 (-0.272797,-0.00447904)
 (-0.273695,-0.00451348)
 (-0.274601,-0.00454835)
 (-0.275513,-0.00458368)
 (-0.276433,-0.00461947)
 (-0.277359,-0.00465572)
 (-0.278293,-0.00469245)
 (-0.279235,-0.00472967)
 (-0.280184,-0.00476738)
  (-0.28114,-0.00480559)
 (-0.282104,-0.00484431)
 (-0.283076,-0.00488356)
 (-0.284056,-0.00492334)
 (-0.285044,-0.00496367)
 (-0.286039,-0.00500455)
 (-0.287044,-0.00504599)
 (-0.288056,-0.00508801)
 (-0.289077,-0.00513062)
 (-0.290106,-0.00517382)
 (-0.291144,-0.00521764)
 (-0.292191,-0.00526208)
 (-0.293247,-0.00530715)
 (-0.294312,-0.00535288)
 (-0.295386,-0.00539926)
  (-0.29647,-0.00544633)
 (-0.297562,-0.00549408)
 (-0.298665,-0.00554254)
 (-0.299777,-0.00559171)
 (-0.300899,-0.00564163)
 (-0.302031,-0.00569229)
 (-0.303174,-0.00574372)
 (-0.304326,-0.00579593)
 (-0.305489,-0.00584894)
 (-0.306663,-0.00590277)
 (-0.307848,-0.00595743)
 (-0.309043,-0.00601295)
  (-0.31025,-0.00606934)
 (-0.311468,-0.00612662)
 (-0.312698,-0.00618482)
 (-0.313939,-0.00624394)
 (-0.315192,-0.00630403)
 (-0.316457,-0.00636509)
 (-0.317735,-0.00642715)
 (-0.319025,-0.00649023)
 (-0.320328,-0.00655436)
 (-0.321643,-0.00661956)
 (-0.322972,-0.00668586)
 (-0.324314,-0.00675328)
 (-0.325669,-0.00682185)
  (-0.327039,-0.0068916)
 (-0.328422,-0.00696255)
  (-0.32982,-0.00703475)
 (-0.331232,-0.00710821)
 (-0.332659,-0.00718297)
 (-0.334101,-0.00725907)
 (-0.335558,-0.00733653)
 (-0.337031,-0.00741539)
 (-0.338519,-0.00749569)
 (-0.340024,-0.00757746)
 (-0.341545,-0.00766075)
 (-0.343083,-0.00774559)
 (-0.344638,-0.00783203)
  (-0.346211,-0.0079201)
 (-0.347801,-0.00800985)
 (-0.349409,-0.00810133)
 (-0.351036,-0.00819459)
 (-0.352681,-0.00828967)
 (-0.354345,-0.00838662)
  (-0.356029,-0.0084855)
 (-0.357733,-0.00858636)
 (-0.359457,-0.00868925)
 (-0.361202,-0.00879425)
  (-0.362968,-0.0089014)
 (-0.364755,-0.00901077)
 (-0.366565,-0.00912242)
 (-0.368396,-0.00923643)
 (-0.370251,-0.00935287)
  (-0.372129,-0.0094718)
  (-0.374032,-0.0095933)
 (-0.375958,-0.00971745)
  (-0.37791,-0.00984434)
 (-0.379887,-0.00997405)
   (-0.38189,-0.0101067)
  (-0.383919,-0.0102423)
   (-0.385976,-0.010381)
  (-0.388061,-0.0105229)
  (-0.390175,-0.0106681)
  (-0.392317,-0.0108168)
   (-0.39449,-0.0109689)
  (-0.396693,-0.0111247)
  (-0.398927,-0.0112843)
  (-0.401194,-0.0114478)
  (-0.403493,-0.0116153)
   (-0.405826,-0.011787)
  (-0.408194,-0.0119629)
  (-0.410597,-0.0121434)
  (-0.413036,-0.0123285)
  (-0.415513,-0.0125184)
  (-0.418027,-0.0127133)
  (-0.420581,-0.0129134)
  (-0.423175,-0.0131188)
   (-0.42581,-0.0133298)
  (-0.428488,-0.0135465)
  (-0.431209,-0.0137693)
  (-0.433975,-0.0139983)
  (-0.436787,-0.0142337)
  (-0.439647,-0.0144759)
  (-0.442555,-0.0147251)
  (-0.445513,-0.0149816)
  (-0.448522,-0.0152458)
  (-0.451585,-0.0155178)
   (-0.454703,-0.015798)
  (-0.457876,-0.0160869)
  (-0.461108,-0.0163848)
   (-0.464399,-0.016692)
   (-0.467753,-0.017009)
  (-0.471169,-0.0173362)
  (-0.474652,-0.0176741)
  (-0.478202,-0.0180232)
   (-0.481823,-0.018384)
   (-0.485516,-0.018757)
  (-0.489284,-0.0191428)
  (-0.493129,-0.0195421)
  (-0.497054,-0.0199555)
  (-0.501062,-0.0203837)
  (-0.505156,-0.0208275)
   (-0.50934,-0.0212876)
  (-0.513615,-0.0217649)
  (-0.517986,-0.0222603)
  (-0.522457,-0.0227747)
   (-0.52703,-0.0233092)
  (-0.531711,-0.0238648)
  (-0.536502,-0.0244428)
   (-0.54141,-0.0250444)
   (-0.546438,-0.025671)
  (-0.551592,-0.0263239)
  (-0.556876,-0.0270048)
  (-0.562296,-0.0277153)
  (-0.567858,-0.0284572)
  (-0.573569,-0.0292324)
  (-0.579435,-0.0300431)
  (-0.585462,-0.0308915)
    (-0.591659,-0.03178)
  (-0.598033,-0.0327113)
  (-0.604593,-0.0336883)
  (-0.611347,-0.0347141)
   (-0.618306,-0.035792)
   (-0.62548,-0.0369257)
  (-0.632879,-0.0381194)
  (-0.640515,-0.0393773)
  (-0.648401,-0.0407043)
  (-0.656551,-0.0421056)
  (-0.664978,-0.0435871)
   (-0.673699,-0.045155)
   (-0.68273,-0.0468165)
   (-0.69209,-0.0485792)
  (-0.701798,-0.0504516)
  (-0.711875,-0.0524433)
  (-0.722344,-0.0545648)
   (-0.73323,-0.0568278)
  (-0.744561,-0.0592453)
  (-0.756365,-0.0618319)
  (-0.768675,-0.0646041)
  (-0.781526,-0.0675802)
  (-0.794956,-0.0707809)
  (-0.809008,-0.0742298)
  (-0.823728,-0.0779534)
  (-0.839167,-0.0819818)
  (-0.855381,-0.0863497)
  (-0.872432,-0.0910964)
  (-0.890389,-0.0962674)
   (-0.909329,-0.101915)
   (-0.929337,-0.108099)
   (-0.950507,-0.114892)
   (-0.972947,-0.122374)
   (-0.996774,-0.130642)
    (-1.02212,-0.139812)
    (-1.04914,-0.150016)
      (-1.078,-0.161417)
     (-1.1089,-0.174208)
    (-1.14204,-0.188622)
    (-1.17767,-0.204941)
    (-1.21608,-0.223513)
    (-1.25757,-0.244763)
    (-1.30249,-0.269222)
    (-1.35125,-0.297552)
     (-1.40428,-0.33059)
    (-1.46206,-0.369404)
    (-1.52509,-0.415361)
     (-1.59388,-0.47024)
    (-1.66887,-0.536362)
    (-1.75033,-0.616786)
    (-1.83818,-0.715567)
     (-1.9316,-0.838078)
    (-2.02833,-0.991405)
      (-2.12358,-1.1847)
     (-2.20793,-1.42922)
      (-2.2641,-1.73725)
     (-2.26249,-2.11832)
     (-2.15726,-2.56947)
     (-1.88992,-3.05732)
     (-1.41394,-3.49821)
    (-0.745744,-3.76538)
 (-0.000605241,-3.75576)
     (0.656695,-3.47369)
       (1.1173,-3.02701)
      (1.37091,-2.54093)
      (1.46628,-2.09535)
      (1.46148,-1.72086)
      (1.40119,-1.41908)
      (1.31399,-1.18011)
     (1.21648,-0.991672)
     (1.11765,-0.842683)
     (1.02206,-0.724187)
     (0.931799,-0.62929)
    (0.847614,-0.552796)
    (0.769548,-0.490833)
     (0.697305,-0.44053)
    (0.630455,-0.399781)
    (0.568556,-0.367071)
    (0.511245,-0.341349)
    (0.458328,-0.321928)
    (0.409893,-0.308388)
     (0.36645,-0.300405)
    (0.329066,-0.297416)
    (0.299269,-0.298042)
    (0.278318,-0.299414)
    (0.265617,-0.297294)
    (0.257457,-0.288073)
    (0.248396,-0.271495)
     (0.23461,-0.250762)
    (0.215453,-0.229861)
    (0.192316,-0.211445)
    (0.167021,-0.196612)
    (0.141075,-0.185525)
    (0.115604,-0.177944)
   (0.0915099,-0.173433)
   (0.0695678,-0.171308)
   (0.0502776,-0.170488)
    (0.0334313,-0.16961)
   (0.0178607,-0.167708)
  (0.00203223,-0.164991)
  (-0.0148865,-0.162711)
  (-0.0326072,-0.162287)
   (-0.050023,-0.164664)
  (-0.0655588,-0.170097)
  (-0.0773945,-0.177932)
   (-0.0839601,-0.18623)
  (-0.0850851,-0.191795)
  (-0.0831239,-0.191574)
  (-0.0822032,-0.184953)
  (-0.0855431,-0.174289)
  (-0.0937889,-0.162932)
   (-0.105655,-0.153257)
   (-0.119251,-0.146193)
   (-0.132879,-0.141518)
   (-0.145436,-0.138202)
   (-0.156778,-0.134835)
   (-0.167801,-0.130395)
   (-0.179762,-0.124908)
   (-0.193369,-0.119216)
   (-0.208554,-0.114212)
   (-0.224845,-0.110401)
   (-0.241737,-0.107915)
   (-0.258835,-0.106659)
    (-0.275886,-0.10641)
   (-0.292819,-0.106887)
   (-0.309752,-0.107872)
   (-0.326885,-0.109339)
   (-0.344309,-0.111424)
   (-0.361936,-0.114242)
    (-0.379618,-0.11774)
   (-0.397344,-0.121709)
   (-0.415346,-0.125996)
    (-0.43393,-0.130719)
   (-0.453197,-0.136198)
   (-0.472969,-0.142668)
   (-0.493018,-0.150074)
    (-0.513347,-0.15817)
   (-0.534254,-0.166812)
    (-0.556117,-0.17611)
   (-0.579247,-0.186344)
   (-0.603919,-0.197917)
    (-0.630304,-0.21144)
   (-0.658274,-0.227661)
   (-0.687337,-0.247227)
   (-0.716748,-0.270412)
     (-0.7459,-0.296933)
    (-0.77489,-0.326218)
    (-0.80461,-0.358237)
    (-0.836007,-0.39399)
   (-0.869502,-0.435146)
   (-0.905148,-0.483873)
   (-0.942301,-0.543385)
   (-0.978356,-0.617867)
    (-1.00767,-0.711253)
    (-1.02116,-0.825411)
    (-1.00654,-0.957521)
    (-0.950837,-1.09644)
    (-0.847235,-1.22031)
    (-0.705735,-1.30151)
     (-0.55687,-1.32379)
    (-0.435506,-1.29769)
     (-0.35774,-1.25341)
    (-0.315954,-1.21955)
    (-0.289767,-1.21033)
    (-0.258069,-1.22422)
    (-0.207797,-1.24854)
    (-0.137851,-1.26831)
    (-0.0545483,-1.2747)
    (0.0366286,-1.26455)
     (0.131969,-1.23386)
      (0.222972,-1.1772)
     (0.295054,-1.09614)
     (0.337138,-1.00371)
    (0.350024,-0.916998)
    (0.344433,-0.847297)
    (0.333797,-0.796379)
    (0.328071,-0.758089)
    (0.330051,-0.722737)
    (0.335411,-0.682885)
     (0.33696,-0.637168)
    (0.329697,-0.589495)
    (0.312975,-0.545533)
    (0.289836,-0.509608)
    (0.265034,-0.483051)
    (0.242721,-0.464128)
    (0.224775,-0.449439)
    (0.210669,-0.435958)
    (0.198806,-0.422316)
    (0.188177,-0.408484)
     (0.178777,-0.39424)
     (0.170217,-0.37833)
    (0.160477,-0.359852)
    (0.147141,-0.340016)
    (0.129559,-0.321474)
    (0.109032,-0.306217)
   (0.0872758,-0.294651)
    (0.0652152,-0.28636)
   (0.0430988,-0.281206)
    (0.021342,-0.279599)
   (0.00103559,-0.28197)
   (-0.016144,-0.288153)
   (-0.028344,-0.296958)
  (-0.0342136,-0.305923)
  (-0.0339432,-0.311568)
   (-0.0300837,-0.31071)
   (-0.0269018,-0.30233)
   (-0.0283136,-0.28825)
   (-0.036125,-0.271958)
  (-0.0498183,-0.256739)
  (-0.0675753,-0.244514)
  (-0.0874683,-0.235773)
   (-0.108122,-0.230122)
    (-0.128832,-0.22686)
   (-0.149417,-0.225331)
   (-0.170037,-0.225108)
    (-0.190979,-0.22607)
   (-0.212454,-0.228341)
   (-0.234545,-0.232126)
   (-0.257304,-0.237652)
     (-0.280777,-0.2453)
   (-0.304772,-0.255678)
   (-0.328603,-0.269367)
   (-0.351178,-0.286454)
   (-0.371516,-0.306267)
   (-0.389366,-0.327697)
    (-0.40527,-0.349937)
   (-0.420054,-0.372876)
   (-0.434412,-0.397072)
   (-0.448521,-0.423734)
   (-0.461406,-0.454363)
   (-0.470717,-0.489649)
   (-0.473634,-0.528386)
   (-0.468486,-0.567417)
   (-0.456032,-0.602887)
   (-0.439591,-0.632206)
   (-0.423535,-0.655991)
   (-0.410054,-0.678203)
   (-0.396728,-0.702876)
   (-0.378359,-0.729635)
   (-0.352465,-0.752924)
   (-0.323015,-0.766981)
    (-0.297485,-0.77181)
   (-0.280376,-0.773108)
   (-0.270776,-0.777281)
    (-0.26461,-0.788033)
    (-0.257155,-0.80616)
   (-0.244186,-0.830099)
   (-0.223086,-0.856343)
   (-0.193947,-0.881081)
   (-0.158353,-0.902627)
   (-0.116063,-0.920888)
   (-0.064776,-0.933316)
 (-0.00475222,-0.933377)
   (0.0576438,-0.914804)
     (0.11207,-0.877022)
    (0.149897,-0.826514)
      (0.168644,-0.7732)
     (0.17177,-0.725202)
    (0.165153,-0.686353)
     (0.15405,-0.657064)
    (0.142324,-0.636104)
    (0.132752,-0.621258)
    (0.126601,-0.609371)
    (0.122859,-0.597486)
    (0.119025,-0.584737)
     (0.113524,-0.57266)
     (0.10722,-0.563155)
    (0.102382,-0.556221)
    (0.100335,-0.549734)
    (0.100082,-0.541281)
   (0.0992351,-0.530243)
   (0.0961881,-0.517816)
   (0.0907096,-0.505269)
   (0.0828101,-0.493309)
   (0.0723736,-0.482852)
   (0.0599204,-0.475205)
    (0.046947,-0.471216)
    (0.0352303,-0.47055)
   (0.0258387,-0.471883)
    (0.018713,-0.473808)
   (0.0131914,-0.475641)
  (0.00882278,-0.477323)
   (0.0055584,-0.478911)
  (0.00367791,-0.480279)
   (0.0035709,-0.480744)
  (0.00501546,-0.479034)
  (0.00678269,-0.474068)
  (0.00710592,-0.465621)
  (0.00423946,-0.454386)
 (-0.00309059,-0.441928)
  (-0.0151128,-0.430287)
  (-0.0309892,-0.421095)
  (-0.0495448,-0.415137)
  (-0.0698049,-0.412698)
  (-0.0909008,-0.413897)
    (-0.11196,-0.418547)
   (-0.132461,-0.426063)
   (-0.152549,-0.435936)
   (-0.172697,-0.448372)
   (-0.192849,-0.464338)
   (-0.211833,-0.484785)
   (-0.227722,-0.509543)
   (-0.239187,-0.536971)
   (-0.246666,-0.565177)
    (-0.25168,-0.593843)
    (-0.25472,-0.624368)
    (-0.254203,-0.65801)
   (-0.247469,-0.694149)
   (-0.232615,-0.729992)
   (-0.210034,-0.761662)
   (-0.182764,-0.786292)
   (-0.154878,-0.803827)
   (-0.128996,-0.816705)
   (-0.105343,-0.827785)
  (-0.0826597,-0.838951)
  (-0.0591062,-0.851023)
  (-0.0324632,-0.863789)
(-0.000433895,-0.875535)
    (0.038259,-0.882622)
   (0.0821476,-0.880194)
    (0.126094,-0.864649)
    (0.163027,-0.836521)
    (0.187692,-0.800719)
     (0.198791,-0.76374)
    (0.198266,-0.731072)
     (0.18996,-0.706266)
    (0.178542,-0.690401)
    (0.167853,-0.681996)
    (0.159447,-0.678483)
    (0.153042,-0.678356)
    (0.148582,-0.681814)
    (0.147671,-0.689262)
    (0.152948,-0.699384)
    (0.166112,-0.708592)
     (0.18614,-0.712256)
     (0.20899,-0.707102)
    (0.229408,-0.693116)
    (0.243502,-0.673311)
    (0.250045,-0.651899)
    (0.250253,-0.632493)
    (0.246706,-0.616998)
    (0.241934,-0.605508)
    (0.237592,-0.597157)
    (0.234669,-0.590837)
    (0.233689,-0.585105)
    (0.234146,-0.578229)
     (0.234216,-0.56931)
    (0.232013,-0.559321)
     (0.227305,-0.55029)
    (0.221488,-0.543346)
    (0.215899,-0.537992)
     (0.21065,-0.533187)
     (0.205022,-0.52858)
    (0.198451,-0.524733)
    (0.191214,-0.522534)
      (0.184297,-0.5223)
    (0.178534,-0.523495)
    (0.174104,-0.525391)
    (0.170983,-0.527541)
    (0.169264,-0.529348)
    (0.168501,-0.529815)
    (0.167304,-0.528457)
     (0.16426,-0.526045)
     (0.158947,-0.52401)
    (0.151822,-0.523437)
    (0.143471,-0.524805)
    (0.134182,-0.528451)
    (0.124241,-0.535082)
    (0.114545,-0.545594)
    (0.106623,-0.560448)
     (0.102256,-0.57949)
    (0.103458,-0.601889)
    (0.112282,-0.625626)
    (0.129818,-0.647121)
    (0.154807,-0.661985)
     (0.18321,-0.667015)
    (0.209641,-0.662054)
    (0.229819,-0.650134)
     (0.242234,-0.63582)
    (0.248159,-0.623147)
    (0.250479,-0.614228)
    (0.252039,-0.609021)
    (0.254468,-0.606257)
    (0.258159,-0.604667)
    (0.262937,-0.603553)
    (0.268714,-0.602778)
     (0.27599,-0.602227)
    (0.285463,-0.600873)
    (0.296664,-0.596886)
    (0.307534,-0.589291)
    (0.315985,-0.579052)
    (0.321453,-0.568054)
     (0.32463,-0.557511)
     (0.32619,-0.547635)
     (0.32617,-0.538502)
    (0.324545,-0.530721)
    (0.321845,-0.525108)
    (0.319165,-0.522184)
    (0.317977,-0.521806)
    (0.319593,-0.522828)
    (0.324318,-0.523375)
    (0.331122,-0.521865)
    (0.338307,-0.517927)
     (0.34464,-0.512469)
    (0.350171,-0.506884)
    (0.356257,-0.501825)
    (0.364474,-0.496142)
    (0.374693,-0.487252)
     (0.38431,-0.473352)
    (0.389932,-0.455291)
    (0.389728,-0.436141)
    (0.384444,-0.419338)
    (0.376845,-0.406818)
     (0.370076,-0.39809)
    (0.365852,-0.390743)
      (0.3636,-0.382135)
     (0.361222,-0.37109)
    (0.356778,-0.358233)
    (0.349487,-0.344961)
    (0.339451,-0.332414)
     (0.32699,-0.321319)
     (0.312454,-0.31228)
    (0.296337,-0.305867)
    (0.279344,-0.302488)
     (0.26225,-0.302283)
    (0.245773,-0.305231)
    (0.230705,-0.311245)
     (0.21805,-0.319923)
    (0.208695,-0.330196)
      (0.20276,-0.34049)
    (0.199334,-0.349505)
    (0.197031,-0.356947)
     (0.194953,-0.36348)
    (0.193185,-0.369874)
    (0.192274,-0.376148)
    (0.192267,-0.381732)
    (0.192566,-0.386354)
      (0.192657,-0.3904)
    (0.192617,-0.394435)
    (0.192958,-0.398618)
    (0.194066,-0.402491)
    (0.195697,-0.405379)
    (0.197099,-0.407024)
      (0.19754,-0.40772)
    (0.196539,-0.408057)
     (0.19385,-0.408827)
      (0.1896,-0.410999)
    (0.184424,-0.415511)
    (0.179462,-0.423004)
    (0.176247,-0.433503)
      (0.176256,-0.4461)
    (0.180201,-0.459146)
    (0.187738,-0.471035)
    (0.197963,-0.480833)
    (0.210044,-0.488183)
     (0.223373,-0.49291)
    (0.237425,-0.494821)
     (0.251575,-0.49366)
    (0.264897,-0.489267)
    (0.276186,-0.481954)
     (0.28439,-0.472774)
     (0.289199,-0.46331)
    (0.291281,-0.455032)
     (0.291976,-0.44867)
    (0.292674,-0.443963)
     (0.29414,-0.439821)
    (0.296008,-0.434979)
    (0.296928,-0.429018)
    (0.295671,-0.422976)
    (0.292385,-0.418683)
    (0.288761,-0.417292)
     (0.28696,-0.418231)
    (0.288053,-0.419319)
    (0.290946,-0.418167)
    (0.292942,-0.414135)
    (0.291803,-0.408965)
     (0.28734,-0.405476)
    (0.281338,-0.405796)
    (0.276516,-0.410422)
    (0.275385,-0.418092)
    (0.279272,-0.426199)
    (0.287597,-0.431747)
    (0.297964,-0.432825)
    (0.307528,-0.429624)
    (0.314639,-0.423886)
    (0.319228,-0.417449)
     (0.32209,-0.411342)
    (0.324048,-0.405746)
    (0.325498,-0.400429)
    (0.326468,-0.395234)
    (0.326953,-0.390222)
    (0.327119,-0.385474)
    (0.327202,-0.380857)
    (0.327228,-0.376014)
     (0.32682,-0.370649)
     (0.32539,-0.364943)
    (0.322706,-0.359571)
    (0.319182,-0.355127)
    (0.315469,-0.351624)
    (0.311864,-0.348609)
    (0.308123,-0.345682)
    (0.303771,-0.342918)
    (0.298599,-0.340828)
    (0.292888,-0.339962)
     (0.28724,-0.340565)
     (0.28232,-0.342479)
    (0.278632,-0.345144)
    (0.276219,-0.347711)
    (0.274459,-0.349471)
    (0.272356,-0.350399)
    (0.269197,-0.351221)
     (0.26498,-0.352964)
    (0.260384,-0.356413)
    (0.256445,-0.361774)
    (0.254144,-0.368594)
    (0.254022,-0.375915)
    (0.255933,-0.382664)
    (0.259165,-0.388157)
    (0.262928,-0.392337)
     (0.266825,-0.39546)
    (0.270687,-0.397568)
    (0.274045,-0.398607)
     (0.276224,-0.39902)
     (0.27701,-0.399771)
    (0.276896,-0.401756)
    (0.276787,-0.405375)
     (0.27762,-0.410464)
    (0.280066,-0.416372)
    (0.284263,-0.422194)
    (0.289724,-0.427221)
    (0.295669,-0.431395)
    (0.301715,-0.435362)
     (0.30839,-0.439813)
    (0.316807,-0.444628)
    (0.327775,-0.448666)
    (0.341088,-0.450292)
    (0.355408,-0.448294)
     (0.36896,-0.442588)
    (0.380486,-0.434031)
    (0.389495,-0.423624)
     (0.39583,-0.412106)
     (0.39933,-0.400099)
    (0.399818,-0.388337)
    (0.397283,-0.377833)
    (0.392251,-0.369798)
     (0.38596,-0.365157)
    (0.380067,-0.364057)
    (0.376025,-0.365726)
     (0.374569,-0.36889)
    (0.375776,-0.372347)
    (0.379421,-0.375065)
    (0.384921,-0.376027)
    (0.391093,-0.374506)
    (0.396395,-0.370618)
    (0.399642,-0.365465)
    (0.400629,-0.360658)
    (0.400223,-0.357548)
    (0.399951,-0.356594)
    (0.401228,-0.357107)
    (0.404551,-0.357696)
     (0.409379,-0.35719)
    (0.414748,-0.355192)
    (0.419887,-0.351948)
     (0.424451,-0.34802)
    (0.428627,-0.343961)
    (0.432991,-0.339882)
     (0.43799,-0.335253)
     (0.443415,-0.32926)
    (0.448435,-0.321465)
    (0.452149,-0.312098)
    (0.454025,-0.301785)
    (0.453898,-0.291181)
    (0.451803,-0.280864)
    (0.447896,-0.271362)
    (0.442493,-0.263172)
    (0.436123,-0.256669)
    (0.429463,-0.251931)
    (0.423086,-0.248665)
    (0.417233,-0.246392)
    (0.411828,-0.244729)
    (0.406679,-0.243506)
    (0.401599,-0.242702)
    (0.396402,-0.242419)
    (0.390967,-0.242967)
     (0.38546,-0.244818)
    (0.380448,-0.248324)
    (0.376723,-0.253435)
     (0.374983,-0.25963)
    (0.375568,-0.266084)
     (0.37838,-0.271934)
    (0.382966,-0.276505)
      (0.3887,-0.279438)
    (0.394982,-0.280679)
    (0.401363,-0.280345)
    (0.407517,-0.278587)
    (0.413135,-0.275569)
    (0.417922,-0.271602)
    (0.421839,-0.267149)
    (0.425183,-0.262475)
    (0.428221,-0.257406)
    (0.430783,-0.251615)
    (0.432374,-0.245108)
     (0.43264,-0.238327)
    (0.431623,-0.231789)
    (0.429559,-0.225794)
    (0.426636,-0.220512)
    (0.423062,-0.216144)
     (0.41921,-0.212811)
    (0.415495,-0.210328)
    (0.412014,-0.208243)
      (0.40839,-0.20625)
    (0.404099,-0.204592)
    (0.399015,-0.203971)
    (0.393636,-0.205048)
    (0.388811,-0.207986)
    (0.385242,-0.212427)
    (0.383258,-0.217861)
     (0.38302,-0.223893)
     (0.38475,-0.230113)
    (0.388575,-0.235849)
    (0.394192,-0.240318)
    (0.400862,-0.243044)
    (0.407778,-0.244104)
    (0.414489,-0.243978)
    (0.421039,-0.243133)
      (0.4277,-0.241661)
    (0.434574,-0.239357)
    (0.441498,-0.236004)
    (0.448176,-0.231554)
    (0.454349,-0.226155)
    (0.459941,-0.220046)
    (0.465071,-0.213355)
     (0.46985,-0.205931)
    (0.474078,-0.197476)
    (0.477208,-0.187934)
    (0.478709,-0.177711)
    (0.478423,-0.167475)
    (0.476572,-0.157806)
    (0.473554,-0.149032)
     (0.469758,-0.14126)
    (0.465502,-0.134476)
    (0.461041,-0.128595)
     (0.45656,-0.123465)
    (0.452127,-0.118904)
    (0.447703,-0.114799)
    (0.443242,-0.111144)
    (0.438772,-0.107992)
    (0.434402,-0.105352)
    (0.430239,-0.103141)
    (0.426298,-0.101229)
   (0.422505,-0.0995393)
   (0.418785,-0.0981022)
    (0.41514,-0.0970067)
   (0.411667,-0.0963216)
   (0.408511,-0.0960411)
   (0.405819,-0.0960689)
   (0.403682,-0.0962224)
   (0.402072,-0.0962629)
   (0.400788,-0.0960044)
    (0.399542,-0.095474)
    (0.398183,-0.094934)
   (0.396866,-0.0946718)
    (0.395961,-0.094726)
   (0.395768,-0.0947996)
    (0.39628,-0.0944416)
   (0.397206,-0.0933279)
   (0.398177,-0.0913721)
   (0.398883,-0.0886271)
   (0.399038,-0.0852226)
   (0.398394,-0.0814218)
    (0.396859,-0.077614)
   (0.394571,-0.0741689)
    (0.39181,-0.0712974)
   (0.388868,-0.0690332)
   (0.385965,-0.0672965)
    (0.38324,-0.0659518)
    (0.38075,-0.0648391)
   (0.378462,-0.0638171)
   (0.376283,-0.0628109)
   (0.374121,-0.0618227)
   (0.371918,-0.0609087)
    (0.36967,-0.0601458)
   (0.367427,-0.0595903)
    (0.36525,-0.0592584)
   (0.363186,-0.0591476)
   (0.361283,-0.0592582)
   (0.359599,-0.0595901)
    (0.35822,-0.0601271)
   (0.357254,-0.0608114)
   (0.356802,-0.0615074)
   (0.356888,-0.0620033)
   (0.357403,-0.0620902)
   (0.358148,-0.0616579)
   (0.358929,-0.0607106)
   (0.359604,-0.0593174)
    (0.36009,-0.0575709)
   (0.360357,-0.0555575)
   (0.360402,-0.0533246)
   (0.360201,-0.0508807)
   (0.359675,-0.0482511)
   (0.358733,-0.0455426)
   (0.357362,-0.0429349)
   (0.355677,-0.0405897)
   (0.353864,-0.0385561)
   (0.352076,-0.0367549)
   (0.350356,-0.0350513)
   (0.348649,-0.0333487)
   (0.346866,-0.0316321)
    (0.34495,-0.0299485)
   (0.342887,-0.0283675)
   (0.340711,-0.0269491)
   (0.338475,-0.0257249)
   (0.336235,-0.0246985)
   (0.334037,-0.0238575)
   (0.331924,-0.0231812)
   (0.329934,-0.0226335)
   (0.328092,-0.0221573)
   (0.326385,-0.0216885)
    (0.32477,-0.0211838)
   (0.323194,-0.0206378)
   (0.321623,-0.0200736)
   (0.320051,-0.0195174)
   (0.318485,-0.0189831)
   (0.316934,-0.0184748)
   (0.315402,-0.0179916)
   (0.313894,-0.0175278)
   (0.312403,-0.0170782)
   (0.310919,-0.0166487)
    (0.309443,-0.016257)
   (0.307993,-0.0159189)
   (0.306603,-0.0156326)
   (0.305305,-0.0153689)
    (0.304105,-0.015075)
    (0.30297,-0.0147004)
    (0.30184,-0.0142268)
   (0.300656,-0.0136778)
    (0.29939,-0.0131034)
    (0.29805,-0.0125539)
   (0.296662,-0.0120593)
   (0.295261,-0.0116264)
    (0.293869,-0.011246)
   (0.292497,-0.0109019)
   (0.291143,-0.0105813)
     (0.2898,-0.0102788)
  (0.288465,-0.00999528)
  (0.287135,-0.00973286)
   (0.28581,-0.00949389)
  (0.284489,-0.00928256)
  (0.283174,-0.00910443)
    (0.281872,-0.008964)
  (0.280591,-0.00886266)
  (0.279338,-0.00879875)
   (0.27812,-0.00876944)
  (0.276943,-0.00877262)
  (0.275816,-0.00880524)
  (0.274754,-0.00885765)
  (0.273765,-0.00890918)
  (0.272848,-0.00893078)
   (0.27198,-0.00889638)
  (0.271124,-0.00879861)
  (0.270249,-0.00865532)
  (0.269343,-0.00849785)
  (0.268416,-0.00835205)
  (0.267489,-0.00822924)
  (0.266579,-0.00812751)
  (0.265701,-0.00803537)
   (0.26486,-0.00793599)
  (0.264048,-0.00781288)
  (0.263253,-0.00765593)
  (0.262458,-0.00746415)
  (0.261651,-0.00724264)
  (0.260824,-0.00699837)
  (0.259966,-0.00674129)
  (0.259075,-0.00648661)
  (0.258155,-0.00625065)
  (0.257218,-0.00604378)
  (0.256278,-0.00586794)
  (0.255347,-0.00571923)
   (0.25443,-0.00559097)
   (0.25353,-0.00547551)
  (0.252646,-0.00536618)
  (0.251775,-0.00525926)
  (0.250912,-0.00515391)
  (0.250056,-0.00505075)
  (0.249204,-0.00495102)
  (0.248357,-0.00485631)
  (0.247514,-0.00476807)
  (0.246678,-0.00468736)
  (0.245848,-0.00461491)
   (0.245028,-0.0045508)
  (0.244218,-0.00449402)
   (0.243422,-0.0044426)
  (0.242638,-0.00439434)
   (0.241867,-0.0043473)
  (0.241108,-0.00429968)
   (0.24036,-0.00424919)
  (0.239622,-0.00419356)
  (0.238888,-0.00413218)
  (0.238156,-0.00406707)
   (0.237424,-0.0040015)
  (0.236694,-0.00393807)
  (0.235965,-0.00387804)
   (0.23524,-0.00382179)
   (0.23452,-0.00376948)
  (0.233805,-0.00372114)
  (0.233095,-0.00367658)
   (0.232392,-0.0036353)
  (0.231696,-0.00359656)
  (0.231007,-0.00355959)
  (0.230325,-0.00352379)
  (0.229649,-0.00348874)
  (0.228978,-0.00345426)
  (0.228313,-0.00342027)
  (0.227654,-0.00338678)
  (0.226999,-0.00335396)
  (0.226348,-0.00332213)
  (0.225703,-0.00329146)
  (0.225062,-0.00326188)
  (0.224427,-0.00323307)
  (0.223797,-0.00320468)
  (0.223171,-0.00317655)
   (0.22255,-0.00314885)
  (0.221932,-0.00312192)
   (0.221319,-0.0030961)
  (0.220709,-0.00307155)
  (0.220104,-0.00304831)
  (0.219504,-0.00302631)
  (0.218908,-0.00300545)
  (0.218317,-0.00298561)
    (0.21773,-0.0029667)
  (0.217148,-0.00294867)
  (0.216571,-0.00293153)
   (0.215999,-0.0029152)
  (0.215433,-0.00289936)
  (0.214872,-0.00288345)
   (0.214316,-0.0028667)
  (0.213765,-0.00284841)
  (0.213218,-0.00282812)
   (0.212674,-0.0028059)
  (0.212133,-0.00278239)
  (0.211592,-0.00275852)
  (0.211054,-0.00273513)
  (0.210517,-0.00271275)
  (0.209983,-0.00269154)
  (0.209453,-0.00267142)
  (0.208925,-0.00265223)
   (0.208401,-0.0026338)
   (0.20788,-0.00261599)
  (0.207363,-0.00259872)
  (0.206849,-0.00258196)
  (0.206338,-0.00256571)
   (0.20583,-0.00254997)
  (0.205325,-0.00253477)
  (0.204824,-0.00252013)
  (0.204326,-0.00250606)
  (0.203831,-0.00249251)
   (0.20334,-0.00247937)
  (0.202853,-0.00246642)
  (0.202369,-0.00245328)
  (0.201889,-0.00243958)
  (0.201412,-0.00242501)
  (0.200938,-0.00240952)
  (0.200466,-0.00239331)
  (0.199995,-0.00237682)
  (0.199527,-0.00236041)
   (0.19906,-0.00234437)
  (0.198596,-0.00232879)
   (0.198134,-0.0023137)
  (0.197675,-0.00229911)
  (0.197218,-0.00228497)
  (0.196763,-0.00227121)
  (0.196311,-0.00225779)
  (0.195862,-0.00224463)
  (0.195415,-0.00223171)
  (0.194971,-0.00221901)
  (0.194529,-0.00220652)
  (0.194089,-0.00219422)
  (0.193652,-0.00218212)