 (-0.12115,-0.000764296)
(-0.121303,-0.000766304)
 (-0.121456,-0.00076832)
 (-0.12161,-0.000770344)
(-0.121764,-0.000772377)
(-0.121919,-0.000774418)
(-0.122074,-0.000776468)
(-0.122229,-0.000778526)
(-0.122385,-0.000780593)
(-0.122542,-0.000782668)
(-0.122698,-0.000784751)
(-0.122855,-0.000786843)
(-0.123013,-0.000788944)
(-0.123171,-0.000791054)
(-0.123329,-0.000793173)
  (-0.123488,-0.0007953)
(-0.123648,-0.000797436)
(-0.123807,-0.000799581)
(-0.123967,-0.000801735)
(-0.124128,-0.000803898)
 (-0.124289,-0.00080607)
 (-0.12445,-0.000808252)
(-0.124612,-0.000810442)
(-0.124774,-0.000812642)
(-0.124937,-0.000814851)
   (-0.1251,-0.00081707)
(-0.125264,-0.000819298)
(-0.125428,-0.000821535)
(-0.125593,-0.000823782)
(-0.125758,-0.000826038)
(-0.125923,-0.000828304)
 (-0.126089,-0.00083058)
(-0.126255,-0.000832866)
(-0.126422,-0.000835161)
(-0.126589,-0.000837466)
(-0.126757,-0.000839781)
(-0.126925,-0.000842106)
(-0.127094,-0.000844441)
(-0.127263,-0.000846787)
(-0.127432,-0.000849142)
(-0.127602,-0.000851508)
(-0.127773,-0.000853884)
 (-0.127944,-0.00085627)
(-0.128115,-0.000858666)
(-0.128287,-0.000861074)
 (-0.12846,-0.000863491)
(-0.128633,-0.000865919)
(-0.128806,-0.000868358)
 (-0.12898,-0.000870808)
(-0.129154,-0.000873268)
 (-0.129329,-0.00087574)
(-0.129505,-0.000878222)
(-0.129681,-0.000880715)
(-0.129857,-0.000883219)
(-0.130034,-0.000885735)
(-0.130211,-0.000888261)
(-0.130389,-0.000890799)
(-0.130567,-0.000893348)
(-0.130746,-0.000895909)
(-0.130926,-0.000898481)
(-0.131106,-0.000901064)
(-0.131286,-0.000903659)
(-0.131467,-0.000906266)
(-0.131649,-0.000908885)
(-0.131831,-0.000911515)
(-0.132013,-0.000914158)
(-0.132196,-0.000916812)
 (-0.13238,-0.000919478)
(-0.132564,-0.000922157)
(-0.132749,-0.000924848)
(-0.132934,-0.000927551)
 (-0.13312,-0.000930266)
(-0.133306,-0.000932994)
(-0.133493,-0.000935734)
 (-0.13368,-0.000938487)
(-0.133868,-0.000941252)
(-0.134057,-0.000944031)
(-0.134246,-0.000946822)
(-0.134435,-0.000949626)
(-0.134626,-0.000952443)
(-0.134816,-0.000955273)
(-0.135008,-0.000958117)
  (-0.1352,-0.000960973)
(-0.135392,-0.000963843)
(-0.135585,-0.000966727)
(-0.135779,-0.000969623)
(-0.135973,-0.000972534)
(-0.136168,-0.000975458)
(-0.136363,-0.000978396)
(-0.136559,-0.000981348)
(-0.136755,-0.000984314)
(-0.136953,-0.000987293)
 (-0.13715,-0.000990287)
(-0.137349,-0.000993296)
(-0.137548,-0.000996318)
(-0.137747,-0.000999355)
 (-0.137947,-0.00100241)
 (-0.138148,-0.00100547)
 (-0.138349,-0.00100855)
 (-0.138551,-0.00101165)
 (-0.138754,-0.00101476)
 (-0.138957,-0.00101789)
 (-0.139161,-0.00102103)
 (-0.139366,-0.00102418)
 (-0.139571,-0.00102735)
 (-0.139777,-0.00103054)
 (-0.139983,-0.00103374)
  (-0.14019,-0.00103696)
 (-0.140398,-0.00104019)
 (-0.140606,-0.00104344)
 (-0.140815,-0.00104671)
 (-0.141025,-0.00104999)
 (-0.141235,-0.00105329)
  (-0.141446,-0.0010566)
 (-0.141658,-0.00105993)
  (-0.14187,-0.00106328)
 (-0.142083,-0.00106664)
 (-0.142296,-0.00107002)
 (-0.142511,-0.00107342)
 (-0.142726,-0.00107683)
 (-0.142941,-0.00108026)
 (-0.143158,-0.00108371)
 (-0.143375,-0.00108717)
 (-0.143593,-0.00109066)
 (-0.143811,-0.00109416)
  (-0.14403,-0.00109768)
  (-0.14425,-0.00110121)
 (-0.144471,-0.00110476)
 (-0.144692,-0.00110834)
 (-0.144914,-0.00111193)
 (-0.145137,-0.00111553)
  (-0.14536,-0.00111916)
 (-0.145584,-0.00112281)
 (-0.145809,-0.00112647)
 (-0.146035,-0.00113015)
 (-0.146261,-0.00113386)
 (-0.146488,-0.00113758)
 (-0.146716,-0.00114132)
 (-0.146945,-0.00114508)
 (-0.147174,-0.00114885)
 (-0.147404,-0.00115265)
 (-0.147635,-0.00115647)
 (-0.147867,-0.00116031)
 (-0.148099,-0.00116417)
 (-0.148332,-0.00116805)
 (-0.148566,-0.00117195)
 (-0.148801,-0.00117587)
 (-0.149037,-0.00117981)
 (-0.149273,-0.00118377)
  (-0.14951,-0.00118775)
 (-0.149748,-0.00119175)
 (-0.149987,-0.00119578)
 (-0.150226,-0.00119982)
 (-0.150466,-0.00120389)
 (-0.150708,-0.00120798)
  (-0.15095,-0.00121209)
 (-0.151192,-0.00121622)
 (-0.151436,-0.00122038)
  (-0.15168,-0.00122456)
 (-0.151926,-0.00122876)
 (-0.152172,-0.00123298)
 (-0.152419,-0.00123723)
  (-0.152667,-0.0012415)
 (-0.152915,-0.00124579)
 (-0.153165,-0.00125011)
 (-0.153415,-0.00125445)
 (-0.153667,-0.00125881)
  (-0.153919,-0.0012632)
 (-0.154172,-0.00126761)
 (-0.154426,-0.00127205)
 (-0.154681,-0.00127651)
 (-0.154936,-0.00128099)
 (-0.155193,-0.00128551)
  (-0.15545,-0.00129004)
  (-0.155709,-0.0012946)
 (-0.155968,-0.00129919)
  (-0.156228,-0.0013038)
  (-0.15649,-0.00130844)
  (-0.156752,-0.0013131)
  (-0.157015,-0.0013178)
 (-0.157279,-0.00132251)
 (-0.157544,-0.00132726)
  (-0.15781,-0.00133203)
 (-0.158076,-0.00133683)
 (-0.158344,-0.00134165)
 (-0.158613,-0.00134651)
 (-0.158883,-0.00135139)
  (-0.159153,-0.0013563)
 (-0.159425,-0.00136123)
  (-0.159698,-0.0013662)
 (-0.159972,-0.00137119)
 (-0.160246,-0.00137622)
 (-0.160522,-0.00138127)
 (-0.160799,-0.00138635)
 (-0.161076,-0.00139147)
 (-0.161355,-0.00139661)
 (-0.161635,-0.00140178)
 (-0.161916,-0.00140698)
 (-0.162198,-0.00141222)
 (-0.162481,-0.00141748)
 (-0.162764,-0.00142278)
   (-0.16305,-0.0014281)
 (-0.163336,-0.00143346)
 (-0.163623,-0.00143885)
 (-0.163911,-0.00144427)
   (-0.1642,-0.00144973)
 (-0.164491,-0.00145522)
 (-0.164782,-0.00146074)
 (-0.165075,-0.00146629)
 (-0.165369,-0.00147188)
  (-0.165664,-0.0014775)
  (-0.16596,-0.00148316)
 (-0.166257,-0.00148885)
 (-0.166555,-0.00149458)
 (-0.166855,-0.00150034)
 (-0.167155,-0.00150613)
 (-0.167457,-0.00151196)
  (-0.16776,-0.00151783)
 (-0.168064,-0.00152374)
 (-0.168369,-0.00152968)
 (-0.168676,-0.00153565)
 (-0.168983,-0.00154167)
 (-0.169292,-0.00154772)
 (-0.169602,-0.00155381)
 (-0.169914,-0.00155994)
  (-0.170226,-0.0015661)
  (-0.17054,-0.00157231)
 (-0.170855,-0.00157856)
 (-0.171171,-0.00158484)
 (-0.171489,-0.00159116)
 (-0.171808,-0.00159753)
 (-0.172128,-0.00160393)
 (-0.172449,-0.00161038)
 (-0.172772,-0.00161687)
  (-0.173096,-0.0016234)
 (-0.173421,-0.00162997)
 (-0.173747,-0.00163658)
 (-0.174075,-0.00164324)
 (-0.174405,-0.00164994)
 (-0.174735,-0.00165669)
 (-0.175067,-0.00166347)
   (-0.1754,-0.00167031)
 (-0.175735,-0.00167718)
 (-0.176071,-0.00168411)
 (-0.176409,-0.00169108)
 (-0.176747,-0.00169809)
 (-0.177088,-0.00170515)
 (-0.177429,-0.00171226)
 (-0.177772,-0.00171942)
 (-0.178117,-0.00172662)
 (-0.178463,-0.00173387)
  (-0.17881,-0.00174117)
 (-0.179159,-0.00174852)
  (-0.17951,-0.00175592)
 (-0.179861,-0.00176338)
 (-0.180215,-0.00177088)
  (-0.18057,-0.00177843)
 (-0.180926,-0.00178603)
 (-0.181284,-0.00179369)
  (-0.181643,-0.0018014)
 (-0.182004,-0.00180916)
 (-0.182367,-0.00181697)
 (-0.182731,-0.00182484)
 (-0.183097,-0.00183277)
 (-0.183464,-0.00184075)
 (-0.183833,-0.00184878)
 (-0.184203,-0.00185688)
 (-0.184575,-0.00186503)
 (-0.184949,-0.00187323)
  (-0.185324,-0.0018815)
 (-0.185701,-0.00188982)
   (-0.18608,-0.0018982)
  (-0.18646,-0.00190664)
 (-0.186843,-0.00191515)
 (-0.187226,-0.00192371)
 (-0.187612,-0.00193234)
 (-0.187999,-0.00194102)
 (-0.188388,-0.00194977)
 (-0.188779,-0.00195859)
 (-0.189171,-0.00196747)
 (-0.189565,-0.00197641)
 (-0.189962,-0.00198542)
 (-0.190359,-0.00199449)
 (-0.190759,-0.00200364)
 (-0.191161,-0.00201285)
 (-0.191564,-0.00202212)
 (-0.191969,-0.00203147)
 (-0.192376,-0.00204089)
 (-0.192785,-0.00205037)
 (-0.193196,-0.00205993)
 (-0.193609,-0.00206956)
 (-0.194024,-0.00207926)
 (-0.194441,-0.00208904)
 (-0.194859,-0.00209889)
  (-0.19528,-0.00210882)
 (-0.195703,-0.00211882)
  (-0.196127,-0.0021289)
 (-0.196554,-0.00213905)
 (-0.196983,-0.00214929)
  (-0.197413,-0.0021596)
 (-0.197846,-0.00216999)
 (-0.198281,-0.00218047)
 (-0.198718,-0.00219102)
 (-0.199157,-0.00220166)
 (-0.199598,-0.00221238)
 (-0.200042,-0.00222319)
 (-0.200487,-0.00223408)
 (-0.200935,-0.00224506)
 (-0.201385,-0.00225613)
 (-0.201837,-0.00226729)
 (-0.202292,-0.00227853)
 (-0.202749,-0.00228987)
 (-0.203207,-0.00230129)
 (-0.203669,-0.00231281)
 (-0.204132,-0.00232442)
 (-0.204598,-0.00233613)
 (-0.205066,-0.00234794)
 (-0.205537,-0.00235984)
  (-0.20601,-0.00237183)
 (-0.206485,-0.00238393)
 (-0.206963,-0.00239613)
 (-0.207444,-0.00240843)
 (-0.207926,-0.00242083)
 (-0.208412,-0.00243334)
 (-0.208899,-0.00244595)
  (-0.20939,-0.00245866)
 (-0.209882,-0.00247149)
 (-0.210378,-0.00248442)
 (-0.210876,-0.00249747)
 (-0.211376,-0.00251062)
  (-0.21188,-0.00252389)
 (-0.212386,-0.00253727)
 (-0.212894,-0.00255077)
 (-0.213406,-0.00256439)
  (-0.21392,-0.00257812)
 (-0.214436,-0.00259197)
 (-0.214956,-0.00260595)
 (-0.215478,-0.00262005)
 (-0.216004,-0.00263427)
 (-0.216532,-0.00264862)
  (-0.217063,-0.0026631)
  (-0.217597,-0.0026777)
 (-0.218133,-0.00269244)
 (-0.218673,-0.00270731)
 (-0.219216,-0.00272232)
 (-0.219762,-0.00273746)
  (-0.22031,-0.00275273)
 (-0.220862,-0.00276815)
 (-0.221417,-0.00278371)
 (-0.221975,-0.00279941)
 (-0.222536,-0.00281526)
 (-0.223101,-0.00283125)
 (-0.223668,-0.00284739)
 (-0.224239,-0.00286369)
 (-0.224813,-0.00288013)
 (-0.225391,-0.00289673)
 (-0.225972,-0.00291349)
 (-0.226556,-0.00293041)
 (-0.227143,-0.00294749)
 (-0.227734,-0.00296473)
 (-0.228329,-0.00298214)
 (-0.228926,-0.00299971)
 (-0.229528,-0.00301746)
 (-0.230133,-0.00303538)
 (-0.230741,-0.00305347)
 (-0.231354,-0.00307174)
  (-0.23197,-0.00309019)
 (-0.232589,-0.00310882)
 (-0.233213,-0.00312764)
  (-0.23384,-0.00314664)
 (-0.234471,-0.00316584)
 (-0.235105,-0.00318522)
 (-0.235744,-0.00320481)
 (-0.236387,-0.00322459)
 (-0.237033,-0.00324457)
 (-0.237684,-0.00326476)
 (-0.238338,-0.00328515)
 (-0.238997,-0.00330575)
  (-0.23966,-0.00332657)
  (-0.240327,-0.0033476)
 (-0.240998,-0.00336886)
 (-0.241674,-0.00339033)
 (-0.242354,-0.00341203)
 (-0.243038,-0.00343397)
 (-0.243727,-0.00345613)
  (-0.24442,-0.00347853)
 (-0.245117,-0.00350117)
 (-0.245819,-0.00352406)
 (-0.246526,-0.00354719)
 (-0.247237,-0.00357057)
 (-0.247953,-0.00359421)
 (-0.248674,-0.00361811)
   (-0.2494,-0.00364227)
   (-0.25013,-0.0036667)
  (-0.250866,-0.0036914)
 (-0.251606,-0.00371637)
 (-0.252351,-0.00374163)
 (-0.253102,-0.00376717)
   (-0.253857,-0.003793)
 (-0.254618,-0.00381912)
 (-0.255384,-0.00384554)
 (-0.256155,-0.00387227)
  (-0.256932,-0.0038993)
 (-0.257714,-0.00392665)
 (-0.258501,-0.00395432)
 (-0.259294,-0.00398231)
 (-0.260093,-0.00401063)
 (-0.260898,-0.00403929)
 (-0.261708,-0.00406828)
 (-0.262524,-0.00409762)
 (-0.263346,-0.00412732)
 (-0.264174,-0.00415737)
 (-0.265007,-0.00418779)
 (-0.265847,-0.00421858)
 (-0.266694,-0.00424974)
 (-0.267546,-0.00428129)
 (-0.268405,-0.00431323)
  (-0.26927,-0.00434557)
 (-0.270142,-0.00437831)
  (-0.27102,-0.00441147)
 (-0.271905,-0.00444504)
 (-0.272797,-0.00447904)
 (-0.273695,-0.00451348)
 (-0.274601,-0.00454835)
 (-0.275513,-0.00458368)
 (-0.276433,-0.00461947)
 (-0.277359,-0.00465572)
 (-0.278293,-0.00469245)
 (-0.279235,-0.00472967)
 (-0.280184,-0.00476738)
  (-0.28114,-0.00480559)
 (-0.282104,-0.00484431)
 (-0.283076,-0.00488356)
 (-0.284056,-0.00492334)
 (-0.285044,-0.00496367)
 (-0.286039,-0.00500455)
 (-0.287044,-0.00504599)
 (-0.288056,-0.00508801)
 (-0.289077,-0.00513062)
 (-0.290106,-0.00517382)
 (-0.291144,-0.00521764)
 (-0.292191,-0.00526208)
 (-0.293247,-0.00530715)
 (-0.294312,-0.00535288)
 (-0.295386,-0.00539926)
  (-0.29647,-0.00544633)
 (-0.297562,-0.00549408)
 (-0.298665,-0.00554254)
 (-0.299777,-0.00559172)
 (-0.300899,-0.00564163)
 (-0.302031,-0.00569229)
 (-0.303174,-0.00574372)
 (-0.304326,-0.00579593)
 (-0.305489,-0.00584894)
 (-0.306663,-0.00590277)
 (-0.307848,-0.00595743)
 (-0.309043,-0.00601295)
  (-0.31025,-0.00606934)
 (-0.311468,-0.00612662)
 (-0.312698,-0.00618482)
 (-0.313939,-0.00624394)
 (-0.315192,-0.00630403)
 (-0.316457,-0.00636509)
 (-0.317735,-0.00642715)
 (-0.319025,-0.00649023)
 (-0.320328,-0.00655436)
 (-0.321643,-0.00661956)
 (-0.322972,-0.00668586)
 (-0.324314,-0.00675328)
 (-0.325669,-0.00682185)
  (-0.327039,-0.0068916)
 (-0.328422,-0.00696255)
  (-0.32982,-0.00703475)
 (-0.331232,-0.00710821)
 (-0.332659,-0.00718297)
 (-0.334101,-0.00725907)
 (-0.335558,-0.00733653)
 (-0.337031,-0.00741539)
 (-0.338519,-0.00749569)
 (-0.340024,-0.00757746)
 (-0.341545,-0.00766075)
 (-0.343083,-0.00774559)
 (-0.344638,-0.00783203)
  (-0.346211,-0.0079201)
 (-0.347801,-0.00800985)
 (-0.349409,-0.00810133)
 (-0.351036,-0.00819459)
 (-0.352681,-0.00828966)
 (-0.354345,-0.00838662)
  (-0.356029,-0.0084855)
 (-0.357733,-0.00858635)
 (-0.359457,-0.00868925)
 (-0.361202,-0.00879425)
  (-0.362968,-0.0089014)
 (-0.364755,-0.00901077)
 (-0.366565,-0.00912242)
 (-0.368396,-0.00923643)
 (-0.370251,-0.00935286)
 (-0.372129,-0.00947179)
  (-0.374032,-0.0095933)
 (-0.375958,-0.00971745)
  (-0.37791,-0.00984434)
 (-0.379887,-0.00997405)
   (-0.38189,-0.0101067)
  (-0.383919,-0.0102423)
   (-0.385976,-0.010381)
  (-0.388061,-0.0105229)
  (-0.390175,-0.0106681)
  (-0.392317,-0.0108168)
   (-0.39449,-0.0109689)
  (-0.396693,-0.0111247)
  (-0.398927,-0.0112843)
  (-0.401194,-0.0114478)
  (-0.403493,-0.0116153)
  (-0.405826,-0.0117869)
  (-0.408194,-0.0119629)
  (-0.410597,-0.0121434)
  (-0.413036,-0.0123285)
  (-0.415513,-0.0125184)
  (-0.418027,-0.0127133)
  (-0.420581,-0.0129134)
  (-0.423175,-0.0131188)
   (-0.42581,-0.0133298)
  (-0.428488,-0.0135465)
  (-0.431209,-0.0137693)
  (-0.433975,-0.0139982)
  (-0.436787,-0.0142337)
  (-0.439647,-0.0144759)
  (-0.442555,-0.0147251)
  (-0.445513,-0.0149816)
  (-0.448522,-0.0152457)
  (-0.451585,-0.0155177)
   (-0.454702,-0.015798)
  (-0.457876,-0.0160869)
  (-0.461108,-0.0163847)
  (-0.464399,-0.0166919)
  (-0.467752,-0.0170089)
  (-0.471169,-0.0173362)
   (-0.474652,-0.017674)
  (-0.478202,-0.0180231)
  (-0.481823,-0.0183839)
  (-0.485516,-0.0187569)
  (-0.489283,-0.0191427)
   (-0.493129,-0.019542)
  (-0.497054,-0.0199554)
  (-0.501062,-0.0203836)
  (-0.505156,-0.0208274)
  (-0.509339,-0.0212875)
  (-0.513615,-0.0217647)
  (-0.517986,-0.0222601)
  (-0.522456,-0.0227745)
    (-0.52703,-0.023309)
   (-0.53171,-0.0238646)
  (-0.536502,-0.0244426)
   (-0.54141,-0.0250442)
  (-0.546438,-0.0256707)
  (-0.551591,-0.0263236)
  (-0.556875,-0.0270045)
  (-0.562295,-0.0277149)
  (-0.567858,-0.0284568)
   (-0.573568,-0.029232)
  (-0.579434,-0.0300427)
   (-0.585461,-0.030891)
  (-0.591658,-0.0317795)
  (-0.598032,-0.0327108)
  (-0.604591,-0.0336877)
  (-0.611346,-0.0347134)
  (-0.618305,-0.0357912)
  (-0.625478,-0.0369249)
  (-0.632877,-0.0381184)
  (-0.640513,-0.0393762)
  (-0.648399,-0.0407031)
  (-0.656548,-0.0421043)
  (-0.664975,-0.0435856)
  (-0.673696,-0.0451534)
  (-0.682727,-0.0468147)
  (-0.692086,-0.0485772)
  (-0.701794,-0.0504494)
   (-0.71187,-0.0524409)
  (-0.722339,-0.0545621)
  (-0.733225,-0.0568247)
  (-0.744555,-0.0592418)
   (-0.756358,-0.061828)
  (-0.768668,-0.0645997)
  (-0.781518,-0.0675752)
  (-0.794947,-0.0707753)
  (-0.808998,-0.0742235)
  (-0.823717,-0.0779462)
  (-0.839154,-0.0819736)
  (-0.855367,-0.0863403)
  (-0.872416,-0.0910857)
  (-0.890372,-0.0962551)
    (-0.90931,-0.101901)
   (-0.929315,-0.108083)
   (-0.950483,-0.114873)
   (-0.972919,-0.122352)
   (-0.996743,-0.130617)
    (-1.02209,-0.139782)
     (-1.0491,-0.149981)
    (-1.07796,-0.161376)
     (-1.10884,-0.17416)
    (-1.14198,-0.188564)
     (-1.1776,-0.204873)
      (-1.216,-0.223431)
    (-1.25748,-0.244664)
    (-1.30239,-0.269102)
    (-1.35114,-0.297405)
     (-1.40415,-0.33041)
    (-1.46191,-0.369181)
    (-1.52492,-0.415084)
    (-1.59369,-0.469891)
     (-1.66866,-0.53592)
    (-1.75011,-0.616222)
    (-1.83796,-0.714841)
    (-1.93139,-0.837137)
      (-2.0282,-0.99018)
       (-2.1236,-1.1831)
     (-2.20825,-1.42715)
     (-2.26498,-1.73464)
     (-2.26435,-2.11516)
     (-2.16067,-2.56605)
     (-1.89547,-3.05442)
     (-1.42171,-3.49722)
    (-0.754636,-3.76781)
   (-0.0084589,-3.76206)
     (0.651797,-3.48266)
      (1.11589,-3.03669)
      (1.37237,-2.54985)
      (1.46963,-2.10286)
      (1.46591,-1.72686)
      (1.40616,-1.42374)
      (1.31919,-1.18365)
     (1.22174,-0.994292)
       (1.1229,-0.84455)
     (1.02728,-0.725419)
    (0.936982,-0.629964)
    (0.852779,-0.552955)
    (0.774716,-0.490486)
    (0.702494,-0.439657)
    (0.635674,-0.398329)
    (0.573793,-0.364952)
    (0.516449,-0.338433)
    (0.463378,-0.318049)
     (0.41455,-0.303356)
    (0.370291,-0.294068)
    (0.331432,-0.289807)
    (0.299333,-0.289634)
     (0.275466,-0.29138)
    (0.260149,-0.291318)
    (0.250942,-0.285374)
      (0.24284,-0.27186)
    (0.231182,-0.252844)
    (0.214198,-0.232259)
      (0.1927,-0.213294)
    (0.168444,-0.197539)
    (0.143049,-0.185418)
    (0.117742,-0.176797)
   (0.0934657,-0.171302)
   (0.0710039,-0.168344)
   (0.0509248,-0.166999)
   (0.0332353,-0.166023)
    (0.017056,-0.164364)
 (0.000972864,-0.161936)
  (-0.0159854,-0.159737)
  (-0.0337659,-0.159116)
  (-0.0514624,-0.161088)
   (-0.0676566,-0.16606)
   (-0.080618,-0.173648)
  (-0.0886606,-0.182307)
  (-0.0911122,-0.189134)
  (-0.0896092,-0.190826)
  (-0.0880215,-0.185932)
  (-0.0900948,-0.176119)
  (-0.0972289,-0.164711)
   (-0.108584,-0.154491)
   (-0.122394,-0.146859)
   (-0.136874,-0.142062)
   (-0.150551,-0.139532)
   (-0.162505,-0.138039)
   (-0.172773,-0.135998)
    (-0.182504,-0.13226)
   (-0.193253,-0.126869)
   (-0.205939,-0.120822)
   (-0.220575,-0.115196)
    (-0.236696,-0.11063)
   (-0.253796,-0.107345)
   (-0.271504,-0.105334)
    (-0.28959,-0.104514)
    (-0.30792,-0.104804)
   (-0.326403,-0.106153)
   (-0.344943,-0.108532)
   (-0.363412,-0.111897)
   (-0.381655,-0.116125)
   (-0.399571,-0.120952)
   (-0.417285,-0.126015)
    (-0.43522,-0.131099)
   (-0.453875,-0.136379)
   (-0.473466,-0.142336)
   (-0.493802,-0.149406)
   (-0.514481,-0.157684)
   (-0.535238,-0.166867)
   (-0.556238,-0.176487)
    (-0.578098,-0.18632)
   (-0.601558,-0.196653)
    (-0.627075,-0.20821)
   (-0.654628,-0.221759)
    (-0.683964,-0.23772)
    (-0.71512,-0.256172)
   (-0.748718,-0.277412)
   (-0.785583,-0.302557)
   (-0.826039,-0.333538)
   (-0.869585,-0.372677)
   (-0.914884,-0.422425)
   (-0.959623,-0.485277)
    (-1.00012,-0.563475)
     (-1.03103,-0.65815)
     (-1.0459,-0.768021)
    (-1.03896,-0.888892)
      (-1.0065,-1.01538)
     (-0.944679,-1.1423)
    (-0.847613,-1.26033)
    (-0.714612,-1.35099)
     (-0.561528,-1.3944)
    (-0.417114,-1.38693)
    (-0.304033,-1.34528)
    (-0.228239,-1.29302)
    (-0.183273,-1.24943)
    (-0.155713,-1.22739)
     (-0.126847,-1.2318)
    (-0.076195,-1.25547)
   (0.00957305,-1.27726)
     (0.125553,-1.26903)
     (0.246407,-1.21278)
     (0.341542,-1.11401)
    (0.394638,-0.995391)
    (0.407299,-0.879552)
    (0.389957,-0.780133)
     (0.354073,-0.70286)
    (0.309512,-0.648902)
    (0.264502,-0.617008)
    (0.226245,-0.604197)
    (0.201093,-0.605309)
     (0.193412,-0.61227)
    (0.203088,-0.614665)
    (0.223413,-0.603148)
      (0.2428,-0.574747)
     (0.25121,-0.534934)
    (0.245609,-0.493188)
    (0.229328,-0.456752)
    (0.207771,-0.428088)
    (0.184782,-0.406092)
     (0.161445,-0.38896)
     (0.13751,-0.376482)
    (0.113804,-0.369891)
   (0.0931387,-0.369853)
   (0.0792319,-0.374598)
    (0.074322,-0.379332)
   (0.0765029,-0.378025)
   (0.0795798,-0.367576)
   (0.0771844,-0.350437)
   (0.0670434,-0.332238)
   (0.0510627,-0.317613)
   (0.0328097,-0.308342)
    (0.015353,-0.303746)
 (0.000208364,-0.301906)
  (-0.0127292,-0.301038)
  (-0.0243181,-0.300443)
  (-0.0349656,-0.300361)
  (-0.0442042,-0.300956)
  (-0.0513067,-0.301544)
  (-0.0561893,-0.300655)
  (-0.0600011,-0.296774)
  (-0.0649051,-0.289434)
  (-0.0729645,-0.279737)
  (-0.0850672,-0.269761)
   (-0.100783,-0.261505)
   (-0.118848,-0.256301)
   (-0.137637,-0.254615)
   (-0.155685,-0.256036)
    (-0.17211,-0.259674)
   (-0.186467,-0.264654)
   (-0.198335,-0.270039)
   (-0.207501,-0.274287)
   (-0.214928,-0.275316)
   (-0.223277,-0.271874)
   (-0.235662,-0.264875)
   (-0.253837,-0.256893)
   (-0.277801,-0.250604)
   (-0.306543,-0.247905)
   (-0.338802,-0.249865)
   (-0.373453,-0.257021)
    (-0.40961,-0.269676)
   (-0.446587,-0.288113)
   (-0.483804,-0.312777)
    (-0.520555,-0.34446)
   (-0.555531,-0.384267)
   (-0.586384,-0.433117)
   (-0.609731,-0.490931)
   (-0.621634,-0.555813)
   (-0.618721,-0.623222)
   (-0.600608,-0.685945)
   (-0.572468,-0.737006)
    (-0.54375,-0.774653)
   (-0.522934,-0.804218)
    (-0.513237,-0.83558)
   (-0.511152,-0.879343)
    (-0.506853,-0.94339)
    (-0.485417,-1.02995)
    (-0.428915,-1.13186)
    (-0.322887,-1.22815)
      (-0.1694,-1.28629)
   (0.00405779,-1.27955)
     (0.157542,-1.20782)
     (0.264382,-1.09586)
      (0.3204,-0.972858)
    (0.334981,-0.859124)
    (0.321455,-0.764978)
    (0.292458,-0.693433)
    (0.258048,-0.642842)
    (0.225295,-0.608946)
    (0.198294,-0.585955)
    (0.177514,-0.567549)
    (0.159568,-0.549398)
    (0.139855,-0.531725)
     (0.11668,-0.518352)
   (0.0925843,-0.512911)
   (0.0725921,-0.516024)
   (0.0616553,-0.524369)
   (0.0617686,-0.531085)
   (0.0692527,-0.528689)
   (0.0755295,-0.514221)
   (0.0725194,-0.491633)
   (0.0573015,-0.468497)
     (0.031827,-0.45129)
 (5.82065e-05,-0.443694)
  (-0.0338642,-0.447373)
  (-0.0657126,-0.462898)
  (-0.0906487,-0.489564)
   (-0.103482,-0.524156)
   (-0.100738,-0.559923)
  (-0.0839548,-0.588061)
  (-0.0606989,-0.602566)
  (-0.0403246,-0.604369)
  (-0.0281556,-0.599717)
  (-0.0242655,-0.595185)
   (-0.025944,-0.595317)
  (-0.0290073,-0.602973)
  (-0.0275087,-0.618742)
  (-0.0149401,-0.638719)
    (0.0113567,-0.65378)
   (0.0456272,-0.654301)
   (0.0759238,-0.638326)
   (0.0933403,-0.613684)
   (0.0980893,-0.591146)
   (0.0974507,-0.576896)
    (0.100117,-0.569724)
     (0.11076,-0.562354)
     (0.12662,-0.546237)
     (0.139028,-0.51792)
    (0.139763,-0.481516)
     (0.126103,-0.44491)
    (0.100403,-0.414658)
   (0.0669393,-0.394132)
   (0.0296757,-0.384335)
 (-0.00831718,-0.385284)
  (-0.0444035,-0.396924)
  (-0.0754763,-0.419211)
      (-0.09724,-0.4512)
   (-0.104557,-0.489287)
  (-0.0938894,-0.525685)
  (-0.0675279,-0.549828)
  (-0.0353447,-0.554331)
 (-0.00971764,-0.540484)
   (0.00179748,-0.51653)
 (-0.00152728,-0.491706)
  (-0.0159917,-0.472481)
  (-0.0362911,-0.461656)
  (-0.0576578,-0.458846)
  (-0.0771459,-0.461828)
  (-0.0936514,-0.468057)
   (-0.107202,-0.475203)
   (-0.119023,-0.481061)
   (-0.131932,-0.484533)
   (-0.149146,-0.486961)
   (-0.172322,-0.491701)
   (-0.200897,-0.502548)
   (-0.232477,-0.522654)
   (-0.263307,-0.553888)
   (-0.288999,-0.596223)
   (-0.305785,-0.647757)
   (-0.311148,-0.705951)
   (-0.302502,-0.768339)
   (-0.276406,-0.830263)
   (-0.232346,-0.882803)
    (-0.17768,-0.917281)
    (-0.124499,-0.93354)
  (-0.0794665,-0.940171)
  (-0.0396172,-0.945199)
    (0.00165541,-0.9489)
   (0.0463875,-0.945237)
   (0.0890158,-0.929031)
    (0.120827,-0.902284)
    (0.137515,-0.873436)
    (0.141966,-0.851087)
    (0.141267,-0.839263)
    (0.142486,-0.836706)
     (0.14978,-0.838534)
    (0.162988,-0.838688)
    (0.177485,-0.833101)
    (0.186774,-0.822946)
    (0.187431,-0.814654)
    (0.182284,-0.815841)
    (0.179616,-0.830421)
    (0.189511,-0.855354)
      (0.218166,-0.8801)
    (0.261985,-0.891329)
    (0.307997,-0.882546)
    (0.343389,-0.859096)
     (0.36411,-0.832579)
    (0.374898,-0.812361)
    (0.384323,-0.801254)
    (0.399371,-0.795686)
    (0.422083,-0.789246)
    (0.450168,-0.776949)
    (0.479952,-0.756546)
    (0.507679,-0.727562)
    (0.529762,-0.691255)
    (0.543821,-0.650344)
    (0.548926,-0.608028)
    (0.545617,-0.567654)
    (0.536308,-0.531651)
    (0.523923,-0.499964)
    (0.509404,-0.470836)
     (0.491431,-0.44358)
     (0.468774,-0.41988)
    (0.442186,-0.402402)
    (0.414197,-0.393019)
    (0.388198,-0.392194)
    (0.367935,-0.398695)
      (0.3566,-0.408976)
     (0.354767,-0.41742)
    (0.358795,-0.419005)
    (0.362629,-0.412854)
    (0.362133,-0.402373)
     (0.35714,-0.391767)
    (0.349844,-0.383102)
    (0.342208,-0.376057)
    (0.334622,-0.369442)
     (0.32627,-0.362755)
    (0.316311,-0.356634)
     (0.304656,-0.35232)
    (0.292069,-0.351046)
    (0.280069,-0.353632)
    (0.270764,-0.360127)
    (0.266618,-0.369339)
     (0.26964,-0.378169)
     (0.279473,-0.38176)
    (0.291859,-0.376003)
    (0.300346,-0.360917)
    (0.300436,-0.340909)
    (0.291842,-0.321547)
    (0.277359,-0.306473)
     (0.260468,-0.29652)
    (0.243533,-0.290528)
    (0.227216,-0.286856)
    (0.211089,-0.284526)
     (0.194539,-0.28334)
    (0.177053,-0.283555)
      (0.1583,-0.285881)
    (0.138525,-0.291424)
     (0.11886,-0.301115)
    (0.100953,-0.314975)
   (0.0860389,-0.331973)
    (0.0741632,-0.35081)
    (0.0644655,-0.37124)
   (0.0567896,-0.394633)
    (0.0533566,-0.42264)
   (0.0586185,-0.454522)
   (0.0764843,-0.485184)
    (0.106025,-0.506455)
    (0.139824,-0.512649)
     (0.168775,-0.50538)
    (0.188727,-0.491274)
    (0.201136,-0.475676)
    (0.208734,-0.459988)
    (0.212343,-0.443729)
     (0.21129,-0.427229)
     (0.20534,-0.412062)
    (0.195557,-0.399802)
    (0.183726,-0.390884)
    (0.171136,-0.384408)
     (0.15761,-0.379067)
    (0.141761,-0.374605)
    (0.122409,-0.372369)
   (0.0996852,-0.374472)
   (0.0750092,-0.382688)
   (0.0505173,-0.397904)
   (0.0285026,-0.419999)
   (0.0108967,-0.447943)
 (-0.00119695,-0.480271)
 (-0.00726486,-0.515977)
 (-0.00608638,-0.554489)
  (0.00462597,-0.593746)
   (0.0256529,-0.628844)
    (0.0532257,-0.65455)
   (0.0801235,-0.669992)
    (0.100747,-0.680097)
    (0.114942,-0.692165)
    (0.127743,-0.711313)
    (0.146422,-0.737678)
    (0.176363,-0.766161)
    (0.217731,-0.789701)
    (0.266694,-0.804156)
    (0.320232,-0.808757)
    (0.377155,-0.801846)
    (0.433671,-0.779816)
    (0.481628,-0.742414)
     (0.51414,-0.696267)
    (0.530995,-0.650655)
    (0.537417,-0.611656)
     (0.539901,-0.58031)
     (0.54284,-0.553713)
     (0.546766,-0.52794)
      (0.549693,-0.5012)
    (0.550096,-0.473919)
    (0.547497,-0.446749)
      (0.541373,-0.4203)
     (0.53141,-0.395901)
    (0.518398,-0.375187)
    (0.504197,-0.359074)
    (0.490974,-0.347139)
    (0.480187,-0.337693)
    (0.471884,-0.328624)
     (0.464898,-0.31845)
    (0.457666,-0.306792)
    (0.448939,-0.294113)
     (0.437933,-0.28125)
    (0.424198,-0.269254)
    (0.407718,-0.259468)
    (0.389241,-0.253341)
    (0.370391,-0.251871)
    (0.353323,-0.255038)
    (0.339998,-0.261473)
    (0.331158,-0.268744)
      (0.325716,-0.2746)
    (0.321596,-0.278396)
    (0.317451,-0.281016)
    (0.313216,-0.283427)
      (0.309192,-0.2859)
    (0.305395,-0.288531)
     (0.30195,-0.291693)
    (0.299502,-0.295636)
    (0.298949,-0.299941)
    (0.300802,-0.303417)
    (0.304593,-0.304526)
     (0.308756,-0.30226)
    (0.311312,-0.296895)
    (0.310982,-0.289944)
    (0.307896,-0.283168)
    (0.303119,-0.277331)
    (0.297221,-0.272069)
    (0.289637,-0.267257)
    (0.279844,-0.264054)
    (0.268741,-0.264069)
    (0.258419,-0.267824)
    (0.250818,-0.274214)
    (0.246581,-0.281245)
    (0.244995,-0.287332)
    (0.245026,-0.291994)
    (0.246289,-0.295201)
    (0.248666,-0.296353)
    (0.251231,-0.294493)
     (0.252195,-0.28945)
     (0.24996,-0.282286)
     (0.243881,-0.27462)
     (0.234051,-0.26786)
    (0.220804,-0.263131)
    (0.204624,-0.261547)
    (0.186396,-0.264259)
    (0.167579,-0.272161)
    (0.150068,-0.285507)
    (0.135814,-0.303696)
    (0.126394,-0.325339)
    (0.122768,-0.348456)
     (0.124926,-0.37057)
     (0.13127,-0.389423)
     (0.139091,-0.40445)
    (0.146439,-0.417055)
     (0.153191,-0.42911)
    (0.160439,-0.441501)
    (0.169183,-0.453814)
     (0.179384,-0.46519)
    (0.190303,-0.475583)
    (0.201891,-0.485977)
    (0.215766,-0.497011)
     (0.23422,-0.507016)
    (0.257334,-0.511938)
    (0.281252,-0.508555)
    (0.300668,-0.497748)
    (0.312668,-0.483638)
    (0.317528,-0.470643)
    (0.317702,-0.461954)
     (0.316928,-0.45877)
     (0.31892,-0.459706)
    (0.325591,-0.461188)
    (0.335792,-0.459156)
     (0.34565,-0.451568)
    (0.351071,-0.439858)
    (0.350344,-0.427572)
    (0.344177,-0.417885)
      (0.334256,-0.4128)
    (0.322674,-0.413534)
    (0.311905,-0.420318)
    (0.304014,-0.432178)
    (0.299995,-0.447823)
    (0.300504,-0.466592)
    (0.306954,-0.487881)
    (0.321248,-0.509821)
    (0.344337,-0.528855)
     (0.37481,-0.540667)
    (0.408493,-0.542192)
    (0.439995,-0.533593)
    (0.465473,-0.518163)
    (0.484054,-0.500133)
    (0.497142,-0.482655)
    (0.506973,-0.467175)
    (0.515655,-0.453757)
    (0.524752,-0.441472)
    (0.534913,-0.428733)
     (0.545593,-0.41389)
    (0.555182,-0.396021)
    (0.561742,-0.375549)
     (0.56409,-0.354076)
    (0.562274,-0.333371)
    (0.556978,-0.314634)
    (0.548936,-0.298764)
     (0.539265,-0.28673)
    (0.529938,-0.278962)
    (0.523173,-0.274396)
    (0.519983,-0.270487)
    (0.519153,-0.264659)
    (0.517975,-0.256265)
    (0.514489,-0.247003)
    (0.508957,-0.239274)
     (0.503426,-0.23423)
    (0.500137,-0.230915)
    (0.499805,-0.226813)
     (0.50087,-0.219616)
     (0.500523,-0.20896)
    (0.496669,-0.196549)
    (0.489008,-0.184771)
    (0.478645,-0.175286)
     (0.467025,-0.16859)
    (0.455166,-0.164423)
    (0.443553,-0.162374)
    (0.432361,-0.162193)
    (0.421715,-0.163892)
    (0.411981,-0.167688)
    (0.403973,-0.173668)
    (0.398799,-0.181337)
     (0.397359,-0.18937)
    (0.399636,-0.195752)
    (0.404127,-0.198659)
    (0.408356,-0.197739)
    (0.410398,-0.194359)
    (0.409836,-0.190481)
    (0.407418,-0.187461)
    (0.404109,-0.185721)
    (0.400505,-0.185218)
    (0.396924,-0.185962)
     (0.39374,-0.188106)
    (0.391603,-0.191819)
    (0.391618,-0.196941)
     (0.395066,-0.20234)
    (0.402333,-0.205708)
    (0.411886,-0.204635)
    (0.420722,-0.198335)
     (0.42614,-0.188172)
    (0.426992,-0.176626)
    (0.423702,-0.166039)
    (0.417688,-0.157904)
     (0.410681,-0.15263)
    (0.404104,-0.149665)
    (0.398623,-0.147919)
    (0.394097,-0.146402)
    (0.390008,-0.144601)
    (0.385835,-0.142355)
     (0.38105,-0.139697)
    (0.375121,-0.136953)
     (0.36775,-0.134747)
    (0.358993,-0.133791)
    (0.349209,-0.134696)
    (0.338947,-0.137857)
    (0.328766,-0.143437)
    (0.319108,-0.151544)
     (0.310465,-0.16245)
    (0.303732,-0.176513)
    (0.300434,-0.193766)
    (0.302606,-0.213216)
    (0.311886,-0.232142)
    (0.327723,-0.246439)
    (0.346312,-0.253051)
    (0.362589,-0.252677)
    (0.373826,-0.249233)
    (0.380787,-0.246753)
    (0.386214,-0.247312)
    (0.393096,-0.250829)
    (0.403631,-0.255613)
     (0.41868,-0.259078)
    (0.437599,-0.258488)
    (0.458246,-0.251645)
    (0.477292,-0.237844)
     (0.49152,-0.218564)
    (0.499321,-0.196702)
    (0.500871,-0.175092)
      (0.49738,-0.15575)
    (0.490464,-0.139804)
    (0.481754,-0.127611)
    (0.472653,-0.118953)
    (0.464229,-0.113224)
    (0.457166,-0.109604)
    (0.451782,-0.107214)
    (0.448085,-0.105193)
    (0.445749,-0.102731)
   (0.444036,-0.0992747)
   (0.442012,-0.0948677)
   (0.439097,-0.0901678)
   (0.435394,-0.0859177)
    (0.431412,-0.082417)
   (0.427527,-0.0795049)
   (0.423767,-0.0769514)
   (0.420028,-0.0747568)
   (0.416365,-0.0730638)
   (0.413007,-0.0719247)
   (0.410203,-0.0712059)
   (0.408091,-0.0706358)
   (0.406645,-0.0699152)
   (0.405723,-0.0688015)
   (0.405104,-0.0671161)
   (0.404471,-0.0647791)
   (0.403482,-0.0619219)
     (0.40197,-0.058873)
   (0.400046,-0.0559291)
   (0.397932,-0.0531553)
   (0.395723,-0.0504354)
    (0.393322,-0.047689)
   (0.390591,-0.0450096)
   (0.387526,-0.0426074)
   (0.384286,-0.0406502)
   (0.381105,-0.0391654)
   (0.378178,-0.0380434)
   (0.375603,-0.0370952)
   (0.373362,-0.0361243)
    (0.371343,-0.034991)
    (0.369408,-0.033637)
   (0.367423,-0.0320639)
   (0.365261,-0.0303219)
   (0.362827,-0.0285303)
   (0.360118,-0.0268471)
   (0.357225,-0.0253841)
   (0.354266,-0.0241593)
   (0.351309,-0.0231217)
   (0.348349,-0.0222181)
    (0.345351,-0.021445)
   (0.342299,-0.0208436)
   (0.339216,-0.0204619)
   (0.336151,-0.0203281)
   (0.333158,-0.0204459)
   (0.330284,-0.0207994)
    (0.32756,-0.0213648)
   (0.325002,-0.0221236)
   (0.322623,-0.0230738)
   (0.320453,-0.0242302)
   (0.318557,-0.0256106)
   (0.317046,-0.0272014)
   (0.316051,-0.0289145)
   (0.315663,-0.0305746)
   (0.315883,-0.0319648)
   (0.316629,-0.0328777)
   (0.317748,-0.0331137)
   (0.318967,-0.0325148)
   (0.319913,-0.0310806)
   (0.320251,-0.0290304)
   (0.319826,-0.0267227)
   (0.318699,-0.0245047)
   (0.317069,-0.0225956)
   (0.315154,-0.0210652)
    (0.31312,-0.0198849)
    (0.31106,-0.0189903)
    (0.309016,-0.018323)
   (0.307005,-0.0178436)
   (0.305032,-0.0175315)
   (0.303106,-0.0173827)
    (0.30125,-0.0173952)
    (0.29949,-0.0175561)
   (0.297838,-0.0178495)
   (0.296306,-0.0182726)
   (0.294917,-0.0188343)
   (0.293721,-0.0195406)
   (0.292795,-0.0203776)
   (0.292238,-0.0212817)
   (0.292134,-0.0221103)
    (0.292481,-0.022652)
   (0.293148,-0.0226978)
   (0.293891,-0.0221313)
   (0.294436,-0.0209817)
    (0.294569,-0.019416)
    (0.294205,-0.017667)
   (0.293383,-0.0159433)
     (0.292208,-0.01438)
       (0.2908,-0.01304)
    (0.289264,-0.011935)
   (0.287684,-0.0110444)
   (0.286116,-0.0103301)
  (0.284593,-0.00974595)
  (0.283123,-0.00924832)
  (0.281694,-0.00880744)
  (0.280293,-0.00841209)
  (0.278913,-0.00806186)
  (0.277553,-0.00775776)
  (0.276216,-0.00749883)
  (0.274908,-0.00728244)
  (0.273631,-0.00710493)
  (0.272388,-0.00696259)
  (0.271184,-0.00685209)
  (0.270024,-0.00676902)
   (0.268916,-0.0067043)
  (0.267865,-0.00664102)
   (0.266865,-0.0065572)
  (0.265893,-0.00643731)
  (0.264923,-0.00628346)
  (0.263938,-0.00611323)
  (0.262936,-0.00594686)
   (0.261925,-0.0057975)
  (0.260917,-0.00566987)
  (0.259921,-0.00556319)
  (0.258944,-0.00547341)
  (0.257991,-0.00539343)
  (0.257063,-0.00531383)
  (0.256152,-0.00522654)
  (0.255249,-0.00512971)
  (0.254347,-0.00502844)
   (0.253443,-0.0049305)
   (0.252539,-0.0048419)
  (0.251642,-0.00476537)
  (0.250755,-0.00470077)
  (0.249883,-0.00464539)
  (0.249029,-0.00459435)
  (0.248189,-0.00454254)
   (0.247359,-0.0044878)
  (0.246536,-0.00443222)
  (0.245719,-0.00437937)
    (0.24491,-0.0043309)
  (0.244112,-0.00428542)
  (0.243325,-0.00423998)
  (0.242547,-0.00419252)
  (0.241775,-0.00414359)
  (0.241007,-0.00409565)
  (0.240246,-0.00405067)
  (0.239492,-0.00400858)
  (0.238747,-0.00396779)
  (0.238011,-0.00392683)
  (0.237282,-0.00388515)
  (0.236559,-0.00384274)
  (0.235843,-0.00379946)
  (0.235133,-0.00375488)
  (0.234428,-0.00370863)
  (0.233726,-0.00366112)
  (0.233026,-0.00361364)
  (0.232329,-0.00356774)
  (0.231634,-0.00352447)
  (0.230944,-0.00348417)
  (0.230259,-0.00344673)
  (0.229579,-0.00341182)
   (0.228905,-0.0033791)
  (0.228236,-0.00334827)
  (0.227573,-0.00331906)
  (0.226916,-0.00329129)
  (0.226264,-0.00326482)
  (0.225618,-0.00323952)
   (0.224977,-0.0032152)
  (0.224343,-0.00319148)
   (0.223713,-0.0031679)
   (0.223089,-0.0031441)
   (0.22247,-0.00312008)
  (0.221854,-0.00309615)
   (0.221242,-0.0030727)
     (0.220634,-0.00305)
   (0.22003,-0.00302816)
   (0.21943,-0.00300727)
  (0.218833,-0.00298739)
  (0.218241,-0.00296859)
  (0.217653,-0.00295088)
   (0.21707,-0.00293421)
   (0.21649,-0.00291851)
  (0.215915,-0.00290383)
  (0.215343,-0.00289038)
  (0.214776,-0.00287845)
  (0.214213,-0.00286821)
  (0.213654,-0.00285964)
  (0.213101,-0.00285264)