(-0.255251,-0.00170395)
 (-0.255592,-0.0017087)
(-0.255934,-0.00171348)
(-0.256277,-0.00171828)
 (-0.256621,-0.0017231)
(-0.256967,-0.00172794)
 (-0.257313,-0.0017328)
 (-0.25766,-0.00173768)
(-0.258008,-0.00174258)
(-0.258357,-0.00174751)
(-0.258707,-0.00175246)
(-0.259057,-0.00175743)
(-0.259409,-0.00176242)
(-0.259762,-0.00176743)
(-0.260116,-0.00177247)
(-0.260471,-0.00177753)
(-0.260827,-0.00178261)
(-0.261184,-0.00178771)
(-0.261542,-0.00179284)
(-0.261901,-0.00179798)
(-0.262261,-0.00180316)
(-0.262622,-0.00180835)
(-0.262985,-0.00181357)
(-0.263348,-0.00181881)
(-0.263712,-0.00182408)
(-0.264077,-0.00182937)
(-0.264444,-0.00183468)
(-0.264811,-0.00184002)
 (-0.26518,-0.00184538)
(-0.265549,-0.00185077)
 (-0.26592,-0.00185618)
(-0.266292,-0.00186162)
(-0.266664,-0.00186708)
(-0.267038,-0.00187257)
(-0.267413,-0.00187808)
 (-0.26779,-0.00188361)
(-0.268167,-0.00188918)
(-0.268545,-0.00189476)
(-0.268925,-0.00190038)
(-0.269305,-0.00190602)
(-0.269687,-0.00191168)
 (-0.27007,-0.00191738)
 (-0.270454,-0.0019231)
(-0.270839,-0.00192884)
(-0.271225,-0.00193461)
(-0.271613,-0.00194041)
(-0.272001,-0.00194624)
(-0.272391,-0.00195209)
(-0.272782,-0.00195798)
(-0.273174,-0.00196389)
(-0.273568,-0.00196982)
(-0.273962,-0.00197579)
(-0.274358,-0.00198178)
(-0.274755,-0.00198781)
(-0.275153,-0.00199386)
(-0.275552,-0.00199994)
(-0.275953,-0.00200605)
(-0.276354,-0.00201219)
(-0.276757,-0.00201835)
(-0.277162,-0.00202455)
(-0.277567,-0.00203078)
(-0.277974,-0.00203704)
(-0.278382,-0.00204332)
(-0.278791,-0.00204964)
(-0.279202,-0.00205599)
(-0.279613,-0.00206237)
(-0.280026,-0.00206878)
(-0.280441,-0.00207522)
 (-0.280856,-0.0020817)
 (-0.281273,-0.0020882)
(-0.281692,-0.00209474)
(-0.282111,-0.00210131)
(-0.282532,-0.00210791)
(-0.282954,-0.00211455)
(-0.283378,-0.00212121)
(-0.283803,-0.00212791)
(-0.284229,-0.00213465)
(-0.284656,-0.00214142)
(-0.285085,-0.00214822)
(-0.285516,-0.00215505)
(-0.285947,-0.00216192)
 (-0.28638,-0.00216882)
(-0.286815,-0.00217576)
 (-0.28725,-0.00218273)
(-0.287688,-0.00218974)
(-0.288126,-0.00219679)
(-0.288566,-0.00220386)
(-0.289008,-0.00221098)
 (-0.28945,-0.00221813)
(-0.289895,-0.00222532)
 (-0.29034,-0.00223254)
 (-0.290788,-0.0022398)
 (-0.291236,-0.0022471)
(-0.291686,-0.00225444)
(-0.292138,-0.00226181)
(-0.292591,-0.00226922)
(-0.293045,-0.00227667)
(-0.293502,-0.00228416)
(-0.293959,-0.00229169)
(-0.294418,-0.00229925)
(-0.294879,-0.00230686)
 (-0.295341,-0.0023145)
(-0.295804,-0.00232219)
(-0.296269,-0.00232991)
(-0.296736,-0.00233768)
(-0.297204,-0.00234549)
(-0.297674,-0.00235333)
(-0.298146,-0.00236122)
(-0.298619,-0.00236915)
(-0.299093,-0.00237713)
(-0.299569,-0.00238514)
 (-0.300047,-0.0023932)
 (-0.300526,-0.0024013)
(-0.301007,-0.00240944)
 (-0.30149,-0.00241763)
(-0.301974,-0.00242586)
 (-0.30246,-0.00243414)
(-0.302948,-0.00244246)
(-0.303437,-0.00245082)
(-0.303928,-0.00245924)
(-0.304421,-0.00246769)
(-0.304915,-0.00247619)
(-0.305411,-0.00248474)
(-0.305909,-0.00249334)
(-0.306408,-0.00250198)
(-0.306909,-0.00251067)
(-0.307412,-0.00251941)
(-0.307917,-0.00252819)
(-0.308423,-0.00253702)
(-0.308932,-0.00254591)
(-0.309442,-0.00255484)
(-0.309953,-0.00256382)
(-0.310467,-0.00257285)
(-0.310982,-0.00258193)
(-0.311499,-0.00259106)
(-0.312019,-0.00260025)
(-0.312539,-0.00260948)
(-0.313062,-0.00261877)
(-0.313587,-0.00262811)
 (-0.314113,-0.0026375)
(-0.314642,-0.00264695)
(-0.315172,-0.00265644)
  (-0.315704,-0.002666)
 (-0.316238,-0.0026756)
(-0.316774,-0.00268527)
(-0.317312,-0.00269498)
(-0.317852,-0.00270476)
(-0.318394,-0.00271459)
(-0.318938,-0.00272447)
(-0.319483,-0.00273442)
(-0.320031,-0.00274442)
(-0.320581,-0.00275447)
(-0.321133,-0.00276459)
(-0.321687,-0.00277477)
  (-0.322242,-0.002785)
   (-0.3228,-0.0027953)
 (-0.32336,-0.00280565)
(-0.323922,-0.00281607)
(-0.324487,-0.00282655)
(-0.325053,-0.00283709)
(-0.325621,-0.00284769)
(-0.326192,-0.00285836)
(-0.326764,-0.00286909)
(-0.327339,-0.00287988)
(-0.327916,-0.00289074)
(-0.328495,-0.00290166)
(-0.329077,-0.00291265)
  (-0.32966,-0.0029237)
(-0.330246,-0.00293482)
(-0.330834,-0.00294601)
(-0.331424,-0.00295727)
(-0.332016,-0.00296859)
(-0.332611,-0.00297998)
(-0.333208,-0.00299145)
(-0.333808,-0.00300298)
(-0.334409,-0.00301459)
(-0.335013,-0.00302626)
(-0.335619,-0.00303801)
(-0.336228,-0.00304983)
(-0.336839,-0.00306172)
(-0.337453,-0.00307369)
(-0.338068,-0.00308573)
(-0.338687,-0.00309785)
(-0.339307,-0.00311004)
 (-0.33993,-0.00312231)
(-0.340556,-0.00313466)
(-0.341184,-0.00314708)
(-0.341814,-0.00315959)
(-0.342448,-0.00317217)
(-0.343083,-0.00318483)
(-0.343721,-0.00319757)
 (-0.344362,-0.0032104)
(-0.345005,-0.00322331)
 (-0.345651,-0.0032363)
(-0.346299,-0.00324937)
 (-0.34695,-0.00326253)
(-0.347604,-0.00327577)
  (-0.34826,-0.0032891)
(-0.348919,-0.00330251)
(-0.349581,-0.00331601)
(-0.350246,-0.00332961)
(-0.350913,-0.00334329)
(-0.351583,-0.00335706)
(-0.352255,-0.00337092)
(-0.352931,-0.00338487)
(-0.353609,-0.00339891)
 (-0.35429,-0.00341305)
(-0.354974,-0.00342728)
 (-0.35566,-0.00344161)
 (-0.35635,-0.00345603)
(-0.357043,-0.00347055)
(-0.357738,-0.00348517)
(-0.358436,-0.00349988)
 (-0.359138,-0.0035147)
(-0.359842,-0.00352962)
(-0.360549,-0.00354463)
(-0.361259,-0.00355975)
(-0.361973,-0.00357498)
 (-0.362689,-0.0035903)
(-0.363408,-0.00360574)
(-0.364131,-0.00362128)
(-0.364857,-0.00363692)
(-0.365585,-0.00365268)
(-0.366317,-0.00366854)
(-0.367052,-0.00368452)
(-0.367791,-0.00370061)
(-0.368532,-0.00371681)
(-0.369277,-0.00373312)
(-0.370025,-0.00374955)
 (-0.370777,-0.0037661)
(-0.371531,-0.00378276)
(-0.372289,-0.00379954)
(-0.373051,-0.00381644)
(-0.373815,-0.00383347)
(-0.374584,-0.00385061)
(-0.375355,-0.00386788)
 (-0.37613,-0.00388527)
(-0.376909,-0.00390279)
(-0.377691,-0.00392043)
(-0.378477,-0.00393821)
(-0.379266,-0.00395611)
(-0.380059,-0.00397415)
(-0.380855,-0.00399231)
(-0.381655,-0.00401061)
(-0.382459,-0.00402905)
(-0.383266,-0.00404762)
(-0.384078,-0.00406633)
(-0.384893,-0.00408518)
(-0.385711,-0.00410418)
(-0.386534,-0.00412331)
 (-0.38736,-0.00414259)
 (-0.38819,-0.00416201)
(-0.389024,-0.00418158)
 (-0.389862,-0.0042013)
(-0.390704,-0.00422117)
 (-0.39155,-0.00424119)
  (-0.3924,-0.00426137)
 (-0.393254,-0.0042817)
(-0.394113,-0.00430218)
(-0.394975,-0.00432283)
(-0.395841,-0.00434363)
 (-0.396712,-0.0043646)
(-0.397586,-0.00438573)
(-0.398465,-0.00440703)
(-0.399349,-0.00442849)
(-0.400236,-0.00445012)
(-0.401128,-0.00447193)
(-0.402025,-0.00449391)
(-0.402925,-0.00451606)
 (-0.40383,-0.00453839)
  (-0.40474,-0.0045609)
(-0.405654,-0.00458359)
(-0.406573,-0.00460646)
(-0.407496,-0.00462952)
(-0.408424,-0.00465276)
 (-0.409357,-0.0046762)
(-0.410294,-0.00469982)
(-0.411236,-0.00472364)
(-0.412183,-0.00474766)
(-0.413134,-0.00477187)
(-0.414091,-0.00479629)
 (-0.415052,-0.0048209)
(-0.416018,-0.00484573)
 (-0.41699,-0.00487076)
  (-0.417966,-0.004896)
(-0.418947,-0.00492145)
(-0.419934,-0.00494712)
(-0.420926,-0.00497301)
(-0.421922,-0.00499912)
(-0.422925,-0.00502545)
  (-0.423932,-0.005052)
(-0.424945,-0.00507879)
 (-0.425963,-0.0051058)
(-0.426986,-0.00513306)
(-0.428015,-0.00516054)
 (-0.42905,-0.00518827)
 (-0.43009,-0.00521624)
(-0.431135,-0.00524446)
(-0.432187,-0.00527292)
(-0.433244,-0.00530164)
(-0.434306,-0.00533062)
(-0.435375,-0.00535985)
 (-0.43645,-0.00538934)
  (-0.43753,-0.0054191)
(-0.438616,-0.00544913)
(-0.439709,-0.00547943)
   (-0.440807,-0.00551)
(-0.441912,-0.00554086)
(-0.443023,-0.00557199)
 (-0.44414,-0.00560342)
(-0.445263,-0.00563513)
(-0.446393,-0.00566714)
(-0.447529,-0.00569944)
(-0.448671,-0.00573205)
(-0.449821,-0.00576496)
(-0.450976,-0.00579818)
(-0.452139,-0.00583171)
(-0.453308,-0.00586557)
(-0.454484,-0.00589974)
(-0.455667,-0.00593425)
(-0.456857,-0.00596908)
(-0.458053,-0.00600425)
(-0.459257,-0.00603976)
(-0.460468,-0.00607561)
(-0.461686,-0.00611182)
(-0.462912,-0.00614837)
(-0.464145,-0.00618529)
(-0.465385,-0.00622257)
(-0.466632,-0.00626023)
(-0.467888,-0.00629825)
 (-0.46915,-0.00633666)
(-0.470421,-0.00637545)
(-0.471699,-0.00641463)
(-0.472986,-0.00645421)
  (-0.47428,-0.0064942)
(-0.475582,-0.00653459)
(-0.476892,-0.00657539)
(-0.478211,-0.00661662)
(-0.479537,-0.00665827)
(-0.480873,-0.00670035)
(-0.482216,-0.00674287)
(-0.483568,-0.00678584)
(-0.484929,-0.00682926)
(-0.486298,-0.00687314)
(-0.487677,-0.00691748)
 (-0.489064,-0.0069623)
  (-0.49046,-0.0070076)
(-0.491865,-0.00705338)
 (-0.49328,-0.00709966)
(-0.494704,-0.00714644)
(-0.496137,-0.00719373)
(-0.497579,-0.00724154)
(-0.499032,-0.00728988)
(-0.500494,-0.00733875)
(-0.501965,-0.00738816)
(-0.503447,-0.00743812)
(-0.504939,-0.00748865)
(-0.506441,-0.00753974)
(-0.507953,-0.00759142)
(-0.509475,-0.00764367)
(-0.511008,-0.00769653)
   (-0.512552,-0.00775)
(-0.514106,-0.00780408)
(-0.515672,-0.00785878)
(-0.517248,-0.00791413)
(-0.518835,-0.00797012)
(-0.520434,-0.00802677)
(-0.522044,-0.00808409)
 (-0.523665,-0.0081421)
(-0.525298,-0.00820079)
(-0.526943,-0.00826019)
  (-0.5286,-0.00832031)
(-0.530269,-0.00838115)
 (-0.53195,-0.00844274)
(-0.533643,-0.00850508)
(-0.535349,-0.00856819)
(-0.537068,-0.00863208)
  (-0.5388,-0.00869676)
(-0.540544,-0.00876226)
(-0.542302,-0.00882858)
(-0.544073,-0.00889573)
(-0.545857,-0.00896374)
(-0.547656,-0.00903262)
(-0.549468,-0.00910238)
(-0.551294,-0.00917305)
(-0.553134,-0.00924463)
(-0.554988,-0.00931714)
(-0.556858,-0.00939061)
(-0.558741,-0.00946505)
 (-0.56064,-0.00954048)
(-0.562554,-0.00961691)
(-0.564484,-0.00969437)
(-0.566429,-0.00977287)
(-0.568389,-0.00985245)
(-0.570366,-0.00993311)
 (-0.572359,-0.0100149)
 (-0.574368,-0.0100978)
 (-0.576394,-0.0101818)
  (-0.578437,-0.010267)
 (-0.580497,-0.0103535)
 (-0.582575,-0.0104411)
    (-0.58467,-0.01053)
 (-0.586782,-0.0106202)
 (-0.588913,-0.0107116)
 (-0.591063,-0.0108044)
 (-0.593231,-0.0108986)
 (-0.595418,-0.0109941)
  (-0.597624,-0.011091)
 (-0.599849,-0.0111894)
 (-0.602095,-0.0112892)
  (-0.60436,-0.0113906)
 (-0.606646,-0.0114935)
 (-0.608952,-0.0115979)
   (-0.61128,-0.011704)
 (-0.613629,-0.0118117)
  (-0.615999,-0.011921)
 (-0.618391,-0.0120321)
 (-0.620806,-0.0121449)
 (-0.623244,-0.0122595)
  (-0.625704,-0.012376)
 (-0.628188,-0.0124943)
 (-0.630695,-0.0126145)
 (-0.633227,-0.0127367)
 (-0.635784,-0.0128609)
 (-0.638365,-0.0129871)
 (-0.640972,-0.0131155)
 (-0.643604,-0.0132459)
 (-0.646263,-0.0133786)
 (-0.648948,-0.0135136)
 (-0.651661,-0.0136508)
 (-0.654401,-0.0137904)
 (-0.657169,-0.0139325)
  (-0.659966,-0.014077)
  (-0.662791,-0.014224)
 (-0.665647,-0.0143737)
 (-0.668532,-0.0145261)
 (-0.671448,-0.0146811)
 (-0.674395,-0.0148391)
 (-0.677374,-0.0149999)
 (-0.680386,-0.0151636)
  (-0.68343,-0.0153304)
 (-0.686508,-0.0155003)
 (-0.689619,-0.0156735)
 (-0.692766,-0.0158499)
 (-0.695948,-0.0160297)
  (-0.699167,-0.016213)
 (-0.702422,-0.0163999)
 (-0.705715,-0.0165904)
 (-0.709046,-0.0167847)
 (-0.712416,-0.0169829)
  (-0.715826,-0.017185)
 (-0.719276,-0.0173913)
 (-0.722768,-0.0176018)
 (-0.726303,-0.0178167)
   (-0.72988,-0.018036)
   (-0.733502,-0.01826)
 (-0.737169,-0.0184887)
 (-0.740882,-0.0187223)
 (-0.744641,-0.0189609)
 (-0.748449,-0.0192048)
  (-0.752306,-0.019454)
 (-0.756212,-0.0197087)
  (-0.76017,-0.0199692)
 (-0.764181,-0.0202355)
 (-0.768245,-0.0205079)
 (-0.772363,-0.0207866)
 (-0.776538,-0.0210718)
  (-0.78077,-0.0213636)
 (-0.785061,-0.0216624)
 (-0.789412,-0.0219684)
 (-0.793824,-0.0222818)
 (-0.798299,-0.0226028)
 (-0.802839,-0.0229317)
 (-0.807445,-0.0232689)
 (-0.812119,-0.0236145)
  (-0.816862,-0.023969)
 (-0.821677,-0.0243325)
 (-0.826564,-0.0247056)
 (-0.831527,-0.0250884)
 (-0.836566,-0.0254814)
  (-0.841685,-0.025885)
 (-0.846884,-0.0262996)
 (-0.852167,-0.0267255)
 (-0.857536,-0.0271633)
 (-0.862992,-0.0276134)
 (-0.868539,-0.0280762)
 (-0.874179,-0.0285524)
 (-0.879915,-0.0290425)
  (-0.885749,-0.029547)
 (-0.891684,-0.0300665)
 (-0.897724,-0.0306017)
 (-0.903871,-0.0311532)
 (-0.910129,-0.0317218)
 (-0.916501,-0.0323083)
 (-0.922991,-0.0329133)
 (-0.929603,-0.0335378)
  (-0.93634,-0.0341825)
 (-0.943206,-0.0348486)
 (-0.950206,-0.0355369)
 (-0.957344,-0.0362486)
 (-0.964625,-0.0369847)
 (-0.972054,-0.0377464)
  (-0.979635,-0.038535)
 (-0.987375,-0.0393519)
 (-0.995279,-0.0401984)
  (-1.00335,-0.0410761)
   (-1.0116,-0.0419867)
  (-1.02003,-0.0429319)
  (-1.02865,-0.0439135)
  (-1.03747,-0.0449335)
  (-1.04649,-0.0459941)
  (-1.05573,-0.0470975)
  (-1.06518,-0.0482461)
  (-1.07487,-0.0494427)
  (-1.08479,-0.0506901)
  (-1.09497,-0.0519911)
   (-1.1054,-0.0533493)
   (-1.11611,-0.054768)
   (-1.1271,-0.0562511)
  (-1.13838,-0.0578027)
  (-1.14998,-0.0594274)
   (-1.1619,-0.0611298)
  (-1.17416,-0.0629153)
  (-1.18677,-0.0647897)
   (-1.19976,-0.066759)
  (-1.21314,-0.0688302)
  (-1.22693,-0.0710106)
  (-1.24115,-0.0733084)
  (-1.25583,-0.0757324)
    (-1.271,-0.0782923)
   (-1.28667,-0.080999)
  (-1.30287,-0.0838643)
  (-1.31964,-0.0869011)
   (-1.33701,-0.090124)
   (-1.35502,-0.093549)
   (-1.3737,-0.0971939)
    (-1.3931,-0.101078)
   (-1.41326,-0.105225)
   (-1.43424,-0.109658)
   (-1.45608,-0.114405)
   (-1.47884,-0.119498)
    (-1.5026,-0.124973)
   (-1.52742,-0.130868)
   (-1.55339,-0.137229)
   (-1.58058,-0.144109)
   (-1.60909,-0.151565)
   (-1.63903,-0.159667)
   (-1.67052,-0.168492)
    (-1.70368,-0.17813)
   (-1.73866,-0.188686)
   (-1.77561,-0.200284)
   (-1.81473,-0.213066)
   (-1.85621,-0.227201)
    (-1.90028,-0.24289)
    (-1.94719,-0.26037)
   (-1.99724,-0.279929)
   (-2.05074,-0.301911)
   (-2.10806,-0.326732)
   (-2.16963,-0.354906)
     (-2.2359,-0.38706)
   (-2.30741,-0.423976)
   (-2.38474,-0.466631)
   (-2.46855,-0.516259)
    (-2.55955,-0.57443)
   (-2.65848,-0.643161)
    (-2.76609,-0.72507)
   (-2.88302,-0.823576)
   (-3.00968,-0.943184)
    (-3.14589,-1.08986)
    (-3.29036,-1.27151)
     (-3.4397,-1.49855)
     (-3.5866,-1.78435)
    (-3.71682,-2.14525)
    (-3.80438,-2.59879)
    (-3.80504,-3.15757)
    (-3.65125,-3.81449)
    (-3.25927,-4.51597)
    (-2.56829,-5.13513)
     (-1.61507,-5.4893)
   (-0.576654,-5.44291)
    (0.313587,-5.02041)
    (0.914373,-4.38428)
     (1.22296,-3.70922)
     (1.31258,-3.10157)
     (1.26456,-2.59987)
     (1.13984,-2.20461)
     (0.976857,-1.9019)
    (0.797644,-1.67559)
    (0.614103,-1.51185)
    (0.432398,-1.40051)
     (0.25582,-1.33498)
     (0.0867117,-1.312)
  (-0.0719744,-1.33125)
   (-0.215001,-1.39484)
   (-0.332697,-1.50626)
   (-0.408322,-1.66758)
    (-0.416216,-1.8733)
   (-0.325076,-2.09983)
   (-0.113975,-2.29559)
      (0.19885,-2.3897)
    (0.542281,-2.33309)
     (0.827873,-2.1393)
      (1.0054,-1.87167)
       (1.07666,-1.595)
     (1.07027,-1.34727)
     (1.01669,-1.14137)
   (0.938419,-0.976521)
   (0.849607,-0.846951)
   (0.758536,-0.746141)
   (0.669993,-0.668353)
   (0.586951,-0.608805)
   (0.511481,-0.563215)
   (0.444851,-0.527148)
    (0.38678,-0.495859)
   (0.334723,-0.465418)
   (0.284795,-0.434461)
   (0.234096,-0.404284)
   (0.181901,-0.376997)
   (0.128966,-0.353957)
  (0.0763981,-0.335483)
  (0.0250368,-0.321218)
 (-0.0247554,-0.310577)
 (-0.0730067,-0.303157)
  (-0.119777,-0.298966)
  (-0.164739,-0.298278)
  (-0.206989,-0.301223)
  (-0.245141,-0.307286)
  (-0.277807,-0.314775)
  (-0.304722,-0.320679)
  (-0.328016,-0.321828)
  (-0.351853,-0.317193)
  (-0.379916,-0.308826)
   (-0.413453,-0.30016)
   (-0.45166,-0.293923)
  (-0.493043,-0.291544)
  (-0.536259,-0.293526)
  (-0.580371,-0.299966)
   (-0.624813,-0.31096)
   (-0.66915,-0.326931)
  (-0.712583,-0.348736)
   (-0.75341,-0.377334)
   (-0.788737,-0.41304)
  (-0.814711,-0.454449)
  (-0.827731,-0.497333)
  (-0.826837,-0.534614)
  (-0.816042,-0.558616)
  (-0.804261,-0.565265)
  (-0.801263,-0.557265)
  (-0.812143,-0.542379)
  (-0.835946,-0.527885)
   (-0.86921,-0.517068)
  (-0.909858,-0.510237)
  (-0.957956,-0.507752)
   (-1.01389,-0.511487)
   (-1.07691,-0.524024)
   (-1.14526,-0.547584)
   (-1.21667,-0.583776)
    (-1.2886,-0.633662)
     (-1.35828,-0.6976)
   (-1.42336,-0.775127)
   (-1.48259,-0.865739)
   (-1.53533,-0.970747)
     (-1.5785,-1.09392)
     (-1.6034,-1.23842)
    (-1.59631,-1.40059)
     (-1.5456,-1.56519)
     (-1.4527,-1.70899)
     (-1.3361,-1.81482)
    (-1.22042,-1.88377)
    (-1.12004,-1.93267)
     (-1.0323,-1.98001)
   (-0.944605,-2.03406)
    (-0.845162,-2.0932)
   (-0.724309,-2.15154)
   (-0.573034,-2.19575)
   (-0.393301,-2.20218)
   (-0.208045,-2.15169)
  (-0.0481183,-2.04787)
   (0.0697213,-1.91082)
    (0.143481,-1.75796)
    (0.173272,-1.60057)
    (0.159272,-1.45121)
    (0.107392,-1.32353)
   (0.0291402,-1.22652)
  (-0.0632972,-1.16261)
   (-0.160339,-1.12997)
    (-0.25566,-1.12508)
   (-0.345746,-1.14475)
    (-0.42832,-1.18764)
   (-0.499961,-1.25395)
    (-0.555323,-1.3434)
    (-0.58829,-1.45425)
   (-0.591757,-1.58406)
    (-0.55553,-1.72785)
   (-0.467894,-1.87275)
   (-0.323796,-1.99566)
    (-0.13304,-2.07005)
    (0.079673,-2.07734)
     (0.282706,-2.0152)
    (0.449465,-1.89863)
    (0.568232,-1.75132)
    (0.640495,-1.59299)
    (0.671649,-1.43588)
    (0.666669,-1.28909)
    (0.631962,-1.16117)
    (0.576818,-1.05842)
   (0.511961,-0.982973)
   (0.447386,-0.932772)
   (0.390876,-0.902382)
   (0.346781,-0.884174)
   (0.315415,-0.870296)
    (0.29387,-0.854558)
    (0.27726,-0.833234)
   (0.259762,-0.805784)
   (0.236792,-0.775262)
   (0.207228,-0.746432)
    (0.17318,-0.722828)
     (0.137868,-0.7053)
    (0.103431,-0.69252)
  (0.0700176,-0.682876)
   (0.0368663,-0.67608)
 (0.00398455,-0.672923)
 (-0.0274625,-0.673866)
 (-0.0561679,-0.678242)
 (-0.0816199,-0.684916)
  (-0.103598,-0.693082)
  (-0.121604,-0.701625)
  (-0.135794,-0.708558)
  (-0.147833,-0.712018)
  (-0.160369,-0.711403)
   (-0.17607,-0.707655)
   (-0.196834,-0.70299)
  (-0.223384,-0.700364)
  (-0.255067,-0.703123)
  (-0.289345,-0.714506)
  (-0.321482,-0.736268)
   (-0.34568,-0.766873)
  (-0.357824,-0.800973)
   (-0.35806,-0.831484)
  (-0.350757,-0.853136)
   (-0.341747,-0.86438)
  (-0.335909,-0.866371)
  (-0.337024,-0.861481)
  (-0.348176,-0.853319)
    (-0.370971,-0.8471)
  (-0.404275,-0.848821)
  (-0.443951,-0.863473)
   (-0.483883,-0.89358)
  (-0.517381,-0.938678)
  (-0.538534,-0.995264)
   (-0.543911,-1.05738)
   (-0.533673,-1.11883)
   (-0.510023,-1.17557)
   (-0.474713,-1.22497)
    (-0.429344,-1.2637)
   (-0.377709,-1.28782)
   (-0.326326,-1.29555)
   (-0.281976,-1.28914)
   (-0.248708,-1.27361)
   (-0.228035,-1.25385)
   (-0.220757,-1.23476)
   (-0.225916,-1.22269)
   (-0.238505,-1.22375)
   (-0.250024,-1.24016)
   (-0.252512,-1.26847)
   (-0.242276,-1.30212)
   (-0.219341,-1.33552)
   (-0.184542,-1.36444)
   (-0.139638,-1.38402)
  (-0.0896936,-1.38992)
  (-0.0420375,-1.38194)
 (-0.00198194,-1.36454)
   (0.0299068,-1.34356)
   (0.0568174,-1.32202)
   (0.0813967,-1.29842)
    (0.101875,-1.26996)
    (0.113528,-1.23771)
     (0.11385,-1.20728)
    (0.105306,-1.18492)
   (0.0937418,-1.17375)
   (0.0851869,-1.17295)
   (0.0839049,-1.17923)
   (0.0922335,-1.18807)
    (0.110212,-1.19416)
    (0.134835,-1.19298)
     (0.161569,-1.1829)
    (0.186845,-1.16464)
    (0.208306,-1.13943)
    (0.223845,-1.10877)
     (0.23179,-1.07511)
    (0.231853,-1.04166)
    (0.225627,-1.01125)
   (0.215997,-0.984883)
   (0.205153,-0.961148)
   (0.192826,-0.937849)
   (0.176741,-0.914411)
   (0.154813,-0.892842)
   (0.127141,-0.876543)
  (0.0961499,-0.868092)
  (0.0649058,-0.868118)
  (0.0357648,-0.876242)
  (0.0110122,-0.892163)
(-0.00610024,-0.914759)
 (-0.0124385,-0.940462)
(-0.00744439,-0.963702)
 (0.00586169,-0.979541)
   (0.022567,-0.986032)
  (0.0385627,-0.984084)
  (0.0515252,-0.975528)
  (0.0600627,-0.961973)
   (0.0630201,-0.94509)
  (0.0598185,-0.926943)
  (0.0508315,-0.909377)
  (0.0366231,-0.893398)
  (0.0171641,-0.879977)
(-0.00733804,-0.870895)
 (-0.0355324,-0.867992)
 (-0.0653857,-0.872284)
 (-0.0947801,-0.884051)
  (-0.121521,-0.902984)
  (-0.143447,-0.927879)
  (-0.159091,-0.956474)
  (-0.168493,-0.985994)
    (-0.173453,-1.0144)
   (-0.176586,-1.04171)
   (-0.179483,-1.07015)
    (-0.181207,-1.1029)
   (-0.177904,-1.14206)
   (-0.163897,-1.18641)
   (-0.134551,-1.23021)
  (-0.0897447,-1.26474)
   (-0.035143,-1.28214)
   (0.0194847,-1.27899)
    (0.063691,-1.25826)
   (0.0906789,-1.22856)
    (0.100085,-1.20051)
   (0.0974004,-1.18234)
   (0.0911783,-1.17731)
   (0.0894185,-1.18316)
    (0.0963997,-1.1941)
    (0.112111,-1.20444)
    (0.134682,-1.21061)
     (0.16206,-1.20995)
    (0.191036,-1.20009)
    (0.216962,-1.18041)
    (0.235315,-1.15285)
    (0.242911,-1.12127)
    (0.238481,-1.09082)
     (0.223478,-1.0672)
     (0.20261,-1.05486)
    (0.182583,-1.05464)
    (0.168965,-1.06313)
    (0.163618,-1.07481)
    (0.164568,-1.08515)
    (0.168068,-1.09293)
    (0.171757,-1.10022)
    (0.176686,-1.10983)
    (0.186607,-1.12217)
    (0.204962,-1.13365)
    (0.231348,-1.13808)
    (0.260486,-1.13083)
    (0.285075,-1.11217)
     (0.30017,-1.08702)
     (0.305326,-1.0614)
     (0.30322,-1.03927)
    (0.297121,-1.02191)
    (0.289358,-1.00888)
   (0.280819,-0.999416)
    (0.27193,-0.993849)
   (0.264595,-0.992967)
    (0.26211,-0.995557)
   (0.266455,-0.997375)
   (0.275713,-0.993187)
   (0.284272,-0.980443)
   (0.286206,-0.961429)
   (0.279028,-0.941663)
   (0.264392,-0.926193)
   (0.245887,-0.917386)
   (0.226756,-0.915313)
   (0.209268,-0.919129)
   (0.195246,-0.927654)
   (0.186242,-0.938989)
    (0.182785,-0.95028)
   (0.183449,-0.958589)
   (0.185135,-0.962549)
   (0.184718,-0.963101)
   (0.180407,-0.962676)
    (0.17192,-0.964179)
   (0.160463,-0.970599)
   (0.149271,-0.984354)
    (0.143449,-1.00533)
    (0.147341,-1.02937)
     (0.16117,-1.05003)
    (0.180674,-1.06266)
    (0.200195,-1.06692)
    (0.216135,-1.06581)
    (0.227892,-1.06289)
    (0.236776,-1.06069)
    (0.245235,-1.06023)
     (0.25575,-1.06019)
    (0.268512,-1.05749)
    (0.280947,-1.05027)
     (0.290274,-1.0393)
      (0.29521,-1.0264)
    (0.295149,-1.01317)
    (0.289545,-1.00168)
   (0.278983,-0.995071)
   (0.266563,-0.996315)
    (0.257504,-1.00577)
    (0.256437,-1.01982)
    (0.264351,-1.03238)
    (0.277735,-1.03838)
     (0.290871,-1.0368)
    (0.299616,-1.03063)
    (0.303425,-1.02399)
    (0.304201,-1.01922)
    (0.303798,-1.01643)
    (0.302732,-1.01498)
     (0.30063,-1.01491)
     (0.29731,-1.01718)
    (0.293526,-1.02331)
     (0.29145,-1.03456)
    (0.294584,-1.05057)
    (0.306024,-1.06821)
    (0.325997,-1.08258)
    (0.351577,-1.09007)
    (0.379034,-1.08993)
    (0.406103,-1.08313)
    (0.431907,-1.07019)
    (0.454986,-1.05064)
    (0.472371,-1.02498)
   (0.481491,-0.996144)
   (0.482266,-0.968066)
   (0.476461,-0.943487)
   (0.466105,-0.923924)
   (0.453441,-0.910499)
   (0.441605,-0.903529)
   (0.434043,-0.901188)
   (0.432345,-0.899351)
   (0.434662,-0.893888)
   (0.437069,-0.883465)
   (0.436623,-0.869644)
   (0.432596,-0.854577)
   (0.425296,-0.839447)
   (0.414828,-0.824774)
   (0.400958,-0.811157)
   (0.383412,-0.799628)
   (0.362397,-0.791836)
   (0.339402,-0.789571)
   (0.317215,-0.793374)
    (0.29839,-0.801624)
   (0.283447,-0.811571)
     (0.270936,-0.8215)
   (0.259304,-0.831646)
   (0.248374,-0.843061)
   (0.239031,-0.856087)
   (0.231989,-0.870059)
   (0.227267,-0.884104)
   (0.224549,-0.897507)
   (0.223145,-0.909629)
   (0.221914,-0.920388)
    (0.219988,-0.93054)
   (0.217244,-0.941052)
   (0.214023,-0.952629)
   (0.210891,-0.965682)
   (0.208536,-0.980201)
   (0.207334,-0.995634)
    (0.206758,-1.01141)
    (0.205679,-1.02808)
    (0.203905,-1.04759)
     (0.203036,-1.0718)
    (0.205772,-1.10137)
    (0.215055,-1.13553)
    (0.233431,-1.17206)
      (0.26228,-1.2078)
    (0.302026,-1.23954)
    (0.353016,-1.26338)
    (0.413672,-1.27315)
    (0.477008,-1.26304)
     (0.53239,-1.23342)
    (0.572388,-1.19151)
     (0.59601,-1.14575)
    (0.605742,-1.10161)
    (0.604284,-1.06216)
    (0.594268,-1.02974)
    (0.578862,-1.00594)
   (0.561597,-0.991116)
   (0.545748,-0.984245)
   (0.533784,-0.983049)
    (0.526711,-0.98429)
   (0.523233,-0.984764)
   (0.520047,-0.983422)
   (0.514562,-0.982656)
   (0.507875,-0.986158)
   (0.504321,-0.994912)
    (0.507585,-1.00541)
    (0.516899,-1.01212)
    (0.527232,-1.01233)
    (0.533545,-1.00835)
    (0.534652,-1.00517)
     (0.533402,-1.0065)
    (0.533862,-1.01256)
    (0.538535,-1.02101)
    (0.547629,-1.02917)
     (0.560005,-1.0354)
    (0.574576,-1.03935)
    (0.591052,-1.04093)
    (0.609459,-1.03937)
     (0.629055,-1.0332)
    (0.647697,-1.02129)
    (0.662455,-1.00412)
   (0.671087,-0.983941)
   (0.672977,-0.963727)
   (0.668801,-0.946135)
   (0.660045,-0.933394)
   (0.649149,-0.927171)
   (0.639317,-0.927868)
   (0.633689,-0.934305)
   (0.634686,-0.943931)
   (0.643384,-0.953042)
   (0.658727,-0.957546)
   (0.677468,-0.954423)
   (0.695214,-0.942843)
   (0.707843,-0.924368)
   (0.712676,-0.902327)
   (0.709027,-0.880783)
   (0.698205,-0.863522)
   (0.683141,-0.853142)
    (0.66756,-0.850342)
   (0.654741,-0.853756)
   (0.646285,-0.860724)
   (0.641823,-0.868918)
   (0.640289,-0.877554)
   (0.641499,-0.886818)
    (0.646266,-0.89637)
   (0.655209,-0.904665)
    (0.667644,-0.90965)
   (0.681627,-0.910046)
   (0.694951,-0.905905)
   (0.705906,-0.898281)
    (0.71365,-0.888844)
   (0.718575,-0.879152)
   (0.721654,-0.869522)
    (0.722804,-0.85932)
    (0.720665,-0.84881)
   (0.714372,-0.839935)
   (0.704814,-0.834968)
   (0.693966,-0.835072)
   (0.683672,-0.840335)
   (0.675415,-0.850575)
   (0.670932,-0.865516)
   (0.672389,-0.883986)
   (0.681372,-0.903366)
    (0.697717,-0.92036)
   (0.719554,-0.932536)
   (0.744639,-0.939083)
    (0.77159,-0.940059)
   (0.799691,-0.935009)
     (0.82741,-0.92273)
    (0.85167,-0.902888)
    (0.86935,-0.877328)
   (0.878922,-0.849187)
   (0.880402,-0.821568)
   (0.874859,-0.797102)
   (0.864129,-0.777687)
   (0.850368,-0.764325)
   (0.835694,-0.757282)
     (0.822104,-0.7563)
   (0.811589,-0.760558)
   (0.805873,-0.768241)
    (0.80535,-0.776635)
   (0.808462,-0.783653)
   (0.813138,-0.789412)
    (0.81909,-0.795486)
   (0.828151,-0.802398)
   (0.842168,-0.808095)
     (0.8605,-0.808989)
   (0.879503,-0.802846)
   (0.894841,-0.790824)
   (0.904268,-0.776636)
     (0.908512,-0.7643)
   (0.910635,-0.756227)
   (0.914302,-0.752038)
    (0.92155,-0.749131)
   (0.932029,-0.744791)
   (0.944162,-0.737658)
   (0.956496,-0.727609)
   (0.968178,-0.714973)
    (0.978658,-0.69997)
   (0.987256,-0.682829)
   (0.993277,-0.664169)
   (0.996462,-0.644893)
   (0.996952,-0.625725)
    (0.99492,-0.607181)
   (0.990575,-0.589835)
   (0.984402,-0.574233)
   (0.977086,-0.560654)
   (0.969341,-0.549065)
   (0.961794,-0.539092)
   (0.954728,-0.530006)
   (0.947748,-0.521054)
   (0.939883,-0.512096)
    (0.930276,-0.50396)
   (0.918958,-0.498066)
   (0.907016,-0.495548)
   (0.895982,-0.496636)
   (0.887143,-0.500859)
   (0.881532,-0.507492)
     (0.88018,-0.51541)
   (0.883685,-0.522674)
    (0.89133,-0.526923)
   (0.900917,-0.526607)
   (0.909789,-0.521952)
   (0.916291,-0.514715)
   (0.920444,-0.506892)
   (0.923359,-0.499518)
   (0.926137,-0.492439)
   (0.929129,-0.484835)
   (0.931736,-0.476046)
   (0.932986,-0.466358)
   (0.932652,-0.456857)
   (0.931572,-0.448236)
    (0.93063,-0.440094)
   (0.929837,-0.431577)
   (0.928511,-0.422298)
   (0.925991,-0.412557)
   (0.922055,-0.402925)
    (0.916765,-0.39386)
   (0.910225,-0.385763)
   (0.902705,-0.379131)
   (0.894868,-0.374331)
   (0.887596,-0.371166)
   (0.881347,-0.368771)
   (0.875642,-0.366251)
   (0.869389,-0.363565)
   (0.861874,-0.361723)
   (0.853455,-0.362081)
   (0.845422,-0.365443)
   (0.839337,-0.371646)
   (0.836396,-0.379696)
   (0.837101,-0.388185)
   (0.841224,-0.395706)
   (0.847905,-0.401203)
   (0.855935,-0.404348)
   (0.864453,-0.405633)
    (0.873464,-0.40568)
    (0.88344,-0.404472)
   (0.894554,-0.401329)
   (0.906302,-0.395437)
    (0.91762,-0.386354)
   (0.927229,-0.374285)
   (0.934043,-0.360163)
   (0.937687,-0.345445)
   (0.938749,-0.331469)
   (0.938399,-0.318774)
   (0.937602,-0.306993)
    (0.936586,-0.29539)
   (0.934949,-0.283542)
   (0.932195,-0.271589)
   (0.928141,-0.260011)
   (0.922971,-0.249287)
   (0.917122,-0.239701)
   (0.911118,-0.231218)
   (0.905319,-0.223483)
   (0.899723,-0.216041)
   (0.894036,-0.208645)
   (0.887935,-0.201342)
    (0.881229,-0.19436)
   (0.873879,-0.188006)
   (0.866025,-0.182611)
   (0.858017,-0.178415)
   (0.850317,-0.175417)
   (0.843297,-0.173349)
   (0.837089,-0.171833)
    (0.831622,-0.17056)
    (0.826741,-0.16937)
   (0.822324,-0.168235)
   (0.818341,-0.167154)
    (0.814805,-0.16609)
   (0.811739,-0.164964)
   (0.809134,-0.163607)
   (0.806785,-0.161818)
   (0.804298,-0.159658)
   (0.801487,-0.157568)
   (0.798673,-0.156005)
   (0.796491,-0.154965)
   (0.795396,-0.153907)
   (0.795308,-0.152075)
   (0.795663,-0.148976)
   (0.795787,-0.144569)
   (0.795167,-0.139109)
   (0.793457,-0.132986)
     (0.7905,-0.126711)
    (0.78642,-0.120798)
   (0.781554,-0.115575)
    (0.776277,-0.11113)
   (0.770869,-0.107386)
   (0.765487,-0.104202)
   (0.760182,-0.101453)
  (0.754953,-0.0990527)
  (0.749771,-0.0969733)
  (0.744628,-0.0952366)
  (0.739562,-0.0938854)
  (0.734659,-0.0929326)
   (0.73001,-0.0923381)
   (0.72567,-0.0920215)
  (0.721637,-0.0919004)
  (0.717871,-0.0919404)
   (0.71435,-0.0921718)
  (0.711117,-0.0926555)
  (0.708298,-0.0934247)
  (0.706076,-0.0944212)
   (0.704608,-0.095468)
   (0.703965,-0.096302)
  (0.704102,-0.0966335)
  (0.704866,-0.0961817)
  (0.705978,-0.0947026)
   (0.70701,-0.0920769)
  (0.707485,-0.0884411)
  (0.707086,-0.0841831)
  (0.705786,-0.0797399)
  (0.703745,-0.0754062)
  (0.701148,-0.0713179)
    (0.69814,-0.067535)
   (0.69484,-0.0640976)
   (0.691382,-0.061021)
  (0.687899,-0.0582582)
  (0.684469,-0.0557014)
  (0.681085,-0.0532375)
   (0.677677,-0.050801)
  (0.674159,-0.0483925)
  (0.670466,-0.0460772)
  (0.666591,-0.0439573)
  (0.662598,-0.0421239)
  (0.658596,-0.0406143)
  (0.654689,-0.0394021)
  (0.650941,-0.0384238)
  (0.647384,-0.0376166)
  (0.644038,-0.0369244)
  (0.640915,-0.0362758)
   (0.63799,-0.0355831)
  (0.635183,-0.0347865)
  (0.632402,-0.0338924)
  (0.629593,-0.0329553)
  (0.626756,-0.0320281)
  (0.623908,-0.0311372)
  (0.621068,-0.0302906)
  (0.618248,-0.0294867)
  (0.615452,-0.0287172)
    (0.61267,-0.027979)
   (0.609892,-0.027289)
   (0.60713,-0.0266769)
  (0.604425,-0.0261597)
  (0.601829,-0.0257211)
  (0.599379,-0.0253058)
  (0.597072,-0.0248388)
  (0.594855,-0.0242599)
   (0.59265,-0.0235508)
   (0.590383,-0.022741)
  (0.588016,-0.0218936)
  (0.585555,-0.0210742)
  (0.583036,-0.0203249)
  (0.580504,-0.0196545)
   (0.57799,-0.0190458)
    (0.5755,-0.0184727)
  (0.573021,-0.0179216)
  (0.570538,-0.0173975)
   (0.56805,-0.0169134)
  (0.565562,-0.0164787)
   (0.563081,-0.016098)
  (0.560614,-0.0157764)
  (0.558172,-0.0155182)
  (0.555767,-0.0153227)
  (0.553412,-0.0151821)
  (0.551109,-0.0150872)
   (0.54886,-0.0150346)
  (0.546667,-0.0150291)
  (0.544548,-0.0150749)
  (0.542532,-0.0151602)
   (0.540642,-0.015249)
  (0.538874,-0.0152902)
   (0.537193,-0.015237)
  (0.535536,-0.0150742)
  (0.533846,-0.0148304)
  (0.532103,-0.0145588)
  (0.530324,-0.0143025)
    (0.528539,-0.01408)
  (0.526776,-0.0138887)
  (0.525052,-0.0137133)
  (0.523373,-0.0135352)
  (0.521735,-0.0133379)
  (0.520128,-0.0131085)
    (0.51854,-0.012838)
  (0.516951,-0.0125228)
  (0.515343,-0.0121666)
  (0.513696,-0.0117837)
  (0.511999,-0.0113997)
   (0.51026,-0.0110416)
  (0.508497,-0.0107263)
  (0.506732,-0.0104574)
  (0.504982,-0.0102291)
  (0.503256,-0.0100311)
 (0.501558,-0.00985159)
 (0.499887,-0.00968049)
 (0.498235,-0.00951215)
 (0.496598,-0.00934587)
  (0.49497,-0.00918387)
 (0.493351,-0.00902932)
 (0.491742,-0.00888484)
 (0.490145,-0.00875155)
 (0.488561,-0.00862939)
 (0.486992,-0.00851795)
  (0.48544,-0.00841674)
 (0.483905,-0.00832473)
 (0.482391,-0.00823998)
 (0.480897,-0.00816001)
  (0.479424,-0.0080823)
 (0.477972,-0.00800398)
  (0.47654,-0.00792092)
 (0.475123,-0.00782898)
 (0.473715,-0.00772726)
  (0.47231,-0.00761945)
 (0.470906,-0.00751122)
 (0.469504,-0.00740691)
 (0.468108,-0.00730851)
 (0.466719,-0.00721653)
 (0.465339,-0.00713105)
 (0.463968,-0.00705191)
 (0.462609,-0.00697852)
 (0.461261,-0.00690989)
 (0.459926,-0.00684477)
 (0.458604,-0.00678186)
 (0.457293,-0.00672016)
 (0.455993,-0.00665912)
 (0.454702,-0.00659871)
 (0.453421,-0.00653917)
 (0.452148,-0.00648084)
 (0.450885,-0.00642414)
 (0.449629,-0.00636948)
 (0.448383,-0.00631701)
 (0.447147,-0.00626651)
  (0.44592,-0.00621749)
 (0.444703,-0.00616929)
 (0.443495,-0.00612141)
 (0.442295,-0.00607367)
 (0.441103,-0.00602633)
 (0.439918,-0.00597987)
  (0.43874,-0.00593478)
   (0.43757,-0.0058914)
 (0.436408,-0.00584986)
 (0.435253,-0.00581016)
 (0.434107,-0.00577213)
  (0.432969,-0.0057356)
  (0.43184,-0.00570048)
  (0.430718,-0.0056668)
 (0.429605,-0.00563459)
 (0.428501,-0.00560354)
  (0.427407,-0.0055729)
 (0.426323,-0.00554158)
 (0.425247,-0.00550842)
 (0.424179,-0.00547257)
 (0.423117,-0.00543381)
  (0.42206,-0.00539286)
 (0.421006,-0.00535106)
 (0.419956,-0.00530982)
 (0.418911,-0.00527004)
 (0.417871,-0.00523204)
 (0.416837,-0.00519572)
 (0.415808,-0.00516081)
 (0.414786,-0.00512705)
 (0.413771,-0.00509426)
 (0.412761,-0.00506233)
  (0.411757,-0.0050312)
 (0.410759,-0.00500089)
 (0.409768,-0.00497142)
 (0.408782,-0.00494279)
 (0.407802,-0.00491503)
 (0.406828,-0.00488814)
 (0.405861,-0.00486203)
    (0.4049,-0.0048365)
  (0.403946,-0.0048112)
 (0.402998,-0.00478565)
 (0.402056,-0.00475932)
  (0.40112,-0.00473185)
 (0.400189,-0.00470326)
  (0.399262,-0.0046739)
 (0.398339,-0.00464435)
 (0.397421,-0.00461508)
 (0.396506,-0.00458636)
 (0.395596,-0.00455829)
 (0.394691,-0.00453088)
  (0.39379,-0.00450412)
 (0.392894,-0.00447799)
 (0.392003,-0.00445243)
 (0.391117,-0.00442739)
 (0.390235,-0.00440278)
 (0.389358,-0.00437855)
 (0.388486,-0.00435468)
 (0.387618,-0.00433115)
 (0.386755,-0.00430795)
 (0.385897,-0.00428506)