(-0.134816,-0.000955261)
(-0.135007,-0.000958104)
(-0.135199,-0.000960961)
(-0.135392,-0.000963831)
(-0.135585,-0.000966714)
(-0.135778,-0.000969611)
(-0.135972,-0.000972521)
(-0.136167,-0.000975445)
(-0.136363,-0.000978383)
(-0.136559,-0.000981335)
(-0.136755,-0.000984301)
 (-0.136952,-0.00098728)
 (-0.13715,-0.000990274)
(-0.137348,-0.000993282)
(-0.137547,-0.000996305)
(-0.137747,-0.000999342)
 (-0.137947,-0.00100239)
 (-0.138148,-0.00100546)
 (-0.138349,-0.00100854)
 (-0.138551,-0.00101164)
 (-0.138754,-0.00101475)
 (-0.138957,-0.00101787)
 (-0.139161,-0.00102101)
 (-0.139365,-0.00102417)
  (-0.13957,-0.00102734)
 (-0.139776,-0.00103053)
 (-0.139983,-0.00103373)
  (-0.14019,-0.00103694)
 (-0.140397,-0.00104018)
 (-0.140606,-0.00104343)
 (-0.140815,-0.00104669)
 (-0.141024,-0.00104997)
 (-0.141234,-0.00105327)
 (-0.141445,-0.00105658)
 (-0.141657,-0.00105991)
 (-0.141869,-0.00106326)
 (-0.142082,-0.00106662)
    (-0.142296,-0.00107)
   (-0.14251,-0.0010734)
 (-0.142725,-0.00107681)
 (-0.142941,-0.00108024)
 (-0.143157,-0.00108369)
 (-0.143374,-0.00108716)
 (-0.143592,-0.00109064)
 (-0.143811,-0.00109414)
  (-0.14403,-0.00109766)
  (-0.14425,-0.00110119)
  (-0.14447,-0.00110475)
 (-0.144691,-0.00110832)
 (-0.144913,-0.00111191)
 (-0.145136,-0.00111552)
  (-0.14536,-0.00111914)
 (-0.145584,-0.00112279)
 (-0.145809,-0.00112645)
 (-0.146034,-0.00113014)
 (-0.146261,-0.00113384)
 (-0.146488,-0.00113756)
  (-0.146716,-0.0011413)
 (-0.146944,-0.00114506)
 (-0.147174,-0.00114884)
 (-0.147404,-0.00115263)
 (-0.147634,-0.00115645)
 (-0.147866,-0.00116029)
 (-0.148099,-0.00116415)
 (-0.148332,-0.00116803)
 (-0.148566,-0.00117193)
   (-0.1488,-0.00117585)
 (-0.149036,-0.00117979)
 (-0.149272,-0.00118375)
 (-0.149509,-0.00118773)
 (-0.149747,-0.00119173)
 (-0.149986,-0.00119576)
  (-0.150226,-0.0011998)
 (-0.150466,-0.00120387)
 (-0.150707,-0.00120796)
 (-0.150949,-0.00121207)
  (-0.151192,-0.0012162)
 (-0.151435,-0.00122036)
  (-0.15168,-0.00122454)
 (-0.151925,-0.00122874)
 (-0.152171,-0.00123296)
 (-0.152418,-0.00123721)
 (-0.152666,-0.00124148)
 (-0.152915,-0.00124577)
 (-0.153164,-0.00125009)
 (-0.153415,-0.00125443)
 (-0.153666,-0.00125879)
 (-0.153918,-0.00126318)
 (-0.154171,-0.00126759)
 (-0.154425,-0.00127203)
  (-0.15468,-0.00127649)
 (-0.154936,-0.00128097)
 (-0.155192,-0.00128548)
  (-0.15545,-0.00129002)
 (-0.155708,-0.00129458)
 (-0.155967,-0.00129917)
 (-0.156228,-0.00130378)
 (-0.156489,-0.00130842)
 (-0.156751,-0.00131308)
 (-0.157014,-0.00131777)
 (-0.157278,-0.00132249)
 (-0.157543,-0.00132723)
   (-0.157809,-0.001332)
  (-0.158076,-0.0013368)
 (-0.158343,-0.00134163)
 (-0.158612,-0.00134648)
 (-0.158882,-0.00135136)
 (-0.159153,-0.00135627)
 (-0.159424,-0.00136121)
 (-0.159697,-0.00136617)
 (-0.159971,-0.00137117)
 (-0.160245,-0.00137619)
 (-0.160521,-0.00138124)
 (-0.160798,-0.00138633)
 (-0.161076,-0.00139144)
 (-0.161354,-0.00139658)
 (-0.161634,-0.00140175)
 (-0.161915,-0.00140695)
 (-0.162197,-0.00141219)
  (-0.16248,-0.00141745)
 (-0.162764,-0.00142275)
 (-0.163049,-0.00142807)
 (-0.163335,-0.00143343)
 (-0.163622,-0.00143882)
  (-0.16391,-0.00144425)
    (-0.1642,-0.0014497)
  (-0.16449,-0.00145519)
 (-0.164782,-0.00146071)
 (-0.165074,-0.00146626)
 (-0.165368,-0.00147185)
 (-0.165663,-0.00147747)
 (-0.165959,-0.00148313)
 (-0.166256,-0.00148882)
 (-0.166554,-0.00149454)
  (-0.166854,-0.0015003)
  (-0.167154,-0.0015061)
 (-0.167456,-0.00151193)
  (-0.167759,-0.0015178)
  (-0.168063,-0.0015237)
 (-0.168368,-0.00152964)
 (-0.168675,-0.00153562)
 (-0.168982,-0.00154163)
 (-0.169291,-0.00154769)
 (-0.169601,-0.00155378)
  (-0.169913,-0.0015599)
 (-0.170225,-0.00156607)
 (-0.170539,-0.00157228)
 (-0.170854,-0.00157852)
   (-0.17117,-0.0015848)
 (-0.171488,-0.00159113)
 (-0.171807,-0.00159749)
  (-0.172127,-0.0016039)
 (-0.172448,-0.00161034)
 (-0.172771,-0.00161683)
 (-0.173095,-0.00162336)
  (-0.17342,-0.00162993)
 (-0.173746,-0.00163655)
  (-0.174074,-0.0016432)
  (-0.174404,-0.0016499)
 (-0.174734,-0.00165665)
 (-0.175066,-0.00166344)
 (-0.175399,-0.00167027)
 (-0.175734,-0.00167715)
  (-0.17607,-0.00168407)
 (-0.176407,-0.00169104)
 (-0.176746,-0.00169805)
 (-0.177087,-0.00170511)
 (-0.177428,-0.00171222)
 (-0.177771,-0.00171938)
 (-0.178116,-0.00172658)
 (-0.178462,-0.00173383)
 (-0.178809,-0.00174113)
 (-0.179158,-0.00174848)
 (-0.179508,-0.00175588)
  (-0.17986,-0.00176333)
 (-0.180214,-0.00177084)
 (-0.180568,-0.00177839)
 (-0.180925,-0.00178599)
 (-0.181283,-0.00179365)
 (-0.181642,-0.00180136)
 (-0.182003,-0.00180912)
 (-0.182365,-0.00181693)
   (-0.18273,-0.0018248)
 (-0.183095,-0.00183273)
 (-0.183462,-0.00184071)
 (-0.183831,-0.00184874)
 (-0.184202,-0.00185683)
 (-0.184574,-0.00186498)
 (-0.184948,-0.00187319)
 (-0.185323,-0.00188145)
   (-0.1857,-0.00188978)
 (-0.186079,-0.00189816)
  (-0.186459,-0.0019066)
  (-0.186841,-0.0019151)
 (-0.187225,-0.00192367)
  (-0.18761,-0.00193229)
 (-0.187998,-0.00194098)
 (-0.188387,-0.00194973)
 (-0.188777,-0.00195854)
  (-0.18917,-0.00196742)
 (-0.189564,-0.00197636)
  (-0.18996,-0.00198537)
 (-0.190358,-0.00199445)
 (-0.190758,-0.00200359)
  (-0.191159,-0.0020128)
 (-0.191563,-0.00202208)
 (-0.191968,-0.00203142)
 (-0.192375,-0.00204084)
 (-0.192784,-0.00205033)
 (-0.193195,-0.00205988)
 (-0.193608,-0.00206951)
 (-0.194022,-0.00207922)
 (-0.194439,-0.00208899)
 (-0.194858,-0.00209884)
 (-0.195278,-0.00210877)
 (-0.195701,-0.00211877)
 (-0.196126,-0.00212885)
   (-0.196552,-0.002139)
 (-0.196981,-0.00214924)
 (-0.197412,-0.00215955)
 (-0.197845,-0.00216994)
 (-0.198279,-0.00218042)
 (-0.198716,-0.00219097)
 (-0.199156,-0.00220161)
 (-0.199597,-0.00221233)
  (-0.20004,-0.00222314)
 (-0.200486,-0.00223403)
 (-0.200934,-0.00224501)
 (-0.201383,-0.00225608)
 (-0.201836,-0.00226724)
  (-0.20229,-0.00227848)
 (-0.202747,-0.00228982)
 (-0.203206,-0.00230124)
 (-0.203667,-0.00231276)
 (-0.204131,-0.00232437)
 (-0.204596,-0.00233608)
 (-0.205065,-0.00234789)
 (-0.205535,-0.00235979)
 (-0.206008,-0.00237178)
 (-0.206484,-0.00238388)
 (-0.206961,-0.00239608)
 (-0.207442,-0.00240838)
 (-0.207924,-0.00242078)
  (-0.20841,-0.00243329)
  (-0.208897,-0.0024459)
 (-0.209388,-0.00245861)
 (-0.209881,-0.00247144)
 (-0.210376,-0.00248437)
 (-0.210874,-0.00249742)
 (-0.211375,-0.00251057)
 (-0.211878,-0.00252384)
 (-0.212384,-0.00253723)
 (-0.212892,-0.00255072)
 (-0.213404,-0.00256434)
 (-0.213918,-0.00257808)
 (-0.214434,-0.00259193)
 (-0.214954,-0.00260591)
    (-0.215476,-0.00262)
 (-0.216002,-0.00263423)
  (-0.21653,-0.00264858)
 (-0.217061,-0.00266306)
 (-0.217594,-0.00267766)
  (-0.218131,-0.0026924)
 (-0.218671,-0.00270727)
 (-0.219214,-0.00272228)
 (-0.219759,-0.00273742)
 (-0.220308,-0.00275269)
  (-0.22086,-0.00276811)
 (-0.221415,-0.00278367)
 (-0.221973,-0.00279938)
 (-0.222534,-0.00281522)
 (-0.223099,-0.00283122)
 (-0.223666,-0.00284736)
 (-0.224237,-0.00286366)
  (-0.224811,-0.0028801)
 (-0.225389,-0.00289671)
 (-0.225969,-0.00291347)
 (-0.226554,-0.00293038)
 (-0.227141,-0.00294746)
 (-0.227732,-0.00296471)
 (-0.228326,-0.00298212)
 (-0.228924,-0.00299969)
 (-0.229526,-0.00301744)
 (-0.230131,-0.00303536)
 (-0.230739,-0.00305345)
 (-0.231352,-0.00307173)
 (-0.231967,-0.00309018)
 (-0.232587,-0.00310881)
  (-0.23321,-0.00312763)
 (-0.233837,-0.00314664)
 (-0.234468,-0.00316583)
 (-0.235103,-0.00318522)
 (-0.235742,-0.00320481)
 (-0.236384,-0.00322459)
 (-0.237031,-0.00324458)
 (-0.237682,-0.00326477)
 (-0.238336,-0.00328516)
 (-0.238995,-0.00330577)
 (-0.239658,-0.00332659)
 (-0.240325,-0.00334763)
 (-0.240996,-0.00336888)
 (-0.241672,-0.00339036)
 (-0.242352,-0.00341207)
   (-0.243036,-0.003434)
 (-0.243724,-0.00345617)
 (-0.244417,-0.00347857)
 (-0.245115,-0.00350122)
 (-0.245817,-0.00352411)
 (-0.246524,-0.00354724)
 (-0.247235,-0.00357063)
 (-0.247951,-0.00359427)
 (-0.248672,-0.00361818)
 (-0.249398,-0.00364234)
 (-0.250128,-0.00366678)
 (-0.250864,-0.00369148)
 (-0.251604,-0.00371646)
 (-0.252349,-0.00374172)
   (-0.2531,-0.00376727)
  (-0.253855,-0.0037931)
 (-0.254616,-0.00381923)
 (-0.255382,-0.00384566)
  (-0.256153,-0.0038724)
  (-0.25693,-0.00389944)
 (-0.257712,-0.00392679)
   (-0.2585,-0.00395447)
 (-0.259293,-0.00398247)
 (-0.260091,-0.00401079)
 (-0.260896,-0.00403946)
 (-0.261706,-0.00406846)
 (-0.262522,-0.00409781)
 (-0.263344,-0.00412752)
 (-0.264172,-0.00415758)
 (-0.265006,-0.00418801)
 (-0.265846,-0.00421881)
 (-0.266692,-0.00424998)
 (-0.267545,-0.00428154)
  (-0.268404,-0.0043135)
 (-0.269269,-0.00434584)
  (-0.270141,-0.0043786)
 (-0.271019,-0.00441177)
 (-0.271904,-0.00444535)
 (-0.272796,-0.00447937)
 (-0.273694,-0.00451382)
   (-0.2746,-0.00454871)
 (-0.275512,-0.00458405)
 (-0.276432,-0.00461985)
 (-0.277359,-0.00465612)
 (-0.278293,-0.00469287)
  (-0.279234,-0.0047301)
 (-0.280183,-0.00476783)
  (-0.28114,-0.00480606)
  (-0.282104,-0.0048448)
 (-0.283076,-0.00488407)
 (-0.284056,-0.00492387)
 (-0.285044,-0.00496422)
  (-0.28604,-0.00500512)
 (-0.287044,-0.00504658)
 (-0.288056,-0.00508863)
 (-0.289077,-0.00513126)
 (-0.290107,-0.00517449)
 (-0.291145,-0.00521833)
  (-0.292192,-0.0052628)
  (-0.293248,-0.0053079)
 (-0.294313,-0.00535366)
 (-0.295387,-0.00540007)
 (-0.296471,-0.00544717)
 (-0.297564,-0.00549495)
 (-0.298667,-0.00554344)
 (-0.299779,-0.00559265)
  (-0.300901,-0.0056426)
  (-0.302034,-0.0056933)
 (-0.303176,-0.00574477)
 (-0.304329,-0.00579702)
 (-0.305492,-0.00585007)
 (-0.306666,-0.00590394)
 (-0.307851,-0.00595865)
 (-0.309047,-0.00601421)
 (-0.310254,-0.00607065)
 (-0.311472,-0.00612798)
 (-0.312702,-0.00618623)
 (-0.313944,-0.00624541)
 (-0.315197,-0.00630555)
 (-0.316463,-0.00636667)
 (-0.317741,-0.00642879)
 (-0.319031,-0.00649193)
 (-0.320334,-0.00655613)
   (-0.32165,-0.0066214)
 (-0.322979,-0.00668776)
 (-0.324321,-0.00675525)
  (-0.325677,-0.0068239)
 (-0.327047,-0.00689373)
 (-0.328431,-0.00696477)
 (-0.329829,-0.00703704)
 (-0.331242,-0.00711059)
 (-0.332669,-0.00718545)
 (-0.334111,-0.00726163)
 (-0.335569,-0.00733919)
 (-0.337042,-0.00741816)
 (-0.338532,-0.00749856)
 (-0.340037,-0.00758045)
 (-0.341559,-0.00766385)
 (-0.343097,-0.00774881)
 (-0.344653,-0.00783536)
 (-0.346226,-0.00792356)
 (-0.347817,-0.00801345)
 (-0.349426,-0.00810507)
 (-0.351053,-0.00819847)
  (-0.352699,-0.0082937)
 (-0.354365,-0.00839081)
 (-0.356049,-0.00848985)
 (-0.357754,-0.00859088)
 (-0.359479,-0.00869395)
 (-0.361225,-0.00879913)
 (-0.362992,-0.00890647)
  (-0.36478,-0.00901605)
  (-0.36659,-0.00912791)
 (-0.368423,-0.00924214)
  (-0.370279,-0.0093588)
 (-0.372159,-0.00947796)
 (-0.374062,-0.00959971)
  (-0.37599,-0.00972412)
 (-0.377943,-0.00985128)
 (-0.379921,-0.00998127)
  (-0.381926,-0.0101142)
  (-0.383957,-0.0102501)
  (-0.386016,-0.0103891)
  (-0.388102,-0.0105314)
   (-0.390217,-0.010677)
   (-0.392362,-0.010826)
  (-0.394536,-0.0109785)
  (-0.396741,-0.0111347)
  (-0.398977,-0.0112947)
  (-0.401246,-0.0114586)
  (-0.403548,-0.0116265)
  (-0.405883,-0.0117987)
  (-0.408253,-0.0119752)
  (-0.410658,-0.0121562)
    (-0.4131,-0.0123418)
  (-0.415579,-0.0125323)
  (-0.418097,-0.0127278)
  (-0.420653,-0.0129285)
   (-0.42325,-0.0131346)
  (-0.425889,-0.0133462)
   (-0.42857,-0.0135637)
  (-0.431294,-0.0137872)
   (-0.434064,-0.014017)
   (-0.43688,-0.0142533)
  (-0.439743,-0.0144964)
  (-0.442655,-0.0147465)
   (-0.445618,-0.015004)
  (-0.448632,-0.0152691)
  (-0.451699,-0.0155422)
  (-0.454821,-0.0158236)
     (-0.458,-0.0161137)
  (-0.461237,-0.0164128)
  (-0.464534,-0.0167214)
  (-0.467894,-0.0170397)
  (-0.471317,-0.0173684)
  (-0.474806,-0.0177079)
  (-0.478363,-0.0180586)
   (-0.48199,-0.0184211)
   (-0.485691,-0.018796)
  (-0.489466,-0.0191837)
   (-0.49332,-0.0195851)
  (-0.497254,-0.0200006)
  (-0.501271,-0.0204311)
  (-0.505374,-0.0208773)
    (-0.509568,-0.02134)
    (-0.513854,-0.02182)
  (-0.518236,-0.0223182)
  (-0.522718,-0.0228357)
  (-0.527303,-0.0233734)
  (-0.531997,-0.0239325)
  (-0.536802,-0.0245142)
  (-0.541724,-0.0251197)
  (-0.546767,-0.0257504)
  (-0.551936,-0.0264077)
  (-0.557237,-0.0270933)
  (-0.562675,-0.0278088)
   (-0.568256,-0.028556)
   (-0.573987,-0.029337)
  (-0.579873,-0.0301538)
  (-0.585922,-0.0310087)
  (-0.592143,-0.0319042)
   (-0.598541,-0.032843)
   (-0.605127,-0.033828)
   (-0.61191,-0.0348624)
  (-0.618898,-0.0359495)
  (-0.626103,-0.0370932)
  (-0.633535,-0.0382976)
   (-0.641207,-0.039567)
   (-0.64913,-0.0409064)
   (-0.65732,-0.0423212)
   (-0.66579,-0.0438171)
  (-0.674556,-0.0454008)
  (-0.683636,-0.0470792)
  (-0.693048,-0.0488603)
  (-0.702811,-0.0507527)
  (-0.712947,-0.0527662)
   (-0.72348,-0.0549113)
  (-0.734434,-0.0572001)
  (-0.745837,-0.0596458)
   (-0.75772,-0.0622632)
  (-0.770114,-0.0650692)
  (-0.783056,-0.0680823)
  (-0.796584,-0.0713238)
  (-0.810741,-0.0748176)
  (-0.825575,-0.0785907)
  (-0.841137,-0.0826739)
  (-0.857485,-0.0871025)
  (-0.874681,-0.0919167)
  (-0.892795,-0.0971628)
   (-0.911906,-0.102894)
     (-0.9321,-0.109173)
   (-0.953474,-0.116071)
   (-0.976136,-0.123671)
    (-1.00021,-0.132074)
    (-1.02582,-0.141396)
    (-1.05314,-0.151774)
    (-1.08232,-0.163373)
    (-1.11357,-0.176391)
     (-1.1471,-0.191066)
    (-1.18317,-0.207689)
    (-1.22206,-0.226613)
    (-1.26409,-0.248276)
    (-1.30962,-0.273221)
    (-1.35904,-0.302127)
    (-1.41282,-0.335854)
    (-1.47143,-0.375494)
    (-1.53539,-0.422454)
     (-1.6052,-0.478557)
    (-1.68132,-0.546188)
    (-1.76401,-0.628492)
     (-1.85318,-0.72963)
    (-1.94792,-0.855127)
     (-2.04592,-1.01226)
     (-2.14214,-1.21041)
      (-2.2268,-1.46111)
     (-2.28197,-1.77687)
       (-2.277,-2.16713)
     (-2.16466,-2.62823)
     (-1.88525,-3.12476)
      (-1.39256,-3.5697)
    (-0.706354,-3.83334)
    (0.0529634,-3.81321)
      (0.71783,-3.51795)
      (1.18062,-3.05946)
      (1.43375,-2.56438)
       (1.52786,-2.1122)
       (1.52186,-1.7327)
      (1.46068,-1.42692)
      (1.37297,-1.18455)
       (1.2753,-0.99307)
     (1.17666,-0.841231)
       (1.0816,-0.71994)
    (0.992204,-0.622182)
    (0.909215,-0.542643)
    (0.832673,-0.477318)
    (0.762268,-0.423181)
    (0.697536,-0.377936)
    (0.637958,-0.339828)
    (0.583021,-0.307503)
    (0.532237,-0.279906)
    (0.485158,-0.256212)
     (0.441382,-0.23577)
    (0.400546,-0.218061)
    (0.362329,-0.202671)
    (0.326442,-0.189269)
    (0.292633,-0.177588)
    (0.260674,-0.167418)
    (0.230365,-0.158593)
    (0.201529,-0.150987)
    (0.174014,-0.144512)
    (0.147694,-0.139112)
    (0.122474,-0.134768)
   (0.0983085,-0.131489)
   (0.0752168,-0.129305)
   (0.0533185,-0.128232)
   (0.0328544,-0.128202)
    (0.014149,-0.128927)
   (-0.0025869,-0.12977)
  (-0.0176242,-0.129838)
  (-0.0319179,-0.128501)
  (-0.0466811,-0.125936)
   (-0.062658,-0.123016)
  (-0.0799039,-0.120691)
  (-0.0980907,-0.119615)
   (-0.116823,-0.120161)
   (-0.135749,-0.122585)
   (-0.154523,-0.127156)
   (-0.172695,-0.134205)
    (-0.189557,-0.14411)
    (-0.20395,-0.157132)
   (-0.214119,-0.173037)
   (-0.217892,-0.190381)
   (-0.213699,-0.205815)
   (-0.202525,-0.214526)
    (-0.189037,-0.21294)
    (-0.179383,-0.20168)
   (-0.177304,-0.184994)
   (-0.182905,-0.167462)
   (-0.194298,-0.151875)
   (-0.209378,-0.139249)
   (-0.226576,-0.129605)
   (-0.244908,-0.122589)
     (-0.26382,-0.11779)
   (-0.283015,-0.114862)
   (-0.302338,-0.113552)
   (-0.321685,-0.113697)
   (-0.340952,-0.115187)
   (-0.359991,-0.117917)
   (-0.378617,-0.121697)
    (-0.39671,-0.126167)
    (-0.414422,-0.13084)
     (-0.4323,-0.135395)
   (-0.451033,-0.140013)
   (-0.470982,-0.145309)
   (-0.492014,-0.151913)
   (-0.513689,-0.160139)
   (-0.535601,-0.169885)
   (-0.557715,-0.180788)
   (-0.580516,-0.192679)
   (-0.604656,-0.206057)
   (-0.630281,-0.222049)
    (-0.656664,-0.24186)
   (-0.682268,-0.266178)
   (-0.705077,-0.294642)
   (-0.723363,-0.325371)
   (-0.737038,-0.355186)
   (-0.748639,-0.381246)
   (-0.762423,-0.403087)
   (-0.782315,-0.423087)
   (-0.810501,-0.445583)
   (-0.846853,-0.475716)
    (-0.889025,-0.51831)
   (-0.933009,-0.577294)
   (-0.973386,-0.655708)
    (-1.00283,-0.755579)
    (-1.01105,-0.876632)
    (-0.984805,-1.01268)
    (-0.912578,-1.14675)
    (-0.795859,-1.25183)
     (-0.65776,-1.30522)
     (-0.53277,-1.30735)
    (-0.443547,-1.28165)
    (-0.390809,-1.25633)
     (-0.360327,-1.2503)
    (-0.332744,-1.26975)
    (-0.290864,-1.30971)
    (-0.224152,-1.35858)
    (-0.128442,-1.40333)
  (-0.00322061,-1.43001)
     (0.146024,-1.42131)
     (0.300453,-1.36142)
     (0.430676,-1.25054)
     (0.514516,-1.10915)
     (0.548881,-0.96414)
    (0.544903,-0.834484)
     (0.517559,-0.72774)
    (0.479189,-0.643323)
    (0.437329,-0.576759)
    (0.394942,-0.523181)
    (0.352255,-0.479594)
     (0.30914,-0.445204)
    (0.266538,-0.420209)
    (0.226467,-0.404415)
     (0.191279,-0.39651)
     (0.162788,-0.39398)
     (0.14152,-0.393513)
    (0.126209,-0.391884)
    (0.114096,-0.387285)
    (0.102463,-0.379935)
    (0.089799,-0.371014)
   (0.0753209,-0.361681)
   (0.0586312,-0.353403)
   (0.0404398,-0.347844)
   (0.0225878,-0.345616)
  (0.00660738,-0.345609)
 (-0.00769473,-0.346089)
  (-0.0219221,-0.346546)
   (-0.037391,-0.348317)
  (-0.0538138,-0.353732)
  (-0.0688637,-0.364796)
  (-0.0784893,-0.381694)
  (-0.0783652,-0.401423)
  (-0.0665993,-0.417664)
  (-0.0463321,-0.423311)
  (-0.0252157,-0.414904)
  (-0.0111412,-0.394918)
 (-0.00810331,-0.369709)
  (-0.0153535,-0.345622)
  (-0.0292883,-0.326354)
  (-0.0459391,-0.312513)
  (-0.0626949,-0.302593)
  (-0.0789172,-0.294538)
  (-0.0953842,-0.287103)
   (-0.113122,-0.280237)
   (-0.132665,-0.274574)
    (-0.153984,-0.27087)
   (-0.176657,-0.269679)
   (-0.200192,-0.271195)
    (-0.22437,-0.275493)
   (-0.249108,-0.282989)
   (-0.273889,-0.294509)
   (-0.297335,-0.310741)
    (-0.317395,-0.33143)
    (-0.332221,-0.35489)
   (-0.341294,-0.378381)
   (-0.345949,-0.399388)
   (-0.348603,-0.416908)
   (-0.351282,-0.431526)
    (-0.354915,-0.44431)
   (-0.359908,-0.455973)
    (-0.366811,-0.46707)
   (-0.376369,-0.478525)
   (-0.389077,-0.492043)
   (-0.404275,-0.509891)
    (-0.41989,-0.533731)
    (-0.433387,-0.56393)
   (-0.442389,-0.600002)
   (-0.444443,-0.640688)
   (-0.437386,-0.683282)
    (-0.42069,-0.723705)
   (-0.396357,-0.757945)
   (-0.368368,-0.783664)
   (-0.341598,-0.800987)
   (-0.320385,-0.813159)
   (-0.306093,-0.825937)
   (-0.295945,-0.844736)
   (-0.284513,-0.872248)
   (-0.265596,-0.907934)
   (-0.233491,-0.948043)
   (-0.184368,-0.985583)
    (-0.118457,-1.01077)
   (-0.0428618,-1.01385)
   (0.0287363,-0.991329)
    (0.083319,-0.950394)
    (0.116781,-0.904274)
    (0.134019,-0.863401)
    (0.142929,-0.831538)
     (0.14961,-0.807619)
    (0.157307,-0.788956)
    (0.167423,-0.772915)
    (0.180376,-0.757046)
    (0.195662,-0.738976)
    (0.211683,-0.716646)
    (0.225648,-0.688935)
    (0.234143,-0.656661)
      (0.2348,-0.622882)
    (0.227758,-0.591509)
    (0.215389,-0.565218)
    (0.200532,-0.544533)
    (0.184988,-0.528661)
     (0.169482,-0.51686)
    (0.154539,-0.508947)
    (0.141151,-0.504871)
    (0.130739,-0.503988)
    (0.124428,-0.504662)
    (0.122283,-0.504774)
    (0.123402,-0.502488)
    (0.126199,-0.496401)
    (0.128286,-0.485936)
    (0.127142,-0.472165)
    (0.121585,-0.457536)
    (0.112302,-0.444311)
    (0.100826,-0.433421)
   (0.0883008,-0.424707)
    (0.0752009,-0.41781)
    (0.061802,-0.412541)
    (0.048399,-0.408612)
   (0.0350203,-0.405512)
   (0.0211739,-0.402786)
   (0.00588575,-0.40053)
  (-0.0117731,-0.399867)
   (-0.031674,-0.402794)
  (-0.0521004,-0.411063)
  (-0.0703298,-0.425073)
  (-0.0836886,-0.443561)
  (-0.0904619,-0.463867)
  (-0.0906346,-0.482609)
  (-0.0861634,-0.496884)
  (-0.0802506,-0.505434)
  (-0.0760842,-0.508935)
  (-0.0758303,-0.509513)
  (-0.0801491,-0.509842)
  (-0.0884064,-0.512279)
  (-0.0991468,-0.518499)
   (-0.110446,-0.529333)
   (-0.120331,-0.544658)
   (-0.127243,-0.563545)
   (-0.130336,-0.584603)
   (-0.129637,-0.606446)
   (-0.125855,-0.628406)
   (-0.119344,-0.650917)
   (-0.109033,-0.674548)
   (-0.0928483,-0.69835)
  (-0.0695255,-0.719237)
  (-0.0404395,-0.733228)
 (-0.00968565,-0.738015)
    (0.018257,-0.734539)
    (0.040923,-0.725779)
    (0.057952,-0.714563)
   (0.0697334,-0.702807)
   (0.0767437,-0.692159)
    (0.080062,-0.684306)
     (0.08161,-0.680226)
   (0.0832781,-0.679652)
   (0.0860718,-0.681745)
   (0.0904558,-0.686046)
   (0.0972274,-0.692377)
    (0.107617,-0.700026)
    (0.122531,-0.707375)
    (0.141892,-0.712463)
    (0.164925,-0.713692)
    (0.190582,-0.709625)
    (0.217054,-0.698852)
    (0.241562,-0.680893)
    (0.261269,-0.656832)
    (0.274234,-0.628999)
    (0.279864,-0.600265)
    (0.278948,-0.573276)
    (0.273265,-0.549803)
    (0.264949,-0.530456)
    (0.255867,-0.514747)
    (0.247071,-0.501434)
     (0.23855,-0.489219)
    (0.229545,-0.477404)
    (0.219148,-0.466131)
    (0.206854,-0.456217)
    (0.192854,-0.448716)
    (0.177981,-0.444449)
    (0.163449,-0.443763)
    (0.150678,-0.446421)
    (0.141034,-0.451359)
     (0.135175,-0.45663)
    (0.132364,-0.460044)
    (0.130522,-0.460288)
    (0.127203,-0.457723)
    (0.120887,-0.454092)
    (0.111469,-0.451371)
   (0.0996789,-0.450928)
    (0.086379,-0.453611)
   (0.0725578,-0.460142)
     (0.05961,-0.470999)
   (0.0492094,-0.486033)
   (0.0429212,-0.504429)
   (0.0420947,-0.524828)
   (0.0477419,-0.545111)
   (0.0597586,-0.562306)
   (0.0760658,-0.573603)
   (0.0931322,-0.578021)
      (0.10781,-0.57692)
    (0.118733,-0.572875)
    (0.126384,-0.568098)
    (0.132081,-0.563356)
    (0.136421,-0.558074)
    (0.138538,-0.551809)
    (0.137102,-0.545619)
     (0.131979,-0.54181)
     (0.124841,-0.54246)
    (0.118417,-0.548205)
     (0.11532,-0.557992)
    (0.117121,-0.569537)
    (0.123925,-0.580162)
    (0.134484,-0.587598)
    (0.146581,-0.590547)
    (0.157657,-0.589156)
    (0.165808,-0.584927)
     (0.170329,-0.57993)
    (0.171581,-0.576094)
    (0.170635,-0.574852)
    (0.168926,-0.577128)
    (0.168323,-0.583409)
     (0.17124,-0.593253)
    (0.179949,-0.604597)
     (0.19522,-0.613904)
     (0.215356,-0.61755)
    (0.236697,-0.613704)
    (0.255468,-0.603079)
    (0.269277,-0.588058)
     (0.27737,-0.571461)
    (0.280343,-0.555818)
    (0.279825,-0.542913)
    (0.278024,-0.533309)
    (0.276852,-0.526169)
    (0.277078,-0.519848)
    (0.278247,-0.512897)
    (0.279284,-0.504649)
    (0.279074,-0.495184)
    (0.276717,-0.485165)
    (0.271793,-0.475758)
    (0.264734,-0.468259)
    (0.256732,-0.463358)
    (0.248979,-0.460777)
    (0.241952,-0.459726)
      (0.235458,-0.4597)
    (0.229269,-0.460756)
    (0.223529,-0.463151)
    (0.218648,-0.466997)
    (0.215171,-0.472204)
     (0.21371,-0.478343)
    (0.214605,-0.484575)
    (0.217662,-0.490047)
    (0.222502,-0.494247)
     (0.228914,-0.49668)
    (0.236454,-0.496444)
     (0.24375,-0.492642)
    (0.248576,-0.485475)
      (0.24909,-0.47685)
     (0.245144,-0.46961)
    (0.238462,-0.466027)
    (0.231709,-0.466724)
    (0.227145,-0.470569)
    (0.225625,-0.475516)
     (0.226576,-0.47987)
    (0.228921,-0.482983)
    (0.231961,-0.484884)
    (0.235394,-0.485554)
     (0.238802,-0.48477)
    (0.241455,-0.482481)
    (0.242547,-0.479074)
    (0.241467,-0.475379)
    (0.238096,-0.472573)
     (0.23304,-0.471776)
    (0.227422,-0.473511)
     (0.222243,-0.47754)
     (0.217883,-0.48333)
    (0.214252,-0.490766)
     (0.211558,-0.50035)
    (0.210897,-0.512539)
    (0.213915,-0.526831)
    (0.221849,-0.541561)
    (0.234839,-0.554454)
     (0.251767,-0.56333)
     (0.27036,-0.566799)
     (0.28772,-0.565051)
     (0.301664,-0.56019)
    (0.312089,-0.555188)
    (0.320951,-0.552007)
    (0.330737,-0.550488)
    (0.342776,-0.548898)
    (0.356769,-0.545429)
    (0.371645,-0.539178)
    (0.386452,-0.529913)
    (0.400381,-0.517516)
    (0.412465,-0.501989)
    (0.421566,-0.483695)
    (0.426545,-0.463558)
    (0.426644,-0.443227)
    (0.422157,-0.424792)
    (0.414608,-0.409827)
     (0.406011,-0.39865)
    (0.397884,-0.390472)
    (0.390828,-0.384118)
    (0.384706,-0.378663)
     (0.37909,-0.373694)
     (0.37366,-0.369222)
    (0.368375,-0.365419)
    (0.363467,-0.362377)
    (0.359269,-0.359877)
    (0.355856,-0.357433)
     (0.352931,-0.35465)
      (0.3501,-0.351462)
    (0.347133,-0.347985)
    (0.343935,-0.344311)
    (0.340436,-0.340486)
    (0.336572,-0.336535)
    (0.332261,-0.332409)
     (0.32724,-0.328035)
     (0.32107,-0.323576)
    (0.313433,-0.319525)
    (0.304299,-0.316484)
    (0.293855,-0.315016)
     (0.28245,-0.315608)
     (0.27053,-0.318634)
    (0.258568,-0.324464)
    (0.247279,-0.333586)
    (0.237971,-0.346307)
    (0.232379,-0.362071)
      (0.2318,-0.379174)
    (0.236293,-0.395442)
    (0.244858,-0.409258)
     (0.256289,-0.41981)
      (0.269474,-0.4266)
    (0.283117,-0.429363)
     (0.295789,-0.42839)
    (0.306347,-0.424622)
    (0.314297,-0.419369)
    (0.319867,-0.413861)
    (0.323813,-0.408869)
    (0.327043,-0.404445)
    (0.329977,-0.399957)
    (0.332058,-0.394843)
    (0.332311,-0.389602)
    (0.330645,-0.385712)
    (0.328425,-0.384338)
    (0.327633,-0.385135)
    (0.329346,-0.386254)
    (0.332809,-0.385624)
    (0.335943,-0.382532)
    (0.336959,-0.378085)
    (0.335537,-0.374167)
    (0.332629,-0.372137)
    (0.329583,-0.372361)
    (0.327493,-0.374422)
    (0.326902,-0.377547)
    (0.327852,-0.381042)
    (0.330219,-0.384518)
      (0.334029,-0.3877)
    (0.339367,-0.390064)
    (0.345925,-0.390837)
    (0.352814,-0.389517)
    (0.359026,-0.386282)
    (0.363948,-0.381745)
    (0.367322,-0.376548)
    (0.369077,-0.371346)
    (0.369417,-0.366818)
    (0.368827,-0.363476)
    (0.367928,-0.361609)
    (0.367474,-0.361286)
    (0.368318,-0.362203)
     (0.371151,-0.36354)
    (0.376135,-0.364082)
     (0.38267,-0.362628)
    (0.389544,-0.358498)
      (0.39537,-0.35177)
    (0.399017,-0.343204)
    (0.399895,-0.334024)
    (0.398147,-0.325565)
    (0.394615,-0.318797)
    (0.390415,-0.313938)
    (0.386305,-0.310526)
    (0.382362,-0.308019)
    (0.378353,-0.306349)
     (0.37432,-0.305842)
     (0.370748,-0.30674)
    (0.368285,-0.308882)
     (0.36741,-0.311753)
     (0.368331,-0.31469)
       (0.371,-0.316959)
    (0.374996,-0.317831)
    (0.379533,-0.316916)
    (0.383871,-0.314327)
    (0.387594,-0.310309)
      (0.3903,-0.304998)
    (0.391419,-0.298734)
    (0.390581,-0.292267)
    (0.387915,-0.286419)
     (0.383862,-0.28173)
    (0.378874,-0.278469)
    (0.373357,-0.276832)
    (0.367808,-0.276973)
    (0.362843,-0.278837)
    (0.358998,-0.282048)
    (0.356467,-0.286048)
    (0.355084,-0.290468)
    (0.354707,-0.295364)
    (0.355674,-0.300938)
    (0.358771,-0.306892)
    (0.364506,-0.312082)
      (0.372377,-0.3151)
    (0.381069,-0.315214)
      (0.389271,-0.3126)
     (0.39615,-0.307912)
    (0.401313,-0.301863)
    (0.404597,-0.295078)
    (0.405937,-0.288145)
    (0.405386,-0.281712)
    (0.403275,-0.276495)
    (0.400362,-0.273009)
    (0.397599,-0.271191)
     (0.39556,-0.270409)
    (0.394151,-0.270036)
     (0.39301,-0.269983)
      (0.39213,-0.27056)
    (0.392001,-0.271894)
    (0.393195,-0.273536)
    (0.395783,-0.274577)
    (0.399077,-0.274245)
     (0.40199,-0.272491)
    (0.403702,-0.270064)
    (0.404182,-0.268074)
    (0.404194,-0.267275)
    (0.404704,-0.267634)
    (0.406277,-0.268564)
    (0.408945,-0.269434)
    (0.412458,-0.269883)
    (0.416594,-0.269821)
    (0.421312,-0.269215)
    (0.426631,-0.267888)
    (0.432434,-0.265544)
     (0.438416,-0.26194)
    (0.444168,-0.256971)
    (0.449227,-0.250698)
    (0.453157,-0.243394)
    (0.455687,-0.235524)
    (0.456787,-0.227613)
    (0.456667,-0.220129)
    (0.455734,-0.213351)
    (0.454429,-0.207256)
    (0.452999,-0.201582)
      (0.4514,-0.196053)
    (0.449409,-0.190589)
    (0.446828,-0.185343)
     (0.44364,-0.180598)
    (0.440016,-0.176573)
      (0.43616,-0.17336)
    (0.432261,-0.171042)
    (0.428619,-0.169685)
    (0.425643,-0.169159)
    (0.423635,-0.169053)
     (0.422567,-0.16882)
     (0.422073,-0.16808)
    (0.421668,-0.166807)
    (0.421057,-0.165289)
     (0.42026,-0.163864)
    (0.419514,-0.162695)
    (0.419065,-0.161698)
    (0.418977,-0.160631)
    (0.419077,-0.159343)
       (0.4192,-0.15795)
    (0.419467,-0.156646)
     (0.420187,-0.15534)
    (0.421471,-0.153625)
    (0.423034,-0.151099)
     (0.424384,-0.14769)
    (0.425157,-0.143638)
    (0.425224,-0.139241)
    (0.424554,-0.134743)
     (0.423168,-0.13039)
    (0.421214,-0.126433)
    (0.418981,-0.122977)
    (0.416725,-0.119883)
    (0.414451,-0.116887)
    (0.411913,-0.113884)
    (0.408868,-0.111073)
    (0.405322,-0.108818)
    (0.401547,-0.107397)
    (0.397921,-0.106864)
    (0.394759,-0.107074)
     (0.39225,-0.107788)
    (0.390458,-0.108742)
    (0.389336,-0.109696)
    (0.388741,-0.110493)
    (0.388524,-0.111112)
    (0.388637,-0.111601)
    (0.389127,-0.111969)
     (0.390056,-0.11213)
    (0.391433,-0.111925)
    (0.393158,-0.111168)
    (0.395015,-0.109728)
    (0.396718,-0.107622)
    (0.398053,-0.105043)
    (0.398994,-0.102254)
    (0.39969,-0.0994127)
   (0.400317,-0.0964833)
   (0.400909,-0.0932912)
   (0.401305,-0.0897035)
   (0.401268,-0.0857711)
   (0.400659,-0.0817005)
   (0.399496,-0.0777292)
   (0.397918,-0.0740255)
    (0.396113,-0.070635)
   (0.394222,-0.0674843)
   (0.392278,-0.0644558)
    (0.39022,-0.0614816)
    (0.387974,-0.058576)
   (0.385497,-0.0558051)
    (0.382796,-0.053255)
   (0.379922,-0.0510105)
   (0.376977,-0.0491229)
   (0.374078,-0.0475807)
   (0.371309,-0.0463176)
     (0.3687,-0.0452552)
   (0.366249,-0.0443343)
   (0.363947,-0.0435174)
   (0.361784,-0.0427793)
   (0.359759,-0.0420955)
   (0.357861,-0.0414396)
   (0.356078,-0.0407938)
   (0.354404,-0.0401368)
   (0.352811,-0.0394332)
   (0.351237,-0.0386773)
    (0.349632,-0.037932)
   (0.348032,-0.0372831)
    (0.346543,-0.036753)
   (0.345265,-0.0362633)
   (0.344213,-0.0356725)
     (0.3433,-0.0348622)
   (0.342393,-0.0337964)
   (0.341375,-0.0325079)
   (0.340162,-0.0310671)
   (0.338703,-0.0295763)
   (0.337007,-0.0281496)
    (0.335137,-0.026871)
   (0.333177,-0.0257729)
   (0.331193,-0.0248468)
   (0.329229,-0.0240663)
   (0.327308,-0.0234031)
   (0.325442,-0.0228316)
   (0.323632,-0.0223302)
   (0.321876,-0.0218838)
   (0.320168,-0.0214839)
   (0.318507,-0.0211249)
    (0.31689,-0.0208018)
   (0.315313,-0.0205106)
   (0.313772,-0.0202512)
   (0.312261,-0.0200298)
   (0.310784,-0.0198577)
   (0.309355,-0.0197483)
   (0.308002,-0.0197078)
   (0.306761,-0.0197235)
    (0.305665,-0.019758)
   (0.304722,-0.0197564)
   (0.303914,-0.0196622)
   (0.303197,-0.0194326)
   (0.302512,-0.0190474)
   (0.301796,-0.0185145)
   (0.300997,-0.0178732)
   (0.300098,-0.0171795)
   (0.299115,-0.0164768)
    (0.29807,-0.0157798)
   (0.296973,-0.0150867)
   (0.295817,-0.0144044)
   (0.294601,-0.0137558)
   (0.293345,-0.0131632)
     (0.292079,-0.01263)
   (0.290823,-0.0121394)
   (0.289581,-0.0116705)
   (0.288341,-0.0112121)
   (0.287089,-0.0107656)
   (0.285819,-0.0103415)
  (0.284534,-0.00995251)
  (0.283242,-0.00960861)
  (0.281957,-0.00931264)
  (0.280693,-0.00906042)
  (0.279456,-0.00884407)
  (0.278251,-0.00865555)
  (0.277081,-0.00848705)
  (0.275947,-0.00832928)
  (0.274844,-0.00817238)
  (0.273766,-0.00800972)
  (0.272702,-0.00784078)
  (0.271646,-0.00766959)
  (0.270597,-0.00750063)
  (0.269556,-0.00733671)
  (0.268522,-0.00717922)
  (0.267498,-0.00702856)
  (0.266484,-0.00688419)
  (0.265478,-0.00674578)
   (0.26448,-0.00661492)
  (0.263491,-0.00649471)
  (0.262515,-0.00638726)
  (0.261558,-0.00629106)
   (0.260625,-0.0061997)
  (0.259715,-0.00610384)
  (0.258822,-0.00599586)
   (0.257937,-0.0058736)
   (0.25705,-0.00574091)
  (0.256157,-0.00560529)
  (0.255259,-0.00547433)
  (0.254359,-0.00535284)
  (0.253463,-0.00524204)
  (0.252575,-0.00514025)
  (0.251695,-0.00504468)
  (0.250823,-0.00495348)
  (0.249958,-0.00486657)
  (0.249098,-0.00478467)
  (0.248245,-0.00470823)
  (0.247398,-0.00463747)
  (0.246558,-0.00457272)
  (0.245725,-0.00451439)
  (0.244901,-0.00446263)
  (0.244085,-0.00441712)
   (0.24328,-0.00437728)
  (0.242484,-0.00434275)
  (0.241699,-0.00431374)
   (0.240925,-0.0042904)
  (0.240166,-0.00427167)
  (0.239424,-0.00425439)
  (0.238698,-0.00423374)
  (0.237985,-0.00420504)
  (0.237279,-0.00416644)
  (0.236575,-0.00412042)
  (0.235871,-0.00407194)
  (0.235167,-0.00402519)
  (0.234466,-0.00398206)
  (0.233772,-0.00394246)
  (0.233085,-0.00390504)
  (0.232407,-0.00386789)
  (0.231737,-0.00382915)
  (0.231074,-0.00378735)
  (0.230417,-0.00374175)
  (0.229762,-0.00369232)
    (0.22911,-0.0036396)
  (0.228457,-0.00358493)
  (0.227804,-0.00353053)
   (0.22715,-0.00347879)
  (0.226497,-0.00343124)
  (0.225848,-0.00338827)
  (0.225203,-0.00334938)
  (0.224564,-0.00331366)
  (0.223931,-0.00328006)
  (0.223303,-0.00324763)
  (0.222681,-0.00321584)
  (0.222063,-0.00318451)
   (0.22145,-0.00315374)
   (0.22084,-0.00312373)
  (0.220235,-0.00309474)
   (0.219633,-0.0030669)
  (0.219036,-0.00304029)
  (0.218443,-0.00301491)
   (0.217854,-0.0029907)
   (0.21727,-0.00296755)
   (0.21669,-0.00294524)
  (0.216115,-0.00292356)
  (0.215545,-0.00290228)
  (0.214979,-0.00288118)
  (0.214418,-0.00285997)
  (0.213861,-0.00283833)
  (0.213307,-0.00281618)
  (0.212756,-0.00279379)
  (0.212208,-0.00277156)
  (0.211664,-0.00274981)
  (0.211122,-0.00272868)
  (0.210584,-0.00270818)
  (0.210049,-0.00268832)
  (0.209517,-0.00266909)
  (0.208988,-0.00265045)
  (0.208464,-0.00263233)
  (0.207942,-0.00261464)
  (0.207424,-0.00259729)
    (0.20691,-0.0025802)
  (0.206398,-0.00256333)
   (0.20589,-0.00254666)
  (0.205385,-0.00253019)
  (0.204883,-0.00251395)
  (0.204384,-0.00249795)
  (0.203888,-0.00248222)
  (0.203395,-0.00246677)
  (0.202905,-0.00245159)
  (0.202417,-0.00243664)
  (0.201933,-0.00242188)
  (0.201452,-0.00240726)
  (0.200973,-0.00239279)
  (0.200498,-0.00237847)
  (0.200025,-0.00236435)
  (0.199554,-0.00235044)
  (0.199086,-0.00233677)
  (0.198621,-0.00232334)
  (0.198159,-0.00231013)
  (0.197699,-0.00229715)
  (0.197242,-0.00228438)
  (0.196787,-0.00227181)
  (0.196336,-0.00225944)
  (0.195886,-0.00224726)
  (0.195439,-0.00223524)
  (0.194995,-0.00222332)
  (0.194554,-0.00221144)
  (0.194115,-0.00219953)
  (0.193678,-0.00218753)
  (0.193244,-0.00217543)
   (0.192812,-0.0021633)
  (0.192382,-0.00215122)
  (0.191954,-0.00213926)
  (0.191528,-0.00212748)
   (0.191105,-0.0021159)
  (0.190683,-0.00210452)
  (0.190264,-0.00209331)
  (0.189847,-0.00208225)
  (0.189432,-0.00207134)
   (0.18902,-0.00206056)
   (0.188609,-0.0020499)
  (0.188201,-0.00203938)
  (0.187794,-0.00202899)
   (0.18739,-0.00201872)
  (0.186988,-0.00200857)
  (0.186587,-0.00199855)
  (0.186189,-0.00198866)
  (0.185793,-0.00197886)
  (0.185399,-0.00196916)
  (0.185007,-0.00195951)
  (0.184617,-0.00194989)
  (0.184229,-0.00194026)
  (0.183843,-0.00193064)
  (0.183458,-0.00192104)
  (0.183076,-0.00191148)
  (0.182695,-0.00190201)
  (0.182316,-0.00189264)
  (0.181939,-0.00188336)
  (0.181563,-0.00187419)
  (0.181189,-0.00186513)
  (0.180818,-0.00185616)
  (0.180447,-0.00184729)
   (0.180079,-0.0018385)
   (0.179712,-0.0018298)
  (0.179347,-0.00182118)
  (0.178984,-0.00181263)
  (0.178623,-0.00180416)
  (0.178263,-0.00179577)
  (0.177905,-0.00178745)