(-0.121169,-0.000764679)
(-0.121322,-0.000766689)
(-0.121476,-0.000768707)
 (-0.12163,-0.000770733)
(-0.121784,-0.000772768)
(-0.121939,-0.000774811)
(-0.122094,-0.000776862)
 (-0.12225,-0.000778922)
(-0.122406,-0.000780991)
(-0.122562,-0.000783068)
(-0.122719,-0.000785153)
(-0.122876,-0.000787247)
 (-0.123034,-0.00078935)
(-0.123192,-0.000791462)
 (-0.12335,-0.000793582)
(-0.123509,-0.000795712)
 (-0.123668,-0.00079785)
(-0.123828,-0.000799997)
(-0.123988,-0.000802153)
(-0.124149,-0.000804318)
 (-0.12431,-0.000806492)
(-0.124472,-0.000808676)
(-0.124634,-0.000810868)
 (-0.124796,-0.00081307)
(-0.124959,-0.000815282)
(-0.125122,-0.000817502)
(-0.125286,-0.000819732)
 (-0.12545,-0.000821972)
(-0.125614,-0.000824221)
 (-0.12578,-0.000826479)
(-0.125945,-0.000828747)
(-0.126111,-0.000831025)
(-0.126277,-0.000833313)
(-0.126444,-0.000835611)
(-0.126612,-0.000837918)
(-0.126779,-0.000840235)
(-0.126948,-0.000842563)
  (-0.127116,-0.0008449)
(-0.127286,-0.000847247)
(-0.127455,-0.000849605)
(-0.127625,-0.000851973)
(-0.127796,-0.000854351)
 (-0.127967,-0.00085674)
(-0.128139,-0.000859139)
(-0.128311,-0.000861548)
(-0.128483,-0.000863968)
(-0.128656,-0.000866399)
  (-0.12883,-0.00086884)
(-0.129004,-0.000871292)
(-0.129178,-0.000873755)
(-0.129353,-0.000876229)
(-0.129529,-0.000878713)
(-0.129705,-0.000881209)
(-0.129881,-0.000883716)
(-0.130058,-0.000886233)
(-0.130236,-0.000888763)
(-0.130414,-0.000891303)
(-0.130592,-0.000893854)
(-0.130771,-0.000896418)
(-0.130951,-0.000898992)
(-0.131131,-0.000901578)
(-0.131311,-0.000904176)
(-0.131492,-0.000906785)
(-0.131674,-0.000909407)
 (-0.131856,-0.00091204)
(-0.132039,-0.000914685)
(-0.132222,-0.000917342)
(-0.132406,-0.000920011)
 (-0.13259,-0.000922692)
(-0.132775,-0.000925385)
 (-0.13296,-0.000928091)
(-0.133146,-0.000930809)
 (-0.133332,-0.00093354)
(-0.133519,-0.000936283)
(-0.133707,-0.000939038)
(-0.133895,-0.000941807)
(-0.134083,-0.000944588)
(-0.134273,-0.000947382)
(-0.134462,-0.000950189)
(-0.134653,-0.000953009)
(-0.134843,-0.000955842)
(-0.135035,-0.000958688)
(-0.135227,-0.000961548)
 (-0.135419,-0.00096442)
(-0.135613,-0.000967307)
(-0.135806,-0.000970207)
 (-0.136001,-0.00097312)
(-0.136196,-0.000976047)
(-0.136391,-0.000978988)
(-0.136587,-0.000981943)
(-0.136784,-0.000984912)
(-0.136981,-0.000987895)
(-0.137179,-0.000990892)
(-0.137377,-0.000993903)
(-0.137576,-0.000996929)
(-0.137776,-0.000999969)
 (-0.137976,-0.00100302)
 (-0.138177,-0.00100609)
 (-0.138379,-0.00100918)
 (-0.138581,-0.00101228)
 (-0.138784,-0.00101539)
 (-0.138987,-0.00101852)
 (-0.139191,-0.00102166)
 (-0.139396,-0.00102482)
   (-0.139601,-0.001028)
 (-0.139807,-0.00103119)
 (-0.140013,-0.00103439)
  (-0.14022,-0.00103761)
 (-0.140428,-0.00104085)
  (-0.140637,-0.0010441)
 (-0.140846,-0.00104737)
 (-0.141056,-0.00105066)
 (-0.141266,-0.00105396)
 (-0.141477,-0.00105727)
 (-0.141689,-0.00106061)
 (-0.141901,-0.00106396)
 (-0.142114,-0.00106732)
 (-0.142328,-0.00107071)
 (-0.142543,-0.00107411)
 (-0.142758,-0.00107753)
 (-0.142974,-0.00108096)
  (-0.14319,-0.00108441)
 (-0.143407,-0.00108788)
 (-0.143625,-0.00109137)
 (-0.143844,-0.00109487)
 (-0.144063,-0.00109839)
 (-0.144283,-0.00110193)
 (-0.144504,-0.00110549)
 (-0.144725,-0.00110907)
 (-0.144947,-0.00111266)
  (-0.14517,-0.00111627)
  (-0.145394,-0.0011199)
 (-0.145618,-0.00112355)
 (-0.145843,-0.00112722)
 (-0.146069,-0.00113091)
 (-0.146295,-0.00113461)
 (-0.146523,-0.00113834)
 (-0.146751,-0.00114208)
  (-0.14698,-0.00114584)
 (-0.147209,-0.00114963)
 (-0.147439,-0.00115343)
  (-0.14767,-0.00115725)
 (-0.147902,-0.00116109)
 (-0.148135,-0.00116496)
 (-0.148368,-0.00116884)
 (-0.148602,-0.00117274)
 (-0.148837,-0.00117667)
 (-0.149073,-0.00118061)
 (-0.149309,-0.00118458)
 (-0.149547,-0.00118856)
 (-0.149785,-0.00119257)
  (-0.150023,-0.0011966)
 (-0.150263,-0.00120065)
 (-0.150504,-0.00120472)
 (-0.150745,-0.00120882)
 (-0.150987,-0.00121293)
  (-0.15123,-0.00121707)
 (-0.151474,-0.00122123)
 (-0.151719,-0.00122541)
 (-0.151964,-0.00122962)
  (-0.15221,-0.00123385)
  (-0.152457,-0.0012381)
 (-0.152705,-0.00124237)
 (-0.152954,-0.00124667)
 (-0.153204,-0.00125099)
 (-0.153455,-0.00125533)
  (-0.153706,-0.0012597)
  (-0.153958,-0.0012641)
 (-0.154212,-0.00126851)
 (-0.154466,-0.00127295)
 (-0.154721,-0.00127742)
 (-0.154977,-0.00128191)
 (-0.155233,-0.00128643)
 (-0.155491,-0.00129097)
  (-0.15575,-0.00129553)
 (-0.156009,-0.00130012)
  (-0.15627,-0.00130474)
 (-0.156531,-0.00130939)
 (-0.156793,-0.00131405)
 (-0.157057,-0.00131875)
 (-0.157321,-0.00132347)
 (-0.157586,-0.00132822)
   (-0.157852,-0.001333)
  (-0.158119,-0.0013378)
 (-0.158387,-0.00134263)
 (-0.158656,-0.00134749)
 (-0.158926,-0.00135238)
 (-0.159197,-0.00135729)
 (-0.159469,-0.00136224)
 (-0.159742,-0.00136721)
 (-0.160016,-0.00137221)
  (-0.16029,-0.00137724)
  (-0.160566,-0.0013823)
 (-0.160843,-0.00138738)
  (-0.161121,-0.0013925)
   (-0.1614,-0.00139765)
  (-0.16168,-0.00140283)
 (-0.161961,-0.00140804)
 (-0.162243,-0.00141327)
 (-0.162526,-0.00141854)
 (-0.162811,-0.00142385)
 (-0.163096,-0.00142918)
 (-0.163382,-0.00143454)
  (-0.16367,-0.00143994)
 (-0.163958,-0.00144537)
 (-0.164248,-0.00145083)
 (-0.164538,-0.00145632)
  (-0.16483,-0.00146185)
 (-0.165123,-0.00146741)
 (-0.165417,-0.00147301)
 (-0.165712,-0.00147863)
  (-0.166008,-0.0014843)
 (-0.166306,-0.00148999)
 (-0.166604,-0.00149572)
 (-0.166904,-0.00150149)
 (-0.167205,-0.00150729)
 (-0.167507,-0.00151313)
    (-0.16781,-0.001519)
 (-0.168114,-0.00152491)
  (-0.16842,-0.00153086)
 (-0.168726,-0.00153685)
 (-0.169034,-0.00154287)
 (-0.169343,-0.00154892)
 (-0.169654,-0.00155502)
 (-0.169965,-0.00156116)
 (-0.170278,-0.00156733)
 (-0.170592,-0.00157354)
 (-0.170907,-0.00157979)
 (-0.171224,-0.00158608)
 (-0.171542,-0.00159242)
 (-0.171861,-0.00159879)
  (-0.172181,-0.0016052)
 (-0.172503,-0.00161165)
 (-0.172825,-0.00161815)
  (-0.17315,-0.00162468)
 (-0.173475,-0.00163126)
 (-0.173802,-0.00163788)
  (-0.17413,-0.00164455)
  (-0.17446,-0.00165126)
 (-0.174791,-0.00165801)
  (-0.175123,-0.0016648)
 (-0.175456,-0.00167164)
 (-0.175791,-0.00167853)
 (-0.176128,-0.00168546)
 (-0.176465,-0.00169243)
 (-0.176804,-0.00169946)
 (-0.177145,-0.00170653)
 (-0.177487,-0.00171364)
   (-0.17783,-0.0017208)
 (-0.178175,-0.00172802)
 (-0.178521,-0.00173528)
 (-0.178869,-0.00174258)
 (-0.179218,-0.00174994)
 (-0.179569,-0.00175735)
 (-0.179921,-0.00176481)
 (-0.180275,-0.00177232)
  (-0.18063,-0.00177988)
 (-0.180986,-0.00178749)
 (-0.181345,-0.00179515)
 (-0.181704,-0.00180287)
 (-0.182066,-0.00181064)
 (-0.182428,-0.00181846)
 (-0.182793,-0.00182634)
 (-0.183159,-0.00183427)
 (-0.183526,-0.00184226)
  (-0.183895,-0.0018503)
  (-0.184266,-0.0018584)
 (-0.184639,-0.00186656)
 (-0.185013,-0.00187478)
 (-0.185388,-0.00188305)
 (-0.185766,-0.00189138)
 (-0.186145,-0.00189977)
 (-0.186525,-0.00190822)
 (-0.186908,-0.00191673)
 (-0.187292,-0.00192531)
 (-0.187678,-0.00193394)
 (-0.188065,-0.00194264)
 (-0.188455,-0.00195139)
 (-0.188846,-0.00196022)
  (-0.189238,-0.0019691)
 (-0.189633,-0.00197806)
 (-0.190029,-0.00198707)
 (-0.190428,-0.00199616)
 (-0.190828,-0.00200531)
  (-0.19123,-0.00201453)
 (-0.191633,-0.00202381)
 (-0.192039,-0.00203317)
 (-0.192446,-0.00204259)
 (-0.192856,-0.00205209)
 (-0.193267,-0.00206166)
  (-0.19368,-0.00207129)
 (-0.194095,-0.00208101)
 (-0.194512,-0.00209079)
 (-0.194931,-0.00210065)
 (-0.195352,-0.00211059)
  (-0.195775,-0.0021206)
   (-0.1962,-0.00213068)
 (-0.196627,-0.00214085)
 (-0.197056,-0.00215109)
 (-0.197487,-0.00216141)
 (-0.197921,-0.00217182)
  (-0.198356,-0.0021823)
 (-0.198793,-0.00219287)
 (-0.199233,-0.00220351)
 (-0.199674,-0.00221425)
 (-0.200118,-0.00222506)
 (-0.200564,-0.00223596)
 (-0.201012,-0.00224695)
 (-0.201463,-0.00225803)
 (-0.201915,-0.00226919)
  (-0.20237,-0.00228045)
 (-0.202827,-0.00229179)
 (-0.203286,-0.00230323)
 (-0.203748,-0.00231476)
 (-0.204212,-0.00232638)
  (-0.204678,-0.0023381)
 (-0.205147,-0.00234991)
 (-0.205618,-0.00236182)
 (-0.206091,-0.00237383)
 (-0.206567,-0.00238594)
 (-0.207045,-0.00239814)
 (-0.207526,-0.00241045)
 (-0.208009,-0.00242286)
 (-0.208495,-0.00243538)
   (-0.208983,-0.002448)
 (-0.209474,-0.00246073)
 (-0.209967,-0.00247356)
  (-0.210463,-0.0024865)
 (-0.210961,-0.00249956)
 (-0.211462,-0.00251272)
   (-0.211966,-0.002526)
 (-0.212472,-0.00253939)
  (-0.212981,-0.0025529)
 (-0.213493,-0.00256653)
 (-0.214008,-0.00258027)
 (-0.214525,-0.00259414)
 (-0.215045,-0.00260812)
 (-0.215568,-0.00262223)
 (-0.216093,-0.00263646)
 (-0.216622,-0.00265082)
 (-0.217153,-0.00266531)
 (-0.217688,-0.00267992)
 (-0.218225,-0.00269467)
 (-0.218765,-0.00270955)
 (-0.219308,-0.00272456)
 (-0.219854,-0.00273971)
   (-0.220404,-0.002755)
 (-0.220956,-0.00277043)
   (-0.221511,-0.002786)
  (-0.22207,-0.00280171)
 (-0.222631,-0.00281756)
 (-0.223196,-0.00283357)
 (-0.223764,-0.00284972)
 (-0.224336,-0.00286602)
  (-0.22491,-0.00288248)
 (-0.225488,-0.00289909)
 (-0.226069,-0.00291586)
 (-0.226654,-0.00293278)
 (-0.227242,-0.00294987)
 (-0.227833,-0.00296712)
 (-0.228428,-0.00298454)
 (-0.229027,-0.00300212)
 (-0.229629,-0.00301988)
 (-0.230234,-0.00303781)
 (-0.230843,-0.00305591)
 (-0.231456,-0.00307419)
 (-0.232072,-0.00309265)
 (-0.232692,-0.00311129)
 (-0.233316,-0.00313011)
 (-0.233944,-0.00314913)
 (-0.234575,-0.00316833)
 (-0.235211,-0.00318773)
  (-0.23585,-0.00320732)
 (-0.236493,-0.00322711)
   (-0.23714,-0.0032471)
 (-0.237791,-0.00326729)
  (-0.238446,-0.0032877)
 (-0.239105,-0.00330831)
 (-0.239769,-0.00332913)
 (-0.240436,-0.00335017)
 (-0.241108,-0.00337144)
 (-0.241784,-0.00339292)
 (-0.242465,-0.00341463)
 (-0.243149,-0.00343657)
 (-0.243838,-0.00345874)
 (-0.244532,-0.00348115)
   (-0.24523,-0.0035038)
 (-0.245933,-0.00352669)
  (-0.24664,-0.00354983)
 (-0.247352,-0.00357322)
 (-0.248068,-0.00359687)
  (-0.24879,-0.00362077)
 (-0.249516,-0.00364494)
 (-0.250247,-0.00366937)
 (-0.250983,-0.00369408)
 (-0.251724,-0.00371906)
 (-0.252469,-0.00374432)
  (-0.25322,-0.00376987)
 (-0.253976,-0.00379571)
 (-0.254738,-0.00382184)
 (-0.255504,-0.00384827)
   (-0.256276,-0.003875)
 (-0.257053,-0.00390204)
 (-0.257836,-0.00392939)
 (-0.258624,-0.00395706)
 (-0.259418,-0.00398506)
 (-0.260217,-0.00401339)
 (-0.261022,-0.00404205)
 (-0.261833,-0.00407105)
  (-0.262649,-0.0041004)
  (-0.263472,-0.0041301)
   (-0.2643,-0.00416015)
 (-0.265134,-0.00419058)
 (-0.265975,-0.00422137)
 (-0.266822,-0.00425254)
  (-0.267675,-0.0042841)
 (-0.268534,-0.00431604)
   (-0.2694,-0.00434838)
 (-0.270272,-0.00438113)
 (-0.271151,-0.00441429)
 (-0.272036,-0.00444787)
 (-0.272929,-0.00448187)
 (-0.273828,-0.00451631)
 (-0.274734,-0.00455119)
 (-0.275647,-0.00458652)
 (-0.276567,-0.00462231)
 (-0.277494,-0.00465857)
 (-0.278429,-0.00469531)
 (-0.279371,-0.00473252)
  (-0.28032,-0.00477024)
 (-0.281277,-0.00480845)
 (-0.282242,-0.00484718)
 (-0.283214,-0.00488644)
 (-0.284195,-0.00492622)
 (-0.285183,-0.00496655)
 (-0.286179,-0.00500744)
 (-0.287184,-0.00504888)
 (-0.288197,-0.00509091)
 (-0.289219,-0.00513352)
 (-0.290249,-0.00517673)
 (-0.291287,-0.00522055)
   (-0.292335,-0.005265)
 (-0.293391,-0.00531008)
 (-0.294457,-0.00535582)
 (-0.295531,-0.00540221)
 (-0.296615,-0.00544928)
 (-0.297709,-0.00549705)
 (-0.298812,-0.00554551)
  (-0.299925,-0.0055947)
 (-0.301047,-0.00564462)
   (-0.30218,-0.0056953)
 (-0.303323,-0.00574674)
 (-0.304476,-0.00579896)
  (-0.30564,-0.00585199)
 (-0.306814,-0.00590584)
    (-0.308,-0.00596052)
 (-0.309196,-0.00601605)
 (-0.310403,-0.00607247)
 (-0.311622,-0.00612977)
 (-0.312852,-0.00618799)
 (-0.314094,-0.00624715)
 (-0.315348,-0.00630726)
 (-0.316614,-0.00636835)
 (-0.317892,-0.00643044)
 (-0.319182,-0.00649356)
 (-0.320486,-0.00655773)
 (-0.321802,-0.00662297)
 (-0.323131,-0.00668931)
 (-0.324474,-0.00675678)
   (-0.32583,-0.0068254)
   (-0.3272,-0.00689521)
 (-0.328584,-0.00696623)
 (-0.329983,-0.00703848)
 (-0.331396,-0.00711202)
 (-0.332823,-0.00718685)
 (-0.334266,-0.00726303)
 (-0.335724,-0.00734057)
 (-0.337198,-0.00741953)
 (-0.338687,-0.00749993)
 (-0.340193,-0.00758181)
 (-0.341715,-0.00766521)
 (-0.343254,-0.00775017)
  (-0.34481,-0.00783674)
 (-0.346383,-0.00792495)
 (-0.347974,-0.00801485)
  (-0.349583,-0.0081065)
 (-0.351211,-0.00819992)
 (-0.352857,-0.00829519)
 (-0.354523,-0.00839234)
 (-0.356208,-0.00849143)
 (-0.357913,-0.00859252)
 (-0.359638,-0.00869566)
 (-0.361384,-0.00880091)
 (-0.363151,-0.00890834)
  (-0.36494,-0.00901801)
 (-0.366751,-0.00912999)
 (-0.368584,-0.00924434)
 (-0.370441,-0.00936114)
 (-0.372321,-0.00948046)
 (-0.374224,-0.00960238)
 (-0.376153,-0.00972698)
 (-0.378106,-0.00985435)
 (-0.380085,-0.00998457)
   (-0.38209,-0.0101177)
  (-0.384122,-0.0102539)
  (-0.386182,-0.0103933)
  (-0.388269,-0.0105359)
  (-0.390385,-0.0106818)
   (-0.39253,-0.0108312)
  (-0.394706,-0.0109842)
  (-0.396912,-0.0111409)
   (-0.39915,-0.0113014)
   (-0.40142,-0.0114658)
  (-0.403723,-0.0116344)
  (-0.406059,-0.0118072)
  (-0.408431,-0.0119845)
  (-0.410838,-0.0121663)
  (-0.413282,-0.0123528)
  (-0.415763,-0.0125442)
  (-0.418283,-0.0127407)
  (-0.420842,-0.0129425)
  (-0.423442,-0.0131498)
  (-0.426083,-0.0133627)
  (-0.428768,-0.0135816)
  (-0.431496,-0.0138066)
  (-0.434269,-0.0140381)
  (-0.437089,-0.0142762)
  (-0.439957,-0.0145212)
  (-0.442874,-0.0147734)
  (-0.445842,-0.0150332)
  (-0.448862,-0.0153008)
  (-0.451935,-0.0155766)
  (-0.455064,-0.0158609)
  (-0.458251,-0.0161541)
  (-0.461496,-0.0164566)
  (-0.464801,-0.0167688)
   (-0.46817,-0.0170912)
  (-0.471603,-0.0174242)
  (-0.475103,-0.0177684)
  (-0.478672,-0.0181242)
  (-0.482312,-0.0184922)
  (-0.486027,-0.0188731)
  (-0.489817,-0.0192674)
  (-0.493687,-0.0196758)
   (-0.497639,-0.020099)
  (-0.501676,-0.0205379)
    (-0.5058,-0.0209932)
  (-0.510016,-0.0214657)
  (-0.514327,-0.0219565)
  (-0.518735,-0.0224665)
  (-0.523246,-0.0229967)
  (-0.527864,-0.0235484)
  (-0.532591,-0.0241227)
   (-0.537434,-0.024721)
  (-0.542396,-0.0253446)
  (-0.547483,-0.0259951)
    (-0.5527,-0.0266742)
  (-0.558053,-0.0273835)
   (-0.563548,-0.028125)
   (-0.56919,-0.0289007)
   (-0.574988,-0.029713)
  (-0.580947,-0.0305641)
  (-0.587076,-0.0314568)
  (-0.593383,-0.0323939)
  (-0.599877,-0.0333784)
  (-0.606567,-0.0344139)
   (-0.613462,-0.035504)
  (-0.620574,-0.0366527)
  (-0.627914,-0.0378645)
  (-0.635495,-0.0391443)
  (-0.643329,-0.0404974)
  (-0.651431,-0.0419298)
  (-0.659817,-0.0434479)
  (-0.668502,-0.0450591)
  (-0.677505,-0.0467712)
  (-0.686845,-0.0485932)
   (-0.696544,-0.050535)
  (-0.706624,-0.0526077)
   (-0.71711,-0.0548235)
  (-0.728029,-0.0571965)
  (-0.739412,-0.0597422)
   (-0.75129,-0.0624783)
  (-0.763699,-0.0654248)
  (-0.776679,-0.0686042)
  (-0.790272,-0.0720424)
  (-0.804526,-0.0757689)
  (-0.819494,-0.0798176)
  (-0.835235,-0.0842275)
  (-0.851812,-0.0890437)
  (-0.869297,-0.0943185)
   (-0.887773,-0.100113)
   (-0.907327,-0.106499)
   (-0.928062,-0.113561)
    (-0.95009,-0.121398)
    (-0.973539,-0.13013)
   (-0.998554,-0.139898)
    (-1.02529,-0.150876)
    (-1.05395,-0.163271)
    (-1.08472,-0.177337)
     (-1.11784,-0.19339)
    (-1.15358,-0.211816)
    (-1.19222,-0.233104)
    (-1.23411,-0.257867)
    (-1.27958,-0.286887)
    (-1.32903,-0.321168)
    (-1.38281,-0.362012)
    (-1.44126,-0.411119)
     (-1.50457,-0.47073)
     (-1.57269,-0.54381)
    (-1.64499,-0.634292)
    (-1.71981,-0.747351)
    (-1.79357,-0.889656)
     (-1.85927,-1.06936)
     (-1.90411,-1.29528)
     (-1.90626,-1.57393)
      (-1.8322,-1.90225)
     (-1.63996,-2.25442)
     (-1.29803,-2.56806)
    (-0.822593,-2.75178)
    (-0.300402,-2.73555)
     (0.151025,-2.52858)
     (0.458347,-2.21104)
     (0.618159,-1.87137)
     (0.666589,-1.56431)
      (0.644685,-1.3101)
     (0.583459,-1.10941)
    (0.502549,-0.955363)
    (0.413247,-0.839786)
    (0.321651,-0.755645)
    (0.230902,-0.697695)
    (0.142638,-0.662495)
    (0.0579475,-0.64825)
  (-0.0218775,-0.654629)
  (-0.0945571,-0.682552)
    (-0.155824,-0.73374)
   (-0.198146,-0.809571)
    (-0.20963,-0.908427)
    (-0.174885,-1.02082)
    (-0.081493,-1.12395)
    (0.0663555,-1.18332)
      (0.237862,-1.1704)
     (0.388371,-1.08535)
    (0.487799,-0.956645)
     (0.53269,-0.818012)
    (0.535857,-0.691191)
    (0.512868,-0.584586)
    (0.475774,-0.498715)
     (0.43233,-0.430957)
    (0.387103,-0.378044)
    (0.342706,-0.337026)
    (0.300705,-0.305454)
    (0.262155,-0.281222)
    (0.227764,-0.262251)
    (0.197646,-0.246306)
    (0.170907,-0.231324)
    (0.145811,-0.216251)
    (0.120783,-0.201383)
   (0.0952214,-0.187674)
   (0.0693798,-0.175852)
   (0.0438217,-0.166114)
   (0.0190269,-0.158216)
  (-0.00481394,-0.15167)
  (-0.0278741,-0.146007)
  (-0.0505503,-0.141041)
  (-0.0731718,-0.136897)
  (-0.0958464,-0.133827)
    (-0.11852,-0.132037)
     (-0.14108,-0.13167)
   (-0.163386,-0.132849)
   (-0.185241,-0.135714)
   (-0.206316,-0.140402)
   (-0.226074,-0.146948)
    (-0.243762,-0.15507)
   (-0.258647,-0.163857)
   (-0.270652,-0.171701)
   (-0.281058,-0.176997)
   (-0.292209,-0.179473)
   (-0.306004,-0.180641)
     (-0.3228,-0.182767)
   (-0.341615,-0.187673)
   (-0.360804,-0.196338)
   (-0.378446,-0.208897)
   (-0.392589,-0.224551)
   (-0.401688,-0.241445)
   (-0.405218,-0.256858)
   (-0.404174,-0.267722)
   (-0.401472,-0.271511)
    (-0.40158,-0.267837)
   (-0.408396,-0.259345)
   (-0.423206,-0.250201)
    (-0.444895,-0.24384)
   (-0.471417,-0.242141)
   (-0.500789,-0.245794)
   (-0.531352,-0.254806)
   (-0.561755,-0.268681)
   (-0.591147,-0.286393)
   (-0.619674,-0.306657)
   (-0.648656,-0.328886)
   (-0.679652,-0.354064)
   (-0.713163,-0.384331)
   (-0.748481,-0.421835)
   (-0.784438,-0.468441)
    (-0.819518,-0.52643)
   (-0.850768,-0.598867)
   (-0.872306,-0.688561)
    (-0.87475,-0.795489)
   (-0.846953,-0.913323)
     (-0.78143,-1.02733)
    (-0.681716,-1.11833)
     (-0.56351,-1.17312)
     (-0.446038,-1.1912)
    (-0.343567,-1.18224)
    (-0.261411,-1.16145)
    (-0.193017,-1.14306)
    (-0.123073,-1.13063)
   (-0.0394483,-1.11237)
    (0.0542257,-1.06931)
    (0.138324,-0.992108)
    (0.192574,-0.890071)
    (0.210193,-0.782352)
    (0.197086,-0.684365)
    (0.163327,-0.603063)
    (0.117345,-0.539431)
    (0.064614,-0.492065)
  (0.00841512,-0.459163)
  (-0.0492782,-0.439173)
   (-0.107305,-0.430955)
   (-0.165013,-0.433945)
   (-0.221893,-0.448329)
   (-0.277069,-0.475107)
   (-0.328723,-0.515899)
   (-0.373485,-0.572522)
   (-0.405773,-0.646074)
   (-0.417537,-0.735038)
   (-0.399793,-0.832574)
     (-0.34719,-0.92498)
   (-0.264279,-0.995052)
     (-0.167212,-1.0318)
   (-0.0745491,-1.03895)
   (0.00626207,-1.03058)
    (0.0814069,-1.01686)
    (0.160067,-0.995463)
     (0.24258,-0.956037)
    (0.318394,-0.891669)
    (0.373852,-0.805911)
    (0.401104,-0.710601)
     (0.40112,-0.618653)
    (0.380563,-0.538584)
    (0.347232,-0.473696)
     (0.30753,-0.423871)
    (0.266001,-0.387461)
    (0.225767,-0.362334)
    (0.189076,-0.346192)
    (0.157558,-0.336418)
    (0.131944,-0.329849)
    (0.111349,-0.323135)
   (0.0930462,-0.314072)
   (0.0738394,-0.302842)
   (0.0519909,-0.291365)
   (0.0275063,-0.281488)
  (0.00104823,-0.274174)
  (-0.0268298,-0.269854)
  (-0.0557322,-0.268879)
  (-0.0851928,-0.271653)
   (-0.114553,-0.278464)
    (-0.14318,-0.289342)
   (-0.170669,-0.304356)
   (-0.196465,-0.324007)
   (-0.219102,-0.348878)
   (-0.236147,-0.378436)
   (-0.245542,-0.410085)
   (-0.247672,-0.439945)
   (-0.245944,-0.465698)
   (-0.244057,-0.488907)
    (-0.242255,-0.51347)
   (-0.236982,-0.541385)
    (-0.22442,-0.570515)
    (-0.20386,-0.596593)
   (-0.177273,-0.616538)
     (-0.14693,-0.62882)
   (-0.115367,-0.631972)
   (-0.0869434,-0.62541)
   (-0.066808,-0.612203)
  (-0.0567411,-0.599242)
   (-0.0526512,-0.59302)
  (-0.0467538,-0.595057)
   (-0.0323424,-0.60054)
 (-0.00843944,-0.600774)
   (0.0186472,-0.589175)
   (0.0401364,-0.566648)
    (0.052109,-0.539698)
   (0.0567828,-0.513486)
   (0.0575256,-0.488356)
   (0.0544945,-0.462521)
    (0.0454348,-0.43637)
   (0.0294286,-0.413036)
  (0.00846693,-0.395629)
   (-0.0139029,-0.38511)
  (-0.0344297,-0.380055)
   (-0.051516,-0.377309)
   (-0.0661979,-0.37334)
   (-0.0819451,-0.36637)
   (-0.102564,-0.357751)
   (-0.129864,-0.350969)
    (-0.16332,-0.349516)
   (-0.201224,-0.355859)
   (-0.241596,-0.371678)
   (-0.282341,-0.398413)
    (-0.32088,-0.437572)
   (-0.353529,-0.490608)
    (-0.374865,-0.55821)
    (-0.377443,-0.63889)
   (-0.352417,-0.726757)
   (-0.292597,-0.808771)
     (-0.19967,-0.86492)
   (-0.0908241,-0.87737)
  (0.00703884,-0.844338)
   (0.0739386,-0.781793)
    (0.105509,-0.710676)
    (0.107995,-0.646023)
   (0.0904359,-0.595404)
   (0.0608692,-0.561764)
   (0.0259181,-0.546025)
 (-0.00830642,-0.548178)
  (-0.0353396,-0.567037)
  (-0.0481733,-0.599129)
  (-0.0403243,-0.637063)
 (-0.00922954,-0.668555)
   (0.0386607,-0.679581)
   (0.0873865,-0.663209)
    (0.120657,-0.625621)
     (0.13177,-0.580708)
      (0.12368,-0.54037)
     (0.103045,-0.51074)
   (0.0761278,-0.493814)
   (0.0481212,-0.489685)
   (0.0237192,-0.497228)
  (0.00716548,-0.513781)
  (0.00152816,-0.534874)
  (0.00745756,-0.554504)
   (0.0216756,-0.566761)
   (0.0373506,-0.569405)
   (0.0484298,-0.565997)
   (0.0540005,-0.562936)
   (0.0582075,-0.564628)
   (0.0672516,-0.570818)
   (0.0857422,-0.576174)
    (0.112914,-0.572382)
     (0.141266,-0.55348)
    (0.160701,-0.520799)
     (0.16517,-0.482098)
    (0.155248,-0.446049)
     (0.13573,-0.418046)
     (0.112343,-0.39954)
   (0.0898341,-0.388928)
     (0.07083,-0.382551)
   (0.0548702,-0.376204)
   (0.0386814,-0.367522)
   (0.0185537,-0.357418)
 (-0.00727417,-0.348896)
  (-0.0384405,-0.344941)
  (-0.0735457,-0.347683)
   (-0.110839,-0.358581)
   (-0.148362,-0.378666)
   (-0.183949,-0.408649)
   (-0.215152,-0.449048)
   (-0.238829,-0.500253)
   (-0.250354,-0.561916)
   (-0.243413,-0.630975)
   (-0.212405,-0.699069)
   (-0.158023,-0.753111)
  (-0.0908014,-0.782324)
  (-0.0256944,-0.786074)
   (0.0273586,-0.772469)
   (0.0658903,-0.751095)
   (0.0919729,-0.729283)
    (0.110079,-0.711437)
    (0.125374,-0.698551)
     (0.141789,-0.68875)
     (0.16097,-0.678619)
    (0.181733,-0.664766)
    (0.200788,-0.646069)
    (0.215564,-0.624415)
    (0.226074,-0.602517)
    (0.234052,-0.581785)
    (0.241493,-0.561968)
     (0.24982,-0.541334)
    (0.258779,-0.516865)
     (0.265058,-0.48597)
    (0.263477,-0.449568)
    (0.250882,-0.412395)
     (0.22805,-0.379739)
    (0.198116,-0.354803)
    (0.164408,-0.338568)
    (0.129429,-0.330837)
   (0.0949244,-0.331255)
   (0.0625836,-0.339757)
   (0.0347991,-0.356176)
    (0.014818,-0.379175)
  (0.00572606,-0.405047)
   (0.0080865,-0.427675)
    (0.0178639,-0.44122)
    (0.027964,-0.444202)
   (0.0330117,-0.440117)
   (0.0318673,-0.433709)
   (0.0259361,-0.427845)
   (0.0167634,-0.423409)
  (0.00510441,-0.420391)
 (-0.00913965,-0.418758)
  (-0.0265352,-0.419187)
  (-0.0471602,-0.423216)
   (-0.070077,-0.432415)
  (-0.0938037,-0.447773)
   (-0.116711,-0.469836)
   (-0.136975,-0.498768)
   (-0.152654,-0.534217)
   (-0.161792,-0.575259)
   (-0.162601,-0.620079)
   (-0.154519,-0.665925)
   (-0.139055,-0.710895)
   (-0.117644,-0.756171)
    (-0.087594,-0.80436)
  (-0.0418191,-0.853773)
     (0.025056,-0.89459)
    (0.108715,-0.912879)
    (0.194616,-0.901144)
    (0.267664,-0.863942)
    (0.320663,-0.812304)
    (0.353595,-0.756154)
    (0.369439,-0.702215)
    (0.372205,-0.655015)
      (0.36695,-0.61724)
    (0.359225,-0.588776)
     (0.35296,-0.566496)
    (0.348549,-0.546362)
    (0.343723,-0.526653)
    (0.336999,-0.508677)
    (0.329568,-0.493987)
    (0.323556,-0.481951)
    (0.319507,-0.470437)
    (0.316241,-0.458094)
    (0.312678,-0.444987)
    (0.308584,-0.431182)
    (0.303293,-0.416121)
    (0.295063,-0.400037)
    (0.282581,-0.384945)
    (0.266448,-0.373514)
    (0.248907,-0.367402)
    (0.232642,-0.366654)
     (0.219864,-0.37001)
    (0.211925,-0.375423)
    (0.209199,-0.380469)
     (0.211032,-0.38267)
    (0.215636,-0.379781)
    (0.219857,-0.370447)
    (0.219747,-0.355487)
    (0.212583,-0.338241)
    (0.198366,-0.322843)
     (0.17926,-0.312235)
     (0.158184,-0.30757)
    (0.137868,-0.308472)
    (0.120311,-0.313423)
    (0.106382,-0.320273)
    (0.0957292,-0.32689)
   (0.0869746,-0.331702)
   (0.0781078,-0.334173)
    (0.0672166,-0.33496)
   (0.0530114,-0.335501)
    (0.034877,-0.337635)
   (0.0129142,-0.343442)
  (-0.0119953,-0.355015)
  (-0.0382359,-0.374283)
  (-0.0633828,-0.402981)
  (-0.0838183,-0.442385)
  (-0.0944586,-0.492418)
  (-0.0892475,-0.550315)
  (-0.0627578,-0.609427)
   (-0.0130987,-0.65903)
   (0.0544891,-0.686847)
    (0.126809,-0.685252)
    (0.188317,-0.656715)
    (0.229301,-0.612084)
    (0.248819,-0.563464)
      (0.251487,-0.5189)
    (0.243066,-0.481608)
    (0.227864,-0.451672)
    (0.208096,-0.428184)
    (0.184676,-0.410696)
    (0.158261,-0.399397)
    (0.129634,-0.394781)
   (0.0997894,-0.397548)
   (0.0701794,-0.408522)
    (0.042877,-0.428353)
    (0.0206198,-0.45726)
  (0.00703703,-0.494631)
  (0.00662985,-0.537839)
     (0.02308,-0.580744)
   (0.0558282,-0.614364)
   (0.0982474,-0.631023)
    (0.140227,-0.628506)
     (0.172508,-0.61065)
    (0.189869,-0.585443)
    (0.192624,-0.561616)
    (0.185222,-0.545212)
     (0.17339,-0.538617)
     (0.16229,-0.541375)
    (0.155696,-0.551197)
      (0.15578,-0.56504)
    (0.163669,-0.579744)
    (0.179776,-0.591504)
     (0.20246,-0.595513)
    (0.226599,-0.588015)
    (0.245104,-0.569217)
    (0.252251,-0.543601)
    (0.245799,-0.517997)
    (0.227422,-0.499158)
    (0.201659,-0.491791)
     (0.174214,-0.49787)
    (0.150672,-0.516971)
      (0.135892,-0.5469)
    (0.134059,-0.584115)
    (0.148714,-0.623053)
    (0.180696,-0.655179)
    (0.224705,-0.671526)
    (0.270297,-0.668675)
    (0.308572,-0.650571)
    (0.336091,-0.623405)
    (0.352216,-0.591564)
    (0.356361,-0.558704)
    (0.348781,-0.529307)
    (0.331916,-0.507818)
    (0.310063,-0.497082)
    (0.288181,-0.497653)
     (0.270642,-0.50788)
    (0.260261,-0.524702)
    (0.258159,-0.544884)
    (0.264617,-0.565722)
    (0.279921,-0.584392)
    (0.303331,-0.596659)
    (0.330408,-0.598232)
    (0.353629,-0.589371)
    (0.368151,-0.576354)
    (0.375851,-0.566507)
    (0.383097,-0.562517)
     (0.395334,-0.56118)
    (0.413146,-0.556755)
    (0.432917,-0.545794)
    (0.450784,-0.528468)
    (0.464493,-0.506293)
    (0.472448,-0.481027)
    (0.473686,-0.455293)
     (0.46897,-0.432132)
    (0.460789,-0.413482)
    (0.452133,-0.399238)
    (0.444929,-0.387406)
    (0.438888,-0.375467)
    (0.431929,-0.362354)
    (0.422104,-0.349182)
    (0.409077,-0.338136)
    (0.394075,-0.330987)
    (0.379067,-0.328439)
    (0.366082,-0.330095)
    (0.356722,-0.334657)
    (0.351892,-0.340205)
    (0.351527,-0.344423)
    (0.354192,-0.345184)
    (0.357392,-0.341678)
     (0.35897,-0.334796)
    (0.358078,-0.326093)
    (0.354822,-0.316725)
    (0.349571,-0.307226)
     (0.34251,-0.297703)
    (0.333458,-0.288195)
    (0.322008,-0.279024)
    (0.307835,-0.270885)
    (0.290974,-0.264738)
    (0.271961,-0.261512)
    (0.251736,-0.261752)
    (0.231253,-0.265415)
    (0.211012,-0.272068)
    (0.190927,-0.281491)
    (0.170863,-0.294123)
    (0.151294,-0.310775)
    (0.133323,-0.332001)
     (0.118333,-0.35784)
    (0.107713,-0.387849)
    (0.102747,-0.421239)
    (0.104773,-0.456947)
    (0.115374,-0.493152)
    (0.135609,-0.526456)
    (0.164204,-0.552253)
     (0.196632,-0.56709)
    (0.226802,-0.571074)
    (0.249927,-0.567998)
    (0.264455,-0.563712)
    (0.272742,-0.563757)
    (0.280061,-0.570946)
    (0.292296,-0.584152)
     (0.313412,-0.59866)
    (0.343344,-0.608079)
     (0.377772,-0.60778)
    (0.411054,-0.597308)
    (0.439536,-0.579139)
     (0.46189,-0.555967)
    (0.477658,-0.529725)
    (0.486421,-0.502095)
    (0.487968,-0.475067)
    (0.482829,-0.450871)
    (0.472443,-0.431401)
    (0.458768,-0.417756)
    (0.443789,-0.410237)
     (0.429201,-0.40858)
    (0.416359,-0.412355)
    (0.406722,-0.421144)
     (0.402125,-0.43391)
    (0.403975,-0.448433)
    (0.412267,-0.461969)
    (0.425757,-0.472407)
    (0.442852,-0.478632)
    (0.462238,-0.480022)
    (0.482504,-0.475772)
    (0.501266,-0.465424)
    (0.515726,-0.450144)
    (0.524176,-0.432626)
    (0.526588,-0.415973)
    (0.524434,-0.402784)
     (0.520121,-0.39452)
    (0.516236,-0.391419)
    (0.515243,-0.392814)
    (0.519523,-0.396943)
     (0.530512,-0.40044)
    (0.547187,-0.399245)
      (0.566147,-0.3908)
    (0.583475,-0.375031)
     (0.596101,-0.35368)
     (0.60228,-0.329577)
    (0.601959,-0.305898)
    (0.596669,-0.285142)
    (0.588748,-0.268419)
    (0.580375,-0.255452)
    (0.572996,-0.245057)
    (0.567072,-0.235621)
    (0.561909,-0.225746)
      (0.556099,-0.2151)
     (0.54865,-0.204541)
    (0.539611,-0.195242)
    (0.529756,-0.187929)
    (0.520114,-0.182678)
     (0.51156,-0.178855)
    (0.504251,-0.175319)
    (0.497364,-0.171233)
    (0.489775,-0.166792)
     (0.48102,-0.162941)
    (0.471443,-0.160532)
    (0.461696,-0.159939)
    (0.452394,-0.161199)
      (0.444062,-0.1642)
    (0.437219,-0.168743)
     (0.43244,-0.174459)
     (0.43028,-0.180642)
    (0.430984,-0.186153)
    (0.434102,-0.189652)
    (0.438368,-0.190143)
    (0.442051,-0.187516)
    (0.443641,-0.182733)
    (0.442566,-0.177438)
    (0.439354,-0.173093)
    (0.435086,-0.170385)
    (0.430764,-0.169259)
    (0.426974,-0.169236)
    (0.423775,-0.169821)
     (0.42097,-0.170949)
    (0.418723,-0.172944)
    (0.417806,-0.175866)
    (0.419084,-0.178918)
    (0.422625,-0.180594)
     (0.42729,-0.179613)
     (0.43133,-0.175833)
    (0.433489,-0.170251)
    (0.433515,-0.164131)
     (0.43176,-0.158322)
    (0.428678,-0.153278)
    (0.424747,-0.149253)
    (0.420479,-0.146225)
    (0.416124,-0.143883)
     (0.411539,-0.14204)
    (0.406592,-0.140898)
    (0.401491,-0.140709)
    (0.396538,-0.141465)
    (0.391868,-0.143065)
    (0.387587,-0.145505)
    (0.383881,-0.148739)
    (0.380858,-0.152643)
     (0.37857,-0.157191)
     (0.377199,-0.16239)
    (0.376937,-0.168131)
    (0.377947,-0.174412)
     (0.380797,-0.18127)
    (0.386457,-0.188028)
     (0.39529,-0.192916)
    (0.406029,-0.193992)
    (0.416124,-0.190742)
    (0.423427,-0.184596)
     (0.427414,-0.17779)
    (0.428911,-0.172013)
    (0.429196,-0.168031)
    (0.429535,-0.165956)
    (0.431151,-0.165338)
    (0.434959,-0.165004)
     (0.44094,-0.163232)
    (0.447778,-0.158666)
    (0.453589,-0.151308)
    (0.457231,-0.142362)
     (0.458732,-0.13306)
    (0.458552,-0.123947)
    (0.456877,-0.115193)
    (0.453717,-0.107164)
    (0.449367,-0.100401)
    (0.44446,-0.0952184)
   (0.439668,-0.0915406)
    (0.435491,-0.089039)
    (0.432239,-0.087249)
   (0.429985,-0.0856217)
    (0.42852,-0.0836749)
   (0.427484,-0.0811473)
   (0.426533,-0.0779417)
   (0.425289,-0.0740404)
   (0.423323,-0.0696348)
   (0.420374,-0.0651795)
   (0.416492,-0.0611854)
   (0.411959,-0.0580257)
   (0.407151,-0.0558985)
   (0.402474,-0.0548468)
   (0.398338,-0.0547544)
   (0.395082,-0.0553243)
   (0.392865,-0.0561194)
   (0.391607,-0.0567167)
    (0.39111,-0.0568294)
   (0.391161,-0.0562323)
   (0.391423,-0.0547099)
    (0.39139,-0.0522575)
   (0.390642,-0.0492267)
   (0.389116,-0.0461042)
    (0.387014,-0.043202)
   (0.384556,-0.0406119)
   (0.381875,-0.0383414)
    (0.379062,-0.036401)
   (0.376219,-0.0347947)
     (0.373447,-0.03349)
   (0.370826,-0.0324154)
   (0.368394,-0.0314809)
   (0.366155,-0.0305958)
    (0.364074,-0.029676)
   (0.362082,-0.0286609)
   (0.360088,-0.0275398)
    (0.35802,-0.0263476)
    (0.355834,-0.025139)
    (0.35351,-0.0239848)
   (0.351072,-0.0229631)
    (0.34859,-0.0221231)
    (0.346145,-0.021459)
   (0.343791,-0.0209204)
   (0.341538,-0.0204405)
   (0.339354,-0.0199655)
   (0.337176,-0.0194779)
   (0.334948,-0.0190089)
   (0.332648,-0.0186237)
   (0.330302,-0.0183854)
   (0.327966,-0.0183252)
   (0.325692,-0.0184435)
   (0.323518,-0.0187265)
   (0.321474,-0.0191577)
   (0.319585,-0.0197206)
   (0.317876,-0.0204029)
   (0.316382,-0.0211925)
   (0.315159,-0.0220637)
   (0.314272,-0.0229541)
   (0.313768,-0.0237482)
   (0.313632,-0.0242934)
   (0.313775,-0.0244363)
    (0.314021,-0.024061)
   (0.314129,-0.0231556)
     (0.313883,-0.02185)
   (0.313176,-0.0203588)
   (0.312029,-0.0188943)
   (0.310544,-0.0176077)
   (0.308858,-0.0165648)
   (0.307087,-0.0157581)
     (0.3053,-0.0151448)
   (0.303521,-0.0146843)
   (0.301758,-0.0143534)
   (0.300012,-0.0141457)
   (0.298293,-0.0140662)
   (0.296619,-0.0141199)
   (0.295014,-0.0143035)
   (0.293493,-0.0146141)
   (0.292074,-0.0150648)
    (0.290808,-0.015674)
   (0.289779,-0.0164351)
   (0.289095,-0.0172863)
   (0.288842,-0.0180872)
   (0.289023,-0.0186252)
   (0.289503,-0.0186873)
   (0.290027,-0.0181637)
     (0.29031,-0.017114)
   (0.290167,-0.0157456)
   (0.289571,-0.0143033)
   (0.288618,-0.0129608)
   (0.287431,-0.0117917)
    (0.28611,-0.0108044)
   (0.28472,-0.00998354)
  (0.283305,-0.00930894)
  (0.281897,-0.00875681)
  (0.280515,-0.00830071)
  (0.279167,-0.00791561)
  (0.277851,-0.00758294)
  (0.276561,-0.00729242)
     (0.275295,-0.00704)
  (0.274051,-0.00682409)
  (0.272834,-0.00664251)
   (0.271645,-0.0064913)
  (0.270487,-0.00636481)
   (0.26936,-0.00625717)
   (0.268261,-0.0061645)
  (0.267189,-0.00608613)
  (0.266145,-0.00602244)
  (0.265136,-0.00597032)
  (0.264165,-0.00592032)
  (0.263232,-0.00585824)
  (0.262324,-0.00577216)
  (0.261423,-0.00566015)
  (0.260515,-0.00553111)
  (0.259596,-0.00539858)
  (0.258668,-0.00527387)
  (0.257739,-0.00516325)
  (0.256816,-0.00506807)
  (0.255905,-0.00498557)
  (0.255011,-0.00491017)
  (0.254132,-0.00483581)
  (0.253264,-0.00475891)
    (0.2524,-0.00468015)
   (0.25154,-0.00460329)
  (0.250682,-0.00453223)
  (0.249831,-0.00446923)
  (0.248988,-0.00441475)
  (0.248157,-0.00436762)
  (0.247339,-0.00432501)
  (0.246536,-0.00428295)
  (0.245744,-0.00423804)
  (0.244959,-0.00418964)
  (0.244178,-0.00414022)
   (0.243401,-0.0040931)
   (0.24263,-0.00405003)
  (0.241868,-0.00401056)
  (0.241114,-0.00397269)
  (0.240369,-0.00393442)
  (0.239631,-0.00389517)
  (0.238897,-0.00385612)
  (0.238168,-0.00381895)
  (0.237446,-0.00378446)
  (0.236731,-0.00375223)
  (0.236024,-0.00372116)
  (0.235325,-0.00369007)
  (0.234633,-0.00365813)
  (0.233948,-0.00362504)
  (0.233269,-0.00359052)
  (0.232595,-0.00355395)
  (0.231926,-0.00351487)
   (0.23126,-0.00347382)
  (0.230594,-0.00343231)
  (0.229931,-0.00339201)
   (0.22927,-0.00335399)
  (0.228612,-0.00331859)
   (0.227959,-0.0032857)
   (0.22731,-0.00325501)
  (0.226666,-0.00322618)
  (0.226028,-0.00319894)
  (0.225394,-0.00317306)
   (0.224765,-0.0031484)
  (0.224141,-0.00312483)
  (0.223522,-0.00310217)
  (0.222909,-0.00308016)
    (0.2223,-0.00305844)
  (0.221696,-0.00303673)
    (0.221096,-0.003015)
   (0.220501,-0.0029934)
   (0.219909,-0.0029721)
   (0.21932,-0.00295118)
  (0.218736,-0.00293067)
  (0.218155,-0.00291066)
  (0.217578,-0.00289128)
  (0.217004,-0.00287268)
  (0.216434,-0.00285491)
  (0.215867,-0.00283802)
  (0.215304,-0.00282203)
  (0.214745,-0.00280702)
   (0.21419,-0.00279312)
  (0.213638,-0.00278044)
   (0.21309,-0.00276902)
  (0.212547,-0.00275879)
  (0.212007,-0.00274976)